0
0
0
0
2 1 4 3 0
11 13 5 6 9 18 7 17 10 14 0 2 1 3 4
11 5 13 6 7 10 9 17 14 18 0 2 1 3 4
5 11 13 6 10 9 7 17 14 0 18 1 4
5 11 13 6 10 9 7 17 14 18 0 1
5 11 13 6 10 9 7 14 17 18 0 1
5 11 6 13 10 9 7 14 17 18 0 1
5 11 6 13 10 9 7 14 17 18 0 1
5 11 6 13 10 9 7 14 17 18 0 1
5 11 6 13 10 7 9 14 17 18 0 1
5 6 11 13 10 7 9 14 17 18 0 1
5 6 11 13 10 7 9 14 17 18 0 1
5 6 13 10 11 7 9 14 17 18 0 1
5 6 13 10 7 11 9 14 17 18 0 1
5 6 13 10 7 9 11 14 17 18 0 1
5 6 13 10 7 9 11 14 17 18 0 1
5 6 13 10 7 9 11 14 17 18 0 1
5 6 13 10 7 9 11 14 17 18 0 1
5 6 13 10 7 9 11 14 17 18 0 1
5 6 13 10 7 9 14 11 17 18 0 1
5 6 13 10 7 9 14 17 11 18 0 1
5 6 13 10 7 9 14 17 11 18 0 1
5 6 13 10 7 9 14 17 11 18 0 1
5 6 13 10 7 9 14 17 11 18 0 1
5 6 13 10 7 9 14 17 18 11 0 1
5 6 13 10 7 9 14 17 18 11 0 1
5 6 13 10 7 9 14 17 18 11 0 1
5 6 13 10 7 9 14 17 18 11 0 1
5 6 13 10 7 9 14 17 18 0 11 1
5 6 13 10 7 9 14 17 18 0 11 1
5 6 13 10 7 9 14 17 18 0 11 1
5 6 13 10 7 9 14 17 18 0 11 1
5 6 13 10 7 9 14 17 18 0 11 1
5 6 13 10 7 9 14 17 18 0 11 1
5 6 13 10 7 9 14 17 18 0 11 1
5 6 13 10 7 9 14 17 18 0 11 1
5 6 13 10 7 9 14 17 18 0 11 1
5 6 13 10 7 9 14 17 18 0 11 1
5 6 10 13 7 9 14 17 18 0 11 1
5 6 10 13 7 9 14 17 18 0 11 1
5 6 10 13 7 9 14 17 18 0 11 1
5 6 10 13 7 9 14 17 18 0 1 11
5 6 10 13 7 9 14 17 18 0 1 11
5 6 10 13 7 9 14 17 18 0 1 11
5 6 10 13 7 9 14 17 18 0 1 11
5 6 10 13 7 9 14 17 18 0 1 11
5 6 10 13 7 9 14 17 18 0 1 11
5 6 10 13 7 9 14 17 18 0 1 11
5 6 10 13 7 9 14 17 18 0 1 11
5 6 10 13 7 9 14 17 18 0 1 11
5 6 10 13 7 9 14 17 18 0 1 11
5 6 10 13 7 9 14 17 18 0 1 11
5 6 10 13 7 9 14 17 18 0 1 11
5 6 10 13 7 9 14 17 18 0 1 11
5 6 10 13 7 9 14 17 18 0 1 11
5 6 10 13 7 9 14 17 18 0 1 11
5 6 10 13 7 9 14 17 18 0 1 11
5 6 10 13 7 9 14 17 18 0 1 11
5 6 10 13 7 9 14 17 18 0 1 11
5 6 10 13 7 9 14 17 18 0 1 11
5 6 10 13 7 9 14 17 18 0 1 11
5 6 10 13 7 9 14 17 18 0 1 11
5 6 10 13 7 9 14 17 18 0 1 11
5 6 10 13 7 9 14 17 18 0 1 11
5 6 10 13 7 9 14 17 18 0 1 11
5 6 10 13 7 9 14 17 18 0 1 11
5 6 10 13 7 9 14 17 18 0 1 11
5 6 10 13 7 9 14 17 18 0 1 11
5 6 10 13 7 9 14 17 18 0 1 11
5 6 10 13 7 9 14 17 18 0 1 11
5 6 10 13 7 9 14 17 18 0 1 11
5 6 10 13 7 9 14 17 18 0 1 11
5 6 10 13 7 9 14 17 18 0 1 11
5 6 10 13 7 9 14 17 18 0 1 11
5 6 10 13 7 9 14 17 18 0 1 11
5 6 10 13 7 9 14 17 18 0 1 11
5 6 10 13 7 9 14 17 18 0 1 11
5 6 10 13 7 9 14 17 18 0 1 11
5 6 10 13 7 9 14 17 18 0 1 11
5 6 10 13 7 9 14 17 18 0 1 11
5 6 10 13 7 9 14 17 18 0 1 11
5 6 10 13 7 9 14 17 18 0 1 11
5 6 10 13 7 9 14 17 18 0 1 11
5 6 10 13 7 9 14 17 18 0 1 11
5 6 10 13 7 9 14 17 18 0 1 11
5 6 10 13 7 9 14 17 18 0 1 11
5 6 10 13 7 9 14 17 18 0 1 11
5 6 10 13 7 9 14 17 18 0 1 11
0 1 2 3 4 5 6 7 8 9 10 11
0 1 2 3 4 5 6 7 8 9 10 11
0 1 2 3 4 5 6 7 8 9 10 11
9 4 1 8 2 6 7 0 5 3 11 10
24 20 12 16 21 17 0 6 13 7 14 29 25 30 28 4 2 1 5 8 3 9 11 10
24 12 20 16 21 17 0 6 13 14 7 25 29 28 30 4 2 5 1 8 9 11 10 3
12 24 16 20 21 17 0 6 14 13 25 7 29 28 30 4 2 5 8 1 9 11 10 3
13 12 16 24 20 21 0 17 6 14 4 7 28 30 2 1 9 3
13 12 16 21 24 0 20 17 6 14 4 28 1 7 2 3
13 12 16 0 21 24 20 17 14 6 4 28 1 7 2
13 12 16 0 21 24 14 20 17 6 4 28 1 7 2
13 12 16 0 14 21 24 17 6 20 4 28 1 2
13 12 14 0 16 21 24 17 6 20 4 28 1 2
13 14 0 12 16 21 24 17 6 20 2 28 1
13 14 0 12 16 21 24 17 6 20 2 28 1
13 14 0 16 12 21 24 17 6 20 2 28 1
13 14 16 0 12 21 24 17 6 20 2 28 1
14 13 16 0 12 21 24 17 6 20 28 2 1
14 13 16 0 12 21 24 17 6 20 28 2 1
14 13 16 0 12 21 24 17 6 20 28 2 1
14 13 16 0 12 21 24 17 6 28 20 2 1
14 13 16 0 12 21 24 17 6 28 20 2 1
14 13 16 0 12 21 24 17 6 28 20 2 1
14 16 13 0 12 24 21 17 6 28 20 2 1
14 16 13 0 12 24 21 17 6 28 20 2 1
14 16 13 0 12 24 21 17 6 28 20 2 1
14 16 13 0 12 24 21 17 6 28 20 2 1
14 16 13 0 12 24 21 17 6 28 20 2 1
14 16 13 0 12 24 21 17 6 28 20 2 1
14 16 13 0 12 24 21 17 6 28 20 2 1
14 16 13 0 12 24 21 17 6 28 20 2 1
14 16 13 0 12 24 21 17 6 28 20 2 1
14 16 13 0 12 24 21 17 6 28 20 2 1
14 16 13 0 12 24 21 17 6 28 20 2 1
14 16 13 0 12 24 21 17 6 28 20 2 1
14 16 13 0 12 24 21 17 6 28 20 2 1
14 16 13 0 12 24 21 17 6 28 20 2 1
14 16 13 0 12 24 21 17 6 28 20 2 1
14 16 13 0 12 24 21 17 6 28 20 2 1
14 16 13 0 12 24 21 17 6 28 20 2 1
14 16 13 0 12 24 21 17 6 28 20 2 1
14 16 13 0 12 24 21 17 6 28 20 2 1
14 16 13 0 12 24 21 17 6 28 20 2 1
14 16 13 0 12 24 21 17 6 28 20 2 1
14 16 13 0 12 24 21 17 6 28 20 2 1
14 16 13 0 12 24 21 17 6 28 20 2 1
14 16 13 0 12 24 21 17 6 28 20 2 1
14 16 13 0 12 24 21 17 6 28 20 2 1
14 16 13 0 12 24 21 17 6 28 20 2 1
14 16 13 0 12 24 21 17 6 28 20 2 1
14 16 13 0 12 24 21 17 6 28 20 2 1
14 16 13 0 12 24 21 17 6 28 20 2 1
14 16 13 0 12 24 21 17 6 28 20 2 1
14 16 13 0 12 24 21 17 6 28 20 2 1
14 16 13 0 12 24 21 17 6 28 20 2 1
14 16 13 0 12 24 21 17 6 28 20 2 1
14 16 13 0 12 24 21 17 6 28 20 2 1
14 16 13 0 12 24 21 17 6 28 20 2 1
14 16 13 0 12 24 21 17 6 28 20 2 1
14 16 13 0 12 24 21 17 6 28 20 2 1
14 16 13 0 12 24 21 17 6 28 20 2 1
14 16 13 0 12 24 21 17 6 28 20 2 1
14 16 13 0 12 24 21 17 6 28 20 2 1
0 1 2 3 4 5 6 7 8 9 10 11 12
0 1 2 3 4 5 6 7 8 9 10 11 12
0 1 2 3 4 5 6 7 8 9 10 11 12
1 4 2 5 0 3 7 6 8 9 11 10 12
4 1 0 2 5 3 6 7 8 9 11 10 12
4 1 0 2 3 5 6 7 8 9 10 11 12
4 1 0 2 3 5 6 7 8 9 10 11 12
4 1 0 2 3 5 6 7 8 9 10 11 12
4 1 0 2 3 5 6 7 8 9 10 11 12
4 1 0 2 3 5 6 7 8 9 10 11 12
4 1 0 2 3 5 6 7 8 9 10 11 12
4 1 0 2 3 5 6 7 8 9 10 11 12
4 1 0 2 3 5 6 7 8 9 10 11 12
4 1 0 2 3 5 6 7 8 9 10 11 12
4 1 0 2 3 5 6 7 8 9 10 11 12
4 1 0 2 3 5 6 7 8 9 10 11 12
4 1 0 2 3 5 6 7 8 9 10 11 12
4 1 0 2 3 5 6 7 8 9 10 11 12
4 1 0 2 3 5 6 7 8 9 10 11 12
4 1 0 2 3 5 6 7 8 9 10 11 12
4 1 0 2 3 5 6 7 8 9 10 11 12
4 1 0 2 3 5 6 7 8 9 10 11 12
4 1 0 2 3 5 6 7 8 9 10 11 12
4 1 0 2 3 5 6 7 8 9 10 11 12
4 1 0 2 3 5 6 7 8 9 10 11 12
4 1 0 2 3 5 6 7 8 9 10 11 12
4 1 0 2 3 5 6 7 8 9 10 11 12
4 1 0 2 3 5 6 7 8 9 10 11 12
4 1 0 2 3 5 6 7 8 9 10 11 12
4 1 0 2 3 5 6 7 8 9 10 11 12
4 1 0 2 3 5 6 7 8 9 10 11 12
4 1 0 2 3 5 6 7 8 9 10 11 12
4 1 0 2 3 5 6 7 8 9 10 11 12
4 1 0 2 3 5 6 7 8 9 10 11 12
4 1 0 2 3 5 6 7 8 9 10 11 12
4 1 0 2 3 5 6 7 8 9 10 11 12
4 1 0 2 3 5 6 7 8 9 10 11 12
4 1 0 2 3 5 6 7 8 9 10 11 12
4 1 0 2 3 5 6 7 8 9 10 11 12
4 1 0 2 3 5 6 7 8 9 10 11 12
0 1 2 3 4 5 6 7 8 9 10 11 12
0 1 2 3 4 5 6 7 8 9 10 11 12
0 1 2 3 4 5 6 7 8 9 10 11 12
0 4 1 3 8 6 5 2 7 9 10 11 12
0 4 1 3 8 6 2 5 7 9 10 11 12
0 4 1 3 8 6 2 5 7 9 10 11 12
0 4 1 3 8 6 2 7 5 9 10 11 12
0 4 1 3 8 6 2 7 5 9 10 11 12
0 4 1 3 8 6 2 7 5 9 10 11 12
0 4 1 3 8 6 2 7 5 9 10 11 12
0 4 1 3 8 6 2 7 5 9 10 11 12
0 4 1 3 8 6 2 7 5 9 10 11 12
0 4 1 3 8 6 2 7 5 9 10 11 12
0 4 1 3 8 6 2 7 5 9 10 11 12
0 4 1 3 8 6 2 7 5 9 10 11 12
0 4 1 3 8 6 2 7 5 9 10 11 12
0 4 1 3 8 6 2 7 5 9 10 11 12
0 4 1 3 8 6 2 7 5 9 10 11 12
0 4 1 3 8 6 2 7 5 9 10 11 12
0 4 1 3 8 6 2 7 5 9 10 11 12
0 4 1 3 8 6 2 7 5 9 10 11 12
0 4 1 3 8 6 2 7 5 9 10 11 12
0 4 1 3 8 6 2 7 5 9 10 11 12
0 4 1 3 8 6 2 7 5 9 10 11 12
0 4 1 3 8 6 2 7 5 9 10 11 12
0 4 1 3 8 6 2 7 5 9 10 11 12
0 4 1 3 8 6 2 7 5 9 10 11 12
0 4 1 3 8 6 2 7 5 9 10 11 12
0 4 1 3 8 6 2 7 5 9 10 11 12
0 4 1 3 8 6 2 7 5 9 10 11 12
0 4 1 3 8 6 2 7 5 9 10 11 12
0 4 1 3 8 6 2 7 5 9 10 11 12
0 4 1 3 8 6 2 7 5 9 10 11 12
0 4 1 3 8 6 2 7 5 9 10 11 12
0 4 1 3 8 6 2 7 5 9 10 11 12
0 4 1 3 8 6 2 7 5 9 10 11 12
0 4 1 3 8 6 2 7 5 9 10 11 12
0 4 1 3 8 6 2 7 5 9 10 11 12
0 1 2 3 4 5 6 7 8 9 10 11 12
0 1 2 3 4 5 6 7 8 9 10 11 12
0 1 2 3 4 5 6 7 8 9 10 11 12
0 1 2 7 5 3 8 4 6 9 11 10 12
0 1 2 5 7 3 8 6 4 9 11 10 12
0 1 2 5 7 3 8 6 4 9 10 11 12
0 1 2 5 7 3 8 6 4 9 10 11 12
0 1 2 5 7 3 8 6 4 9 10 11 12
0 1 2 5 7 8 3 6 4 9 10 11 12
0 1 2 5 7 8 3 6 4 9 10 11 12
0 1 2 5 7 8 3 6 4 9 10 11 12
0 1 2 5 7 8 3 6 4 9 10 11 12
0 1 2 5 7 8 3 6 4 9 10 11 12
0 1 2 5 7 8 3 6 4 9 10 11 12
0 1 5 2 7 8 3 6 4 9 10 11 12
0 1 5 2 7 8 3 6 4 9 10 11 12
0 1 5 2 7 8 3 6 4 9 10 11 12
0 1 5 2 7 8 3 6 4 9 10 11 12
0 1 5 2 7 8 3 6 4 9 10 11 12
0 1 5 2 7 8 3 6 4 9 10 11 12
0 1 5 2 7 8 3 6 4 9 10 11 12
0 1 5 2 7 8 3 6 4 9 10 11 12
0 1 5 2 7 8 3 6 4 9 10 11 12
0 1 5 2 7 8 3 6 4 9 10 11 12
0 1 5 2 7 8 3 6 4 9 10 11 12
0 1 5 2 7 8 3 6 4 9 10 11 12
0 1 5 2 7 8 3 6 4 9 10 11 12
0 1 5 2 7 8 3 6 4 9 10 11 12
0 1 5 2 7 8 3 6 4 9 10 11 12
0 1 5 2 7 8 3 6 4 9 10 11 12
0 1 5 2 7 8 3 6 4 9 10 11 12
0 1 5 2 7 8 3 6 4 9 10 11 12
0 1 5 2 7 8 3 6 4 9 10 11 12
0 1 5 2 7 8 3 6 4 9 10 11 12
0 1 5 2 7 8 3 6 4 9 10 11 12
0 1 2 3 4 5 6 7 8 9 10 11 12
0 1 2 3 4 5 6 7 8 9 10 11 12
0 1 2 3 4 5 6 7 8 9 10 11 12
6 5 3 2 1 0 7 8 4 9 11 10 12
6 5 3 2 0 1 7 8 4 9 11 10 12
6 5 3 2 0 1 7 8 4 9 11 10 12
6 5 3 2 0 1 7 8 4 9 11 10 12
6 5 3 2 0 1 7 8 4 9 11 10 12
6 5 3 2 0 1 7 8 4 9 11 10 12
5 6 3 2 0 1 7 8 4 9 11 10
6 5 3 2 0 1 7 8 4 9 11 10
6 5 3 2 0 1 7 8 4 9 11 10
6 5 3 2 0 1 7 8 4 9 11 10
6 5 3 2 0 1 7 8 4 9 11 10
6 5 3 2 0 1 7 8 4 9 11 10
6 5 3 2 0 1 7 8 4 9 11 10
6 5 3 2 0 1 7 8 4 9 11 10
6 5 3 2 0 1 7 8 4 9 11 10
6 5 3 2 0 1 7 8 4 9 11 10
6 5 3 2 0 1 7 8 4 9 11 10
6 5 3 2 0 1 7 8 4 9 11 10
6 5 3 2 0 1 7 8 4 9 11 10
6 5 3 2 0 1 7 8 4 9 11 10
6 5 3 2 0 1 7 8 4 9 11 10
6 5 3 2 0 1 7 8 4 9 11 10
6 5 3 2 0 1 7 8 4 9 11 10
6 5 3 2 0 1 7 8 4 9 11 10
6 5 3 2 0 1 7 8 4 9 11 10
6 5 3 2 0 1 7 8 4 9 11 10
6 5 3 2 0 1 7 8 4 9 11 10
6 5 3 2 0 1 7 8 4 9 11 10
6 5 3 2 0 1 7 8 4 9 11 10
6 5 3 2 0 1 7 8 4 9 11 10
6 5 3 2 0 1 7 8 4 9 11 10
6 5 3 2 0 1 7 8 4 9 11 10
6 5 3 2 0 1 7 8 4 9 11 10
0 1 2 3 4 5 6 7 8 9 10 11
0 1 2 3 4 5 6 7 8 9 10 11
0 1 2 3 4 5 6 7 8 9 10 11
2 3 0 4 5 1 7 6 8 9 10 11
2 3 4 0 5 1 7 6 8 9 10 11
2 3 4 5 0 1 7 6 8 9 10 11
2 3 4 5 0 1 7 6 8 9 10 11
2 3 4 5 0 1 7 6 8 9 10 11
2 3 5 4 0 1 7 6 8 9 10 11
2 3 5 4 0 1 7 6 8 9 10 11
2 3 5 4 0 1 7 6 8 9 10 11
2 3 5 4 0 1 7 6 8 9 10 11
2 3 5 4 0 1 7 6 8 9 11 10
2 3 5 4 0 1 7 6 8 9 11 10
2 3 5 4 0 1 7 6 8 9 11 10
2 3 5 4 0 1 7 6 8 9 11 10
2 3 5 4 0 1 7 6 8 9 11 10
2 3 5 4 0 1 7 6 8 9 11 10
2 3 5 4 0 1 7 6 8 9 11 10
2 3 5 4 0 1 7 6 8 9 11 10
2 3 5 4 0 1 7 6 8 9 11 10
2 3 5 4 0 1 7 6 8 9 11 10
2 3 5 4 0 1 7 6 8 9 11 10
2 3 5 4 0 1 7 6 8 9 11 10
2 3 5 4 0 1 7 6 8 9 11 10
2 3 5 4 0 1 7 6 8 9 11 10
2 3 5 4 0 1 7 6 8 9 11 10
2 3 5 4 0 1 7 6 8 9 11 10
2 3 5 4 0 1 7 6 8 9 11 10
2 3 5 4 0 1 7 6 8 9 11 10
2 3 5 4 0 1 7 6 8 9 11 10
2 3 5 4 0 1 7 6 8 9 11 10
2 3 5 4 0 1 7 6 8 9 11 10
2 3 5 4 0 1 7 6 8 9 11 10
0 1 2 3 4 5 6 7 8 9 10 11
0 1 2 3 4 5 6 7 8 9 10 11
0 1 2 3 4 5 6 7 8 9 10 11
2 3 0 4 7 5 1 8 6 9 11 10
2 3 4 0 7 5 1 8 6 9 11 10
2 3 4 7 0 5 1 8 6 9 10 11
2 3 4 7 0 5 1 8 6 9 10 11
2 3 4 7 0 5 1 8 6 9 10 11
2 3 4 7 0 5 1 8 6 9 10 11
2 3 4 7 0 5 1 8 6 9 10 11
2 3 4 7 0 5 1 8 6 9 10 11
2 3 4 7 0 5 1 8 6 9 10 11
2 3 4 7 0 1 5 8 6 9 10 11
2 3 4 7 0 1 5 8 6 9 10 11
2 3 4 7 0 1 5 8 6 9 10 11
2 3 4 7 0 1 5 8 6 9 10 11
2 3 4 7 0 1 5 8 6 9 10 11
2 3 4 7 0 1 5 8 6 9 10 11
2 3 4 7 0 1 5 8 6 9 10 11
2 3 4 7 0 1 5 8 6 9 10 11
2 3 4 7 0 1 5 8 6 9 10 11
2 3 4 7 0 1 5 8 6 9 10 11
2 3 4 7 0 1 5 8 6 9 10 11
2 3 4 7 0 1 5 8 6 9 10 11
2 3 4 7 0 1 5 8 6 9 10 11
2 3 4 7 0 1 5 8 6 9 10 11
2 3 4 7 0 1 5 8 6 9 10 11
2 3 4 7 0 1 5 8 6 9 10 11
2 3 4 7 0 1 5 8 6 9 10 11
2 3 4 7 0 1 5 8 6 9 10 11
2 3 4 7 0 1 5 8 6 9 10 11
2 3 4 7 0 1 5 8 6 9 10 11
2 3 4 7 0 1 5 8 6 9 10 11
2 3 4 7 0 1 5 8 6 9 10 11
2 3 4 7 0 1 5 8 6 9 10 11
2 3 4 7 0 1 5 8 6 9 10 11
2 3 4 7 0 1 5 8 6 9 10 11
2 3 4 7 0 1 5 8 6 9 10 11
2 3 4 7 0 1 5 8 6 9 10 11
2 3 4 7 0 1 5 8 6 9 10 11
0 1 2 3 4 5 6 7 8 9 10 11
0 1 2 3 4 5 6 7 8 9 10 11
0 1 2 3 4 5 6 7 8 9 10 11
0 2 1 5 3 6 4 7 8 9 11 10
0 2 1 3 5 6 4 7 8 9 10 11
0 2 1 3 5 6 4 7 8 9 10 11
0 2 1 3 5 6 4 8 7 9 10 11
0 2 1 3 5 4 6 8 7 9 10 11
0 2 1 3 5 4 6 8 7 9 10 11
0 2 1 3 5 4 6 8 7 9 10 11
0 2 1 3 5 4 6 8 7 9 10 11
0 2 1 3 5 4 6 8 7 9 10 11
0 2 1 3 5 4 6 8 7 9 10 11
0 2 1 3 5 4 6 8 7 9 10 11
0 2 1 3 5 4 6 8 7 9 10 11
0 2 1 3 5 4 6 8 7 9 10 11
0 2 1 3 5 4 6 8 7 9 10 11
0 2 1 3 5 4 6 8 7 9 10 11
0 2 1 3 5 4 6 8 7 9 10 11
0 2 3 1 5 4 6 8 7 9 10 11
0 2 3 1 5 4 6 8 7 9 10 11
0 2 3 1 5 4 6 8 7 9 10 11
0 2 3 1 5 4 6 8 7 9 10 11
0 2 3 1 5 4 6 8 7 9 10 11
0 2 3 1 5 4 6 8 7 9 10 11
0 2 3 1 5 4 6 8 7 9 10 11
0 1 2 3 4 5 6 7 8 9 10 11
0 1 2 3 4 5 6 7 8 9 10 11
0 1 2 3 4 5 6 7 8 9 10 11
3 5 0 4 1 6 2 7 8 9 11 10
3 5 0 4 1 6 2 7 8 9 11 10
3 5 0 4 1 6 2 7 8 9 11 10
3 5 0 1 4 6 2 7 8 9 11 10
3 5 0 1 4 6 2 7 8 9 11 10
3 5 0 1 4 6 2 7 8 9 11 10
3 5 0 1 4 6 2 7 8 9 11 10
3 5 0 1 4 6 2 7 8 9 11 10
3 5 0 1 4 6 2 7 8 9 11 10
3 5 0 1 4 6 2 7 8 9 11 10
3 5 0 1 4 6 2 7 8 9 11 10
3 5 0 1 4 6 2 7 8 9 11 10
3 5 0 1 4 6 2 7 8 9 11 10
3 5 0 1 4 6 2 7 8 9 11 10
3 5 0 1 4 6 2 7 8 9 11 10
3 5 0 1 4 6 2 7 8 9 11 10
3 5 0 1 4 6 2 7 8 9 11 10
3 5 0 1 4 6 2 7 8 9 11 10
3 5 0 1 4 6 2 7 8 9 11 10
3 5 0 1 4 6 2 7 8 9 11 10
3 5 0 1 4 6 2 7 8 9 11 10
3 5 0 1 4 6 2 7 8 9 11 10
