1000.000
2000.000
3000.000
5000.000
1399.324 1372.165 880.770 837.499 510.241
527.287 494.435 484.112 460.148 413.745 410.904 410.608 409.878 397.659 397.093 392.126 100.888 86.616 14.501 0.000
515.313 509.194 486.394 466.638 430.888 429.770 429.428 415.954 407.141 403.343 317.701 91.917 88.311 8.007 0.000
514.010 502.455 477.724 464.842 436.957 434.676 430.012 417.412 414.369 407.094 398.248 102.199 0.000
518.273 496.516 473.639 469.461 444.674 441.532 439.898 421.217 420.291 396.478 371.520 106.501
520.367 487.983 469.964 469.193 449.633 445.564 444.295 423.685 422.044 395.354 359.240 112.679
521.726 481.678 468.872 465.654 453.204 447.863 446.871 427.178 422.366 395.141 351.898 117.550
522.708 476.978 468.651 462.205 454.956 449.010 448.260 429.747 422.537 395.075 348.934 120.939
523.496 472.677 468.542 460.239 456.099 449.592 449.333 431.245 422.630 395.072 347.213 123.862
524.080 468.721 468.478 459.328 456.967 450.202 449.879 431.932 422.677 395.092 346.170 126.474
524.630 468.425 464.351 459.008 457.567 450.956 450.013 432.129 422.726 395.061 345.216 129.917
525.115 468.365 460.012 458.888 457.875 451.488 450.082 432.182 422.770 395.002 344.525 133.696
525.496 468.322 458.838 458.046 456.031 451.885 450.096 432.195 422.815 394.923 344.112 137.241
525.812 468.284 458.816 458.134 452.195 452.055 450.085 432.197 422.862 394.834 343.979 140.748
526.071 468.264 458.807 458.169 452.438 450.060 448.304 432.197 422.911 394.739 344.142 143.899
526.265 468.259 458.806 458.170 452.620 450.024 445.335 432.200 422.956 394.664 344.666 146.036
526.435 468.283 458.822 458.149 452.759 449.944 442.472 432.206 423.019 394.599 345.978 147.333
526.600 468.390 458.887 458.155 452.832 449.723 438.681 432.239 423.125 394.571 350.086 146.710
526.779 468.530 458.993 458.134 452.992 449.254 433.483 432.283 423.297 394.608 351.753 149.893
527.000 468.734 459.113 458.113 453.138 448.885 432.355 427.344 423.495 394.647 354.087 153.088
527.124 468.963 459.196 458.063 453.316 448.675 432.398 423.659 420.728 394.721 354.313 158.844
527.219 469.165 459.253 458.040 453.555 448.578 432.425 423.784 413.647 394.794 354.409 165.132
527.227 469.401 459.299 458.007 453.826 448.541 432.444 423.888 405.929 394.863 354.661 171.915
527.237 469.706 459.344 458.008 454.094 448.551 432.475 423.974 398.195 394.951 355.640 177.826
527.197 470.045 459.361 458.002 454.208 448.614 432.500 424.016 395.028 390.169 356.577 184.283
527.166 470.465 459.354 457.996 454.208 448.677 432.520 424.014 395.081 382.446 357.301 190.774
527.167 470.984 459.326 457.991 454.179 448.744 432.538 423.981 395.117 374.472 358.162 197.339
527.179 471.568 459.224 458.006 454.187 448.819 432.551 423.942 395.145 365.743 359.498 204.138
527.367 472.211 459.090 458.090 454.241 448.987 432.622 423.932 395.163 360.682 355.191 212.424
527.545 472.734 458.965 458.256 454.421 449.170 432.689 423.954 395.279 360.509 345.370 221.107
527.653 473.095 458.886 458.313 454.395 449.277 432.722 423.995 395.395 360.627 338.427 227.216
527.730 473.308 458.817 458.360 454.325 449.350 432.741 424.043 395.490 360.946 332.976 231.912
527.791 473.418 458.754 458.376 454.271 449.409 432.757 424.096 395.576 361.533 328.073 235.946
527.864 473.497 458.702 458.390 454.208 449.469 432.774 424.168 395.653 362.329 323.003 239.944
527.938 473.577 458.632 458.413 454.143 449.532 432.801 424.241 395.732 363.184 318.341 243.468
528.021 473.649 458.572 458.441 454.102 449.604 432.822 424.348 395.818 363.897 312.063 248.664
528.105 473.702 458.529 458.455 454.059 449.673 432.840 424.485 395.914 364.171 305.757 254.312
528.198 473.747 458.501 458.494 453.974 449.730 432.858 424.639 396.004 364.465 299.111 260.279
528.309 473.789 458.497 458.493 453.917 449.793 432.876 424.821 396.110 364.626 292.655 266.113
528.426 473.827 458.540 458.489 453.835 449.846 432.897 425.040 396.206 364.538 286.345 272.012
528.522 473.853 458.594 458.482 453.719 449.874 432.908 425.262 396.269 364.427 280.412 277.677
528.609 473.867 458.639 458.482 453.639 449.892 432.915 425.498 396.320 364.155 283.457 274.527
528.679 473.875 458.690 458.475 453.519 449.894 432.916 425.764 396.356 363.960 287.805 270.067
528.744 473.878 458.738 458.472 453.424 449.888 432.916 426.029 396.382 363.770 292.585 265.174
528.798 473.882 458.774 458.472 453.333 449.884 432.917 426.241 396.402 363.631 296.498 261.167
528.851 473.883 458.808 458.472 453.251 449.876 432.916 426.448 396.419 363.544 300.515 257.018
528.902 473.888 458.839 458.471 453.167 449.870 432.917 426.607 396.437 363.621 302.716 254.567
528.956 473.898 458.859 458.473 453.104 449.871 432.921 426.725 396.462 363.770 305.221 251.740
529.015 473.914 458.876 458.474 453.064 449.884 432.924 426.817 396.492 364.161 308.551 247.829
529.079 473.933 458.850 458.483 453.050 449.906 432.942 426.879 396.541 365.289 313.200 241.847
529.193 473.985 458.828 458.481 453.092 449.971 432.967 426.946 396.623 366.213 317.110 236.591
529.317 474.038 458.802 458.468 453.178 450.052 432.990 427.009 396.725 367.219 321.083 231.119
529.414 474.081 458.811 458.440 453.251 450.115 433.001 427.062 396.797 368.251 324.807 225.969
529.513 474.140 458.836 458.405 453.372 450.195 433.026 427.113 396.901 368.737 328.489 221.273
529.607 474.190 458.869 458.373 453.488 450.261 433.044 427.157 396.989 369.204 331.095 217.722
529.699 474.225 458.883 458.355 453.592 450.308 433.057 427.191 397.057 370.170 332.194 215.269
529.815 474.271 458.923 458.346 453.731 450.368 433.063 427.241 397.149 371.408 332.097 213.589
529.977 474.339 459.005 458.335 453.921 450.467 433.078 427.306 397.297 372.467 331.361 212.447
530.149 474.414 459.106 458.355 454.091 450.561 433.087 427.387 397.399 373.758 330.168 211.524
530.351 474.481 459.199 458.392 454.280 450.661 433.096 427.468 397.503 373.563 331.943 209.064
530.486 474.511 459.237 458.439 454.387 450.694 433.098 427.527 397.540 373.015 334.448 206.620
530.588 474.521 459.267 458.487 454.448 450.704 433.095 427.568 397.554 372.618 336.465 204.686
530.656 474.518 459.278 458.540 454.482 450.696 433.091 427.587 397.553 372.421 338.761 202.417
530.724 474.524 459.301 458.597 454.523 450.701 433.097 427.605 397.573 372.318 341.884 199.153
530.790 474.536 459.323 458.644 454.568 450.715 433.109 427.623 397.601 372.512 345.356 195.222
530.860 474.559 459.354 458.685 454.613 450.741 433.127 427.645 397.631 372.821 347.685 192.278
530.934 474.594 459.384 458.721 454.668 450.783 433.153 427.675 397.673 373.438 348.696 190.282
531.021 474.631 459.418 458.758 454.733 450.831 433.173 427.705 397.716 374.292 348.367 189.354
531.106 474.668 459.432 458.787 454.818 450.888 433.208 427.737 397.765 374.798 347.734 189.059
531.177 474.697 459.436 458.823 454.884 450.927 433.234 427.764 397.791 374.393 347.631 189.244
531.198 474.697 459.413 458.858 454.902 450.923 433.248 427.769 397.785 373.209 347.775 190.223
531.160 474.666 459.339 458.905 454.814 450.865 433.258 427.753 397.726 372.556 348.337 190.620
531.127 474.635 459.265 458.946 454.727 450.818 433.268 427.734 397.681 372.623 348.730 190.446
531.111 474.617 459.210 458.976 454.663 450.789 433.273 427.724 397.657 372.757 348.798 190.425
531.101 474.606 459.172 458.993 454.616 450.774 433.276 427.716 397.644 372.834 348.592 190.676
531.096 474.601 459.144 459.003 454.580 450.767 433.278 427.711 397.638 372.847 348.136 191.199
531.092 474.596 459.125 459.008 454.552 450.763 433.278 427.707 397.635 372.819 347.685 191.740
531.088 474.592 459.109 459.011 454.528 450.759 433.278 427.702 397.633 372.686 347.131 192.481
531.077 474.584 459.099 459.007 454.504 450.753 433.275 427.695 397.630 372.473 346.272 193.630
531.067 474.579 459.094 459.003 454.480 450.747 433.272 427.689 397.627 372.285 345.561 194.596
531.058 474.574 459.086 459.000 454.457 450.742 433.271 427.683 397.624 372.284 345.196 195.024
531.050 474.570 459.080 458.997 454.439 450.739 433.271 427.678 397.622 372.326 345.087 195.141
531.045 474.569 459.074 458.997 454.424 450.738 433.271 427.676 397.621 372.351 345.081 195.152
531.042 474.568 459.070 458.997 454.413 450.738 433.271 427.674 397.621 372.369 345.098 195.138
531.041 474.568 459.067 458.997 454.405 450.738 433.272 427.673 397.622 372.381 345.120 195.117
531.040 474.567 459.064 458.997 454.400 450.739 433.272 427.672 397.622 372.389 345.136 195.101
531.040 474.567 459.062 458.997 454.396 450.739 433.272 427.672 397.622 372.395 345.150 195.086
531.040 474.567 459.061 458.997 454.393 450.739 433.272 427.672 397.622 372.399 345.162 195.074
14.058 91.435 34.999 0.798 196.355 10.005 43.489 19.199 115.299 474.361 0.000 0.002
30.572 235.078 117.648 0.798 421.530 12.004 95.590 40.545 255.783 790.449 0.000 0.002
64.906 396.306 261.226 0.798 635.820 13.146 156.424 80.147 390.895 1000.331 0.000 0.002
1277.266 1057.218 728.510 654.760 618.532 283.157 186.468 176.237 17.053 0.798 0.002 0.000
500.751 487.694 476.192 462.196 444.702 409.638 402.871 387.341 315.848 296.985 218.777 170.287 150.615 67.934 66.417 64.978 40.520 16.426 11.729 8.099 0.000 0.000 0.000 0.000
481.893 478.569 474.210 464.554 459.480 426.794 414.212 408.097 330.297 308.428 199.658 145.837 142.810 85.294 79.923 60.385 23.088 7.842 5.001 3.626 0.000 0.000 0.000 0.000
475.629 465.424 465.046 463.209 455.921 430.134 428.134 421.540 358.356 317.333 159.876 142.413 127.737 95.367 88.418 71.028 20.923 6.978 3.977 2.554 0.000 0.000 0.000 0.000
476.692 473.675 465.688 456.356 455.535 453.851 436.437 430.251 427.251 387.555 199.179 108.972 100.293 93.811 28.433 6.022 0.000 0.000
481.502 474.549 467.750 453.999 450.552 449.800 448.735 429.727 428.998 412.161 179.725 107.000 104.154 84.770 26.580 0.000
482.647 473.891 469.044 457.086 451.045 449.606 442.420 430.280 429.394 428.980 175.093 112.466 104.292 66.345 27.412
483.019 473.616 469.801 463.034 448.727 445.280 442.811 435.681 430.677 428.900 173.601 118.926 107.202 51.365 27.360
483.133 473.352 470.098 466.980 452.456 447.173 441.557 431.380 429.466 429.031 213.667 125.278 109.551 26.877
483.062 473.811 473.507 471.250 470.529 448.260 437.823 430.502 429.312 421.215 189.494 132.655 112.022 26.558
483.071 478.921 473.606 472.341 470.928 447.577 435.643 430.831 427.721 412.816 212.636 140.381 113.527
483.557 481.196 475.335 472.155 471.647 450.608 435.133 432.837 425.498 407.176 202.165 149.039 113.656
483.525 482.365 475.830 472.627 470.851 451.053 435.214 434.341 422.949 391.674 201.212 163.295 115.065
483.516 483.059 476.456 476.431 469.950 451.332 436.453 434.796 421.121 369.860 201.432 180.569 115.024
483.788 483.527 480.070 476.814 469.395 451.541 437.794 434.681 419.790 335.449 211.093 201.450 114.608
484.750 483.508 481.365 476.828 469.021 451.581 438.701 435.159 418.891 307.143 238.333 199.698 115.023
485.542 483.454 482.077 476.921 468.808 451.259 440.316 436.107 418.215 287.358 257.722 197.634 114.588
485.728 483.406 482.499 477.201 468.562 450.413 442.866 437.661 417.473 273.571 271.894 195.615 113.111
485.848 483.400 482.922 477.462 468.132 449.431 445.317 437.959 416.829 282.944 262.194 195.561 112.001
486.044 483.403 483.247 477.620 467.870 448.730 447.405 438.110 416.041 287.966 257.122 195.277 111.164
486.199 483.484 483.397 477.679 467.652 448.983 448.223 438.172 415.629 290.351 254.861 195.434 109.936
486.263 483.565 483.402 477.720 467.558 450.160 447.880 438.210 415.334 291.488 253.813 195.615 108.992
486.293 483.592 483.408 477.791 467.523 451.049 447.654 438.251 415.199 292.055 253.323 195.740 108.120
486.307 483.597 483.412 477.843 467.517 451.765 447.508 438.277 415.122 292.351 253.110 195.815 107.375
486.312 483.599 483.415 477.886 467.521 452.429 447.422 438.295 415.081 292.508 253.042 195.859 106.632
486.315 483.598 483.415 477.911 467.528 452.992 447.369 438.305 415.044 292.593 253.035 195.877 106.018
486.316 483.598 483.415 477.957 467.534 453.457 447.337 438.310 415.009 292.646 253.052 195.899 105.470
486.315 483.600 483.414 478.001 467.540 453.935 447.315 438.314 414.982 292.682 253.049 195.910 104.942
486.314 483.602 483.412 478.035 467.546 454.552 447.301 438.317 414.918 292.703 253.037 195.940 104.323
486.311 483.608 483.408 478.106 467.552 455.533 447.292 438.323 414.783 292.712 252.995 195.978 103.399
486.306 483.603 483.403 478.238 467.562 456.756 447.285 438.330 414.538 292.710 252.922 196.054 102.294
486.300 483.580 483.393 478.303 467.573 457.184 447.277 438.334 414.342 292.706 252.824 196.105 102.079
486.298 483.570 483.385 478.354 467.576 457.332 447.269 438.337 414.198 292.710 252.721 196.126 102.124
486.296 483.566 483.379 478.383 467.580 457.384 447.264 438.338 414.113 292.715 252.633 196.135 102.213
486.295 483.564 483.376 478.398 467.583 457.427 447.259 438.340 414.062 292.718 252.555 196.128 102.295
486.294 483.563 483.374 478.405 467.584 457.460 447.255 438.340 414.039 292.722 252.488 196.124 102.352
486.294 483.563 483.372 478.408 467.586 457.505 447.253 438.340 414.025 292.726 252.428 196.121 102.380
486.293 483.563 483.371 478.409 467.588 457.547 447.252 438.339 414.019 292.727 252.384 196.116 102.392
486.294 483.563 483.370 478.408 467.589 457.601 447.251 438.339 414.018 292.728 252.340 196.114 102.385
486.294 483.564 483.370 478.408 467.590 457.649 447.250 438.339 414.019 292.727 252.303 196.111 102.378
486.294 483.564 483.370 478.407 467.590 457.705 447.250 438.338 414.024 292.724 252.264 196.110 102.360
486.294 483.565 483.370 478.405 467.590 457.774 447.250 438.338 414.032 292.722 252.220 196.112 102.331
486.293 483.565 483.369 478.405 467.591 457.832 447.249 438.338 414.038 292.717 252.177 196.111 102.315
486.293 483.566 483.369 478.402 467.591 457.918 447.249 438.337 414.049 292.709 252.119 196.114 102.283
486.293 483.566 483.369 478.400 467.591 458.012 447.249 438.337 414.062 292.702 252.056 196.117 102.245
486.293 483.567 483.369 478.398 467.590 458.097 447.249 438.337 414.073 292.694 251.961 196.119 102.253
486.293 483.568 483.369 478.396 467.590 458.203 447.249 438.337 414.088 292.680 251.856 196.122 102.249
486.293 483.570 483.369 478.391 467.589 458.379 447.248 438.336 414.114 292.661 251.694 196.133 102.222
486.293 483.571 483.369 478.385 467.588 458.552 447.248 438.336 414.135 292.640 251.519 196.137 102.227
486.293 483.573 483.369 478.383 467.588 458.748 447.248 438.335 414.164 292.615 251.358 196.146 102.181
486.293 483.575 483.369 478.379 467.587 458.935 447.247 438.335 414.194 292.583 251.272 196.154 102.078
486.292 483.575 483.369 478.377 467.586 459.120 447.246 438.334 414.227 292.562 251.214 196.161 101.936
486.292 483.576 483.369 478.377 467.586 459.272 447.246 438.333 414.255 292.546 251.186 196.164 101.800
486.292 483.576 483.368 478.377 467.585 459.374 447.245 438.332 414.275 292.537 251.173 196.166 101.699
486.292 483.576 483.368 478.377 467.585 459.459 447.245 438.332 414.292 292.532 251.167 196.167 101.609
486.291 483.576 483.368 478.377 467.585 459.525 447.244 438.332 414.307 292.527 251.164 196.167 101.535
486.291 483.576 483.368 478.378 467.585 459.574 447.244 438.331 414.317 292.524 251.164 196.167 101.479
486.291 483.576 483.368 478.378 467.586 459.609 447.244 438.331 414.325 292.523 251.163 196.167 101.438
486.291 483.576 483.368 478.378 467.586 459.637 447.244 438.331 414.331 292.522 251.163 196.168 101.406
486.291 483.576 483.368 478.378 467.586 459.656 447.244 438.331 414.336 292.522 251.162 196.168 101.382
101.425 94.616 82.285 96.795 95.944 100.053 81.861 79.542 83.903 71.116 45.080 45.727 21.652
189.670 193.377 173.625 191.911 196.211 193.877 166.406 165.538 151.818 143.923 97.016 102.130 34.499
286.615 291.120 280.777 281.872 298.815 283.500 250.592 243.490 240.072 202.335 137.299 154.269 49.244
485.109 479.450 470.048 467.391 466.865 465.744 438.121 432.046 415.129 325.640 257.494 218.837 78.126
494.492 484.111 471.365 469.585 465.344 464.018 441.370 435.974 414.326 324.490 226.928 218.691 89.306
502.241 483.877 472.864 468.768 463.727 462.621 444.224 435.511 412.862 323.485 218.921 214.876 96.022
508.236 483.770 473.243 468.396 463.742 460.334 446.035 435.449 411.914 323.151 218.574 206.462 100.695
512.820 483.767 473.003 468.198 463.724 458.416 446.800 435.370 411.766 323.088 217.867 200.975 104.204
515.759 483.830 472.539 468.098 463.710 457.002 447.263 435.182 411.741 323.156 217.490 197.441 106.791
517.945 483.907 472.169 468.044 463.634 455.693 447.368 434.916 411.858 323.217 217.337 194.676 109.235
519.842 483.985 471.755 468.026 463.490 454.735 447.254 434.526 411.754 323.272 217.230 192.633 111.497
521.648 484.049 471.474 468.027 463.385 454.124 447.131 433.860 411.423 323.320 217.162 191.299 113.095
523.260 484.089 471.088 468.042 463.449 453.687 447.193 432.809 411.076 323.328 217.120 190.765 114.094
524.432 484.118 470.823 468.062 463.622 453.326 447.381 432.161 410.842 323.317 217.085 190.142 114.689
525.265 484.133 470.641 468.076 463.780 453.024 447.451 431.747 410.604 323.295 217.115 189.794 115.076
525.842 484.150 470.487 468.101 463.888 452.813 447.431 431.421 410.419 323.287 217.136 189.710 115.315
526.281 484.155 470.392 468.111 463.994 452.639 447.415 431.201 410.261 323.275 217.195 189.618 115.463
526.602 484.159 470.323 468.124 464.080 452.511 447.378 431.020 410.127 323.269 217.256 189.609 115.541
526.846 484.161 470.273 468.129 464.145 452.407 447.317 430.896 410.013 323.276 217.308 189.646 115.582
527.002 484.164 470.238 468.137 464.190 452.349 447.232 430.801 409.927 323.285 217.354 189.733 115.589
527.117 484.165 470.214 468.142 464.227 452.300 447.149 430.736 409.853 323.298 217.380 189.800 115.617
527.199 484.164 470.203 468.144 464.260 452.263 447.066 430.695 409.792 323.315 217.393 189.849 115.660
527.264 484.163 470.194 468.146 464.282 452.239 446.951 430.660 409.747 323.331 217.393 189.933 115.696
527.306 484.162 470.190 468.148 464.300 452.223 446.853 430.636 409.712 323.346 217.388 190.002 115.735
527.340 484.162 470.186 468.149 464.317 452.214 446.734 430.611 409.686 323.356 217.384 190.096 115.764
527.376 484.162 470.191 468.151 464.333 452.208 446.568 430.580 409.668 323.365 217.380 190.229 115.788
527.402 484.162 470.193 468.153 464.349 452.204 446.419 430.557 409.653 323.374 217.376 190.350 115.807
527.432 484.162 470.204 468.155 464.366 452.201 446.219 430.521 409.644 323.380 217.374 190.517 115.825
527.461 484.163 470.214 468.157 464.385 452.199 446.013 430.479 409.637 323.386 217.372 190.693 115.840
527.492 484.163 470.231 468.160 464.406 452.197 445.803 430.439 409.632 323.392 217.371 190.860 115.854
527.518 484.164 470.242 468.162 464.423 452.195 445.639 430.410 409.627 323.396 217.370 190.990 115.865
527.543 484.164 470.255 468.164 464.439 452.193 445.479 430.374 409.623 323.400 217.369 191.120 115.877
527.563 484.165 470.266 468.166 464.451 452.190 445.354 430.344 409.620 323.403 217.369 191.226 115.885
527.582 484.165 470.278 468.167 464.461 452.188 445.250 430.319 409.617 323.405 217.368 191.305 115.893
527.596 484.165 470.285 468.168 464.468 452.187 445.182 430.305 409.615 323.407 217.368 191.356 115.899
527.608 484.165 470.292 468.168 464.474 452.185 445.124 430.290 409.613 323.409 217.368 191.397 115.905
527.617 484.166 470.298 468.169 464.479 452.184 445.086 430.281 409.611 323.410 217.367 191.421 115.910
527.625 484.166 470.303 468.170 464.482 452.183 445.056 430.274 409.610 323.410 217.367 191.441 115.914
527.630 484.166 470.307 468.170 464.484 452.182 445.035 430.269 409.609 323.411 217.367 191.453 115.917
527.633 484.166 470.311 468.171 464.485 452.181 445.020 430.265 409.609 323.411 217.367 191.460 115.919
95.898 92.769 89.977 104.076 99.666 86.577 88.716 78.983 86.067 69.140 54.526 34.814 18.790
206.708 184.319 173.574 200.953 209.831 167.431 181.710 162.706 182.684 120.419 95.130 82.933 31.601
296.154 291.266 257.293 317.596 323.034 270.138 258.945 244.871 262.809 169.456 141.452 127.525 39.461
532.647 520.063 513.358 493.365 444.271 436.992 434.905 430.570 419.357 284.351 224.701 204.976 60.443
536.949 518.034 513.473 491.294 446.167 438.109 432.283 430.820 422.627 288.194 225.834 193.153 63.062
538.378 516.861 513.565 490.601 447.194 438.818 432.386 427.479 424.395 290.439 226.565 187.611 65.710
539.274 516.116 513.624 490.442 448.040 439.415 432.121 425.848 424.306 292.094 227.174 183.322 68.223
540.101 515.557 513.560 490.437 448.627 439.854 431.744 426.679 421.077 292.868 227.828 180.817 70.851
540.686 515.011 513.499 490.509 449.283 440.352 431.323 427.091 418.397 293.069 228.339 179.503 72.937
541.029 514.684 513.449 490.561 450.016 440.838 431.004 427.266 416.142 293.064 228.689 178.744 74.515
541.175 514.439 513.423 490.576 450.623 441.258 430.741 427.302 413.969 292.987 228.975 178.344 76.189
541.184 514.271 513.414 490.580 451.018 441.562 430.608 427.303 412.261 292.899 229.170 178.124 77.606
541.196 514.142 513.424 490.579 451.138 441.787 430.514 427.285 410.765 292.811 229.316 178.036 79.007
541.212 514.034 513.444 490.577 451.128 441.933 430.456 427.278 409.389 292.754 229.402 178.018 80.375
541.232 513.958 513.318 490.577 451.043 442.051 430.426 427.267 407.700 292.695 229.477 178.012 82.244
541.249 513.901 513.002 490.572 451.004 442.127 430.410 427.269 406.249 292.660 229.518 178.032 84.006
541.264 513.884 512.537 490.568 450.848 442.189 430.399 427.281 404.896 292.626 229.557 178.050 85.902
541.282 513.877 512.195 490.564 450.731 442.235 430.392 427.292 403.846 292.602 229.582 178.066 87.336
541.293 513.858 511.978 490.562 450.649 442.268 430.389 427.292 403.089 292.585 229.599 178.085 88.352
541.301 513.847 511.829 490.559 450.603 442.289 430.389 427.294 402.599 292.574 229.608 178.119 88.988
541.302 513.836 511.742 490.557 450.573 442.309 430.392 427.295 402.218 292.564 229.613 178.152 89.447
541.302 513.829 511.690 490.556 450.552 442.325 430.397 427.294 401.944 292.556 229.618 178.188 89.748
541.299 513.825 511.662 490.556 450.542 442.339 430.406 427.295 401.730 292.550 229.616 178.232 89.948
541.298 513.826 511.645 490.555 450.536 442.352 430.415 427.294 401.580 292.547 229.616 178.292 90.043
541.283 513.826 511.639 490.555 450.543 442.364 430.436 427.296 401.395 292.541 229.609 178.396 90.117
541.274 513.832 511.635 490.555 450.549 442.375 430.454 427.297 401.243 292.537 229.605 178.564 90.080
541.247 513.836 511.638 490.556 450.567 442.394 430.500 427.302 401.004 292.534 229.592 178.885 89.945
541.206 513.867 511.664 490.558 450.605 442.431 430.561 427.312 400.622 292.528 229.559 179.394 89.693
541.091 513.925 511.750 490.560 450.642 442.466 430.702 427.327 400.041 292.508 229.531 179.833 89.625
541.018 514.006 511.807 490.560 450.629 442.488 430.831 427.340 399.689 292.487 229.521 179.846 89.779
540.962 514.099 511.858 490.560 450.603 442.498 430.939 427.348 399.471 292.471 229.515 179.799 89.877
540.923 514.166 511.894 490.561 450.573 442.495 431.018 427.352 399.325 292.460 229.510 179.760 89.963
540.896 514.230 511.923 490.561 450.543 442.485 431.073 427.354 399.236 292.451 229.506 179.722 90.021
540.877 514.280 511.944 490.562 450.515 442.474 431.116 427.357 399.170 292.444 229.501 179.692 90.069
540.864 514.314 511.962 490.562 450.496 442.465 431.149 427.358 399.131 292.440 229.498 179.668 90.094
540.853 514.340 511.977 490.562 450.480 442.454 431.172 427.360 399.101 292.437 229.495 179.652 90.118
540.845 514.358 511.988 490.563 450.467 442.444 431.192 427.362 399.081 292.435 229.493 179.641 90.134
540.839 514.373 511.997 490.563 450.456 442.435 431.206 427.362 399.065 292.434 229.493 179.631 90.146
104.687 94.756 99.428 100.721 90.539 90.087 98.293 90.767 80.601 53.986 36.442 40.054 19.640
219.668 209.080 200.030 174.803 174.855 187.018 175.086 183.795 178.821 112.515 73.725 83.766 26.838
331.366 322.260 298.055 261.984 259.088 278.527 255.924 273.145 279.075 166.630 109.334 132.593 32.017
531.240 521.632 491.692 479.201 474.030 466.268 455.803 429.864 425.960 279.188 210.186 185.756 49.181
530.778 522.001 489.932 480.323 478.548 466.786 460.578 433.786 429.367 278.456 192.603 191.547 45.297
530.238 522.485 489.839 484.002 477.465 466.946 463.439 436.797 429.966 277.199 195.027 184.048 42.551
529.994 522.759 489.807 486.070 476.968 466.998 465.123 438.859 430.608 276.151 197.182 179.274 40.206
529.930 522.827 489.815 487.193 476.713 467.004 466.351 440.187 430.689 275.366 198.556 176.614 38.756
529.892 522.857 489.810 487.955 476.576 467.420 467.001 441.011 430.449 274.725 199.463 175.001 37.839
529.892 522.872 489.804 488.492 476.496 468.011 466.992 441.486 430.111 274.253 200.152 173.928 37.512
529.886 522.883 489.794 488.923 476.445 468.412 466.989 441.803 429.648 273.800 200.752 173.193 37.472
529.876 522.892 489.782 489.215 476.415 468.728 466.987 441.974 429.248 273.430 201.210 172.837 37.407
529.865 522.906 489.772 489.445 476.392 468.967 466.987 442.071 429.012 273.072 201.602 172.627 37.283
529.861 522.920 489.763 489.633 476.380 469.155 466.986 442.117 428.914 272.756 201.921 172.479 37.114
529.856 522.933 489.791 489.753 476.376 469.302 466.986 442.142 428.870 272.480 202.182 172.398 36.933
529.854 522.948 489.929 489.743 476.373 469.398 466.986 442.157 428.877 272.248 202.384 172.336 36.767
529.850 522.959 490.050 489.734 476.372 469.492 466.986 442.167 428.919 272.041 202.553 172.299 36.578
529.845 522.973 490.174 489.726 476.372 469.567 466.986 442.172 428.965 271.855 202.702 172.264 36.400
529.841 522.985 490.284 489.720 476.371 469.618 466.986 442.177 429.003 271.700 202.821 172.234 36.258
529.837 522.997 490.392 489.715 476.372 469.652 466.986 442.180 429.006 271.559 202.924 172.217 36.165
529.833 523.010 490.500 489.711 476.373 469.672 466.985 442.185 428.983 271.431 203.013 172.192 36.113
529.827 523.019 490.606 489.708 476.372 469.690 466.985 442.188 428.949 271.304 203.094 172.182 36.077
529.826 523.031 490.695 489.705 476.376 469.698 466.984 442.195 428.916 271.184 203.158 172.173 36.060
529.819 523.041 490.780 489.703 476.373 469.705 466.984 442.201 428.873 271.079 203.216 172.177 36.049
529.815 523.054 490.873 489.701 476.374 469.712 466.983 442.208 428.835 270.973 203.274 172.153 36.043
529.812 523.062 490.949 489.699 476.374 469.716 466.983 442.215 428.806 270.888 203.319 172.136 36.040
529.809 523.072 491.025 489.697 476.376 469.718 466.982 442.221 428.783 270.810 203.364 172.104 36.039
529.807 523.081 491.091 489.695 476.377 469.721 466.982 442.226 428.764 270.747 203.404 172.067 36.038
529.806 523.089 491.151 489.694 476.380 469.722 466.982 442.229 428.751 270.694 203.439 172.027 36.038
529.804 523.095 491.200 489.692 476.380 469.723 466.982 442.232 428.740 270.652 203.469 171.993 36.038
529.802 523.101 491.243 489.691 476.380 469.723 466.982 442.233 428.731 270.621 203.495 171.960 36.038
529.801 523.107 491.279 489.689 476.380 469.724 466.982 442.234 428.725 270.596 203.516 171.929 36.038
529.800 523.111 491.307 489.689 476.380 469.724 466.982 442.234 428.720 270.579 203.532 171.905 36.038
529.799 523.114 491.331 489.688 476.381 469.724 466.982 442.233 428.716 270.565 203.546 171.883 36.039
529.799 523.117 491.350 489.687 476.381 469.724 466.982 442.233 428.713 270.554 203.557 171.865 36.039
98.283 91.206 82.055 99.802 79.010 101.504 104.167 82.268 71.691 93.981 39.612 47.961 8.460
200.539 177.489 173.373 207.674 149.980 197.632 216.028 170.392 178.091 153.857 71.486 94.102 9.358
300.333 284.152 266.869 301.866 231.687 309.735 324.361 264.711 258.019 212.458 98.890 137.560 9.359
510.989 506.970 502.216 477.559 473.069 472.867 451.535 440.166 416.509 319.335 238.432 178.889 11.462
510.854 506.954 500.285 480.893 476.820 467.857 457.206 437.066 413.254 322.763 230.681 184.292 11.075
510.188 506.378 498.729 482.602 477.941 464.704 458.826 435.514 411.597 324.506 230.704 186.856 11.454
509.659 505.387 496.889 484.169 478.809 463.189 459.678 435.018 410.535 325.598 231.946 187.526 11.597
509.391 504.202 495.624 485.335 479.306 462.664 460.050 434.873 409.818 326.279 233.275 187.670 11.513
509.292 503.531 494.844 486.225 479.657 462.484 460.272 434.827 409.312 326.726 233.878 187.723 11.230
514.070 509.243 494.343 486.889 479.870 462.564 460.438 434.774 408.929 327.062 234.071 187.746
509.215 507.663 493.862 487.501 479.953 462.767 460.595 440.891 408.669 327.299 233.831 187.754
509.205 504.901 493.577 487.957 480.004 463.162 460.863 442.253 408.464 327.465 234.365 187.786
509.196 503.593 493.395 488.348 480.018 463.580 461.136 442.697 408.261 327.590 234.389 187.794
509.191 502.916 493.277 488.658 480.028 463.980 461.408 442.793 408.066 327.694 234.194 187.796
509.187 502.546 493.200 488.940 480.039 464.390 461.645 442.781 407.834 327.759 233.884 187.796
509.188 502.282 493.141 489.155 480.039 464.761 461.880 442.712 407.620 327.806 233.618 187.797
509.185 502.112 493.103 489.363 480.053 465.087 462.063 442.655 407.380 327.837 233.363 187.799
509.182 501.968 493.073 489.555 480.065 465.401 462.268 442.586 407.170 327.858 233.070 187.803
509.181 501.855 493.041 489.729 480.078 465.674 462.451 442.529 406.985 327.869 232.800 187.808
509.181 501.757 493.013 489.871 480.084 465.892 462.627 442.472 406.848 327.874 232.567 187.814
509.181 501.676 492.986 490.003 480.095 466.081 462.784 442.427 406.731 327.875 232.338 187.822
509.181 501.609 492.962 490.123 480.102 466.237 462.931 442.392 406.637 327.872 232.122 187.830
509.181 501.556 492.939 490.218 480.106 466.354 463.054 442.367 406.567 327.866 231.954 187.839
509.180 501.508 492.923 490.305 480.111 466.446 463.159 442.345 406.505 327.860 231.811 187.847
509.181 501.467 492.908 490.382 480.117 466.525 463.261 442.325 406.451 327.851 231.674 187.857
509.182 501.432 492.888 490.448 480.120 466.590 463.351 442.311 406.408 327.843 231.559 187.866
509.182 501.404 492.873 490.507 480.125 466.648 463.432 442.301 406.369 327.833 231.449 187.877
509.183 501.379 492.857 490.559 480.128 466.697 463.508 442.292 406.336 327.822 231.353 187.888
509.183 501.358 492.841 490.600 480.130 466.737 463.571 442.285 406.309 327.811 231.276 187.900
509.184 501.341 492.828 490.638 480.133 466.771 463.624 442.280 406.285 327.799 231.207 187.913
509.184 501.327 492.815 490.672 480.136 466.800 463.673 442.276 406.264 327.787 231.141 187.925
509.184 501.315 492.804 490.700 480.138 466.824 463.716 442.272 406.247 327.774 231.086 187.938
509.184 501.305 492.792 490.725 480.142 466.846 463.754 442.270 406.233 327.763 231.035 187.950
509.184 501.298 492.782 490.747 480.145 466.865 463.787 442.269 406.220 327.751 230.989 187.964
509.184 501.291 492.774 490.765 480.147 466.879 463.812 442.267 406.210 327.737 230.954 187.978
509.184 501.285 492.767 490.780 480.149 466.891 463.836 442.266 406.202 327.724 230.924 187.993
101.830 103.045 98.144 101.535 99.039 84.900 92.107 101.522 74.217 60.123 51.611 31.929
223.559 194.894 194.834 209.662 190.807 172.331 156.034 211.118 157.160 118.614 105.439 65.547
309.324 292.542 296.297 306.935 292.968 280.619 240.863 297.207 239.889 184.072 151.278 108.006
517.582 502.530 485.490 483.487 481.967 479.514 470.882 423.860 412.756 321.111 241.746 179.075
515.225 506.796 484.919 484.046 483.482 481.463 468.982 431.964 421.144 324.028 212.791 185.160
514.288 510.157 485.652 484.288 483.491 481.485 466.537 434.460 424.106 324.447 204.407 186.682
513.856 511.158 486.013 484.974 483.261 481.298 464.396 435.582 425.405 324.445 202.000 187.612
513.660 511.304 486.206 485.628 483.170 481.159 463.200 436.101 426.069 324.463 200.569 188.472
513.556 511.343 486.547 486.302 483.129 481.044 462.360 436.577 426.455 324.202 199.050 189.435
513.472 511.316 487.788 486.327 483.095 480.932 461.760 437.255 426.690 323.718 197.009 190.638
513.373 511.357 489.476 486.324 483.048 480.790 460.920 438.164 426.847 322.968 194.529 192.205
513.253 511.450 490.485 486.264 482.992 480.587 460.006 438.962 427.000 322.477 193.277 193.245
513.166 511.487 491.236 486.237 482.952 480.424 459.025 439.416 427.110 322.158 193.849 192.939
513.110 511.507 491.505 486.203 482.934 480.352 458.346 439.724 427.231 321.969 194.229 192.890
513.073 511.502 491.646 486.183 482.893 480.304 457.857 439.818 427.311 321.961 194.387 193.066
513.043 511.494 491.781 486.172 482.834 480.277 457.538 439.775 427.372 321.937 194.488 193.291
513.027 511.489 491.936 486.173 482.789 480.262 457.314 439.654 427.415 321.944 194.529 193.469
513.008 511.490 492.156 486.179 482.740 480.246 457.134 439.488 427.455 321.950 194.548 193.606
512.994 511.506 492.462 486.189 482.680 480.230 456.972 439.278 427.506 321.950 194.555 193.676
512.977 511.545 492.777 486.201 482.609 480.207 456.796 439.051 427.605 321.940 194.551 193.741
512.957 511.596 493.006 486.227 482.522 480.188 456.611 438.787 427.722 321.920 194.547 193.916
512.946 511.629 493.115 486.263 482.442 480.178 456.484 438.584 427.826 321.913 194.540 194.080
512.936 511.643 493.171 486.304 482.370 480.176 456.394 438.419 427.918 321.909 194.539 194.220
512.925 511.655 493.211 486.339 482.319 480.171 456.329 438.338 427.983 321.907 194.535 194.287
512.916 511.660 493.240 486.370 482.279 480.171 456.273 438.291 428.034 321.906 194.533 194.327
512.909 511.668 493.261 486.397 482.249 480.167 456.236 438.270 428.081 321.907 194.529 194.326
512.902 511.675 493.279 486.418 482.226 480.165 456.201 438.260 428.120 321.908 194.526 194.319
512.897 511.681 493.292 486.436 482.208 480.162 456.177 438.256 428.153 321.908 194.522 194.307
512.893 511.685 493.303 486.450 482.195 480.161 456.156 438.254 428.181 321.909 194.520 194.294
512.890 511.689 493.310 486.462 482.185 480.159 456.142 438.254 428.205 321.910 194.517 194.278
512.887 511.692 493.317 486.472 482.177 480.157 456.129 438.255 428.225 321.910 194.515 194.264
512.885 511.694 493.322 486.480 482.171 480.155 456.118 438.256 428.241 321.911 194.514 194.253
512.883 511.696 493.327 486.486 482.167 480.154 456.110 438.256 428.256 321.911 194.512 194.243
512.881 511.698 493.331 486.492 482.163 480.152 456.103 438.257 428.268 321.911 194.511 194.233
91.770 96.670 100.867 107.624 95.656 100.573 80.055 96.865 88.964 64.582 42.390 33.985
191.256 193.442 194.384 198.751 198.751 199.772 162.427 194.741 183.953 118.414 76.589 87.520
300.839 282.816 313.164 306.222 295.476 300.387 244.391 275.254 265.667 178.967 111.774 125.044
517.989 513.714 487.014 485.495 483.760 480.094 470.621 458.789 408.697 300.177 212.153 181.499
524.272 513.107 487.672 485.162 484.986 478.958 469.588 456.445 414.833 300.772 194.652 189.554
527.869 512.835 488.122 485.200 483.357 477.487 468.320 455.513 417.550 300.574 192.997 190.175
530.207 512.897 488.250 484.562 481.725 475.431 467.978 455.265 419.043 300.698 195.324 188.619
532.743 513.028 488.300 482.813 480.266 473.764 467.918 455.162 419.618 300.818 197.087 188.483
533.754 513.232 488.276 482.050 478.540 471.715 467.999 455.119 419.974 301.118 198.708 189.516
533.672 513.335 488.290 481.866 477.273 470.363 468.073 454.904 420.177 301.414 200.150 190.484
533.142 513.417 488.310 481.856 476.293 469.264 468.102 454.530 420.355 301.549 201.394 191.789
532.736 513.484 488.401 481.868 475.572 468.436 468.097 453.985 420.521 301.613 202.288 193.000
532.458 513.535 488.482 481.885 475.164 468.080 467.873 453.407 420.655 301.622 202.939 193.901
532.289 513.564 488.526 481.866 474.973 468.075 467.566 452.936 420.735 301.658 203.358 194.455
532.203 513.587 488.581 481.843 474.821 468.062 467.438 452.503 420.809 301.686 203.664 194.803
532.167 513.601 488.623 481.816 474.742 468.055 467.386 452.168 420.850 301.732 203.851 195.009
532.153 513.611 488.646 481.786 474.705 468.054 467.384 451.930 420.880 301.774 203.981 195.098
532.148 513.616 488.659 481.757 474.695 468.054 467.399 451.731 420.899 301.813 204.062 195.166
532.149 513.619 488.669 481.731 474.700 468.055 467.423 451.567 420.913 301.852 204.108 195.213
532.153 513.621 488.675 481.712 474.716 468.055 467.443 451.433 420.919 301.881 204.135 195.255
532.157 513.621 488.681 481.695 474.739 468.056 467.465 451.310 420.926 301.909 204.147 195.295
532.161 513.618 488.685 481.680 474.761 468.057 467.486 451.197 420.932 301.931 204.156 195.335
532.165 513.617 488.688 481.668 474.789 468.059 467.507 451.093 420.937 301.951 204.161 195.365
532.169 513.613 488.691 481.657 474.816 468.062 467.525 450.991 420.943 301.965 204.166 195.401
532.174 513.608 488.695 481.651 474.847 468.064 467.540 450.892 420.947 301.978 204.168 195.436
532.178 513.606 488.697 481.644 474.874 468.066 467.557 450.789 420.952 301.988 204.171 195.478
532.185 513.597 488.701 481.642 474.904 468.071 467.577 450.661 420.959 302.000 204.177 195.526
532.191 513.592 488.702 481.638 474.933 468.076 467.596 450.540 420.963 302.009 204.180 195.579
532.200 513.582 488.705 481.639 474.964 468.081 467.619 450.374 420.971 302.020 204.184 195.660
532.216 513.568 488.708 481.648 475.000 468.096 467.662 450.126 420.984 302.037 204.198 195.757
532.238 513.537 488.713 481.661 475.035 468.114 467.708 449.811 421.004 302.059 204.216 195.905
532.267 513.504 488.716 481.680 475.082 468.139 467.773 449.457 421.029 302.086 204.234 196.033
532.287 513.488 488.710 481.687 475.114 468.157 467.826 449.237 421.043 302.104 204.245 196.100
532.310 513.468 488.707 481.696 475.147 468.177 467.881 449.046 421.059 302.124 204.258 196.127
532.326 513.456 488.705 481.700 475.170 468.193 467.926 448.933 421.073 302.141 204.267 196.110
532.335 513.449 488.704 481.700 475.190 468.204 467.958 448.862 421.079 302.152 204.271 196.094
532.341 513.446 488.704 481.697 475.203 468.212 467.978 448.817 421.083 302.161 204.275 196.083
532.344 513.444 488.704 481.694 475.213 468.217 467.991 448.787 421.085 302.167 204.277 196.077
532.346 513.443 488.704 481.691 475.221 468.219 467.998 448.767 421.086 302.171 204.278 196.075
532.347 513.443 488.704 481.689 475.228 468.220 468.004 448.751 421.087 302.174 204.278 196.075
106.759 78.572 102.202 112.928 88.492 99.772 95.935 78.570 92.184 52.297 44.950 47.339
216.080 188.262 200.516 191.253 174.455 193.229 190.057 175.107 176.234 108.613 91.927 94.267
321.420 282.428 300.621 273.457 280.635 298.745 278.578 260.741 270.867 156.874 135.148 140.487
538.724 501.000 482.935 475.952 468.067 467.824 458.911 449.027 444.726 263.119 225.225 224.490
534.000 499.824 483.294 478.682 476.512 467.093 462.481 450.083 448.217 267.032 227.629 205.152
532.580 498.963 483.725 481.827 476.575 465.922 463.763 449.460 449.348 268.872 228.796 200.169
532.055 498.147 484.048 483.105 476.744 464.594 464.230 449.908 448.769 270.524 229.631 198.243
531.882 497.399 484.190 483.601 476.911 464.377 463.491 450.289 448.402 271.879 230.465 197.115
531.789 496.875 484.286 483.902 477.058 464.421 462.408 450.678 448.282 273.152 231.027 196.122
531.725 496.585 484.318 484.051 477.158 464.413 461.472 450.983 448.248 274.144 231.518 195.386
531.677 496.424 484.342 484.154 477.239 464.381 460.594 451.213 448.271 274.907 231.867 194.930
531.649 496.334 484.356 484.213 477.302 464.352 459.873 451.387 448.324 275.396 232.133 194.680
531.624 496.281 484.369 484.263 477.353 464.327 459.289 451.538 448.393 275.719 232.320 194.525
531.606 496.249 484.374 484.306 477.390 464.308 458.841 451.706 448.457 275.939 232.439 194.384
531.594 496.226 484.380 484.331 477.422 464.293 458.475 451.861 448.525 276.070 232.535 194.287
531.579 496.210 484.380 484.350 477.446 464.280 458.219 452.015 448.581 276.166 232.600 194.175
531.571 496.198 484.383 484.363 477.465 464.269 458.014 452.149 448.640 276.227 232.649 194.073
531.562 496.189 484.384 484.373 477.482 464.259 457.856 452.277 448.693 276.270 232.686 193.969
531.554 496.182 484.384 484.380 477.495 464.249 457.734 452.393 448.739 276.298 232.713 193.879
531.548 496.177 484.385 484.384 477.505 464.242 457.650 452.484 448.771 276.318 232.731 193.805
531.543 496.172 484.392 484.383 477.514 464.236 457.580 452.565 448.799 276.331 232.745 193.741
531.540 496.169 484.396 484.383 477.521 464.231 457.528 452.628 448.823 276.339 232.754 193.689
531.537 496.167 484.397 484.383 477.526 464.226 457.487 452.681 448.843 276.345 232.761 193.648
531.536 496.165 484.399 484.383 477.531 464.223 457.459 452.717 448.860 276.348 232.765 193.615
531.534 496.164 484.401 484.383 477.534 464.220 457.434 452.748 448.874 276.351 232.768 193.590
531.533 496.163 484.402 484.383 477.538 464.217 457.415 452.772 448.884 276.352 232.771 193.571
105.929 91.144 87.972 100.890 94.293 106.748 96.772 89.220 86.966 61.329 43.809 34.926
192.008 175.194 171.482 213.291 203.481 221.433 183.759 174.456 172.727 127.494 75.564 89.109
301.635 267.822 251.820 320.510 292.023 332.336 283.063 262.560 258.977 185.657 122.310 121.287
538.769 524.486 501.085 485.694 480.722 469.563 440.052 432.777 430.496 304.368 204.686 187.301
540.868 522.921 500.070 484.684 482.297 470.870 447.808 432.494 427.937 307.130 194.633 188.289
542.129 522.243 498.940 483.327 482.662 471.362 449.386 432.136 427.187 308.358 193.155 189.116
543.195 521.737 498.117 482.794 480.955 471.493 450.059 431.971 428.460 308.548 192.858 189.813
544.719 521.299 497.644 482.835 479.157 471.589 450.062 431.949 428.904 308.459 193.045 190.339
546.495 520.835 497.284 482.860 477.650 471.615 449.949 432.039 429.082 308.393 193.211 190.587
547.972 520.402 497.046 482.866 476.844 471.687 449.512 432.344 428.441 308.349 193.759 190.778
549.078 520.052 496.865 482.875 476.425 471.777 449.103 432.640 427.896 308.366 194.044 190.879
549.793 519.806 496.739 482.885 476.243 471.853 448.744 432.961 427.421 308.441 194.162 190.951
550.340 519.630 496.669 482.893 476.166 471.799 448.528 433.319 426.950 308.569 194.138 190.999
550.760 519.514 496.639 482.897 476.141 471.315 448.315 433.746 426.542 308.740 194.349 191.041
551.023 519.450 496.597 482.898 476.135 470.519 448.208 434.248 426.123 308.936 194.786 191.075
551.165 519.451 496.580 482.903 476.138 470.072 448.120 434.720 425.844 309.076 194.813 191.118
551.229 519.444 496.556 482.906 476.149 469.937 448.089 435.130 425.589 309.150 194.677 191.142
551.255 519.425 496.549 482.912 476.158 469.935 448.073 435.426 425.427 309.180 194.498 191.162
551.259 519.401 496.549 482.915 476.165 469.992 448.058 435.607 425.331 309.196 194.352 191.174
551.257 519.382 496.553 482.917 476.166 470.057 448.047 435.707 425.283 309.205 194.242 191.183
551.259 519.364 496.555 482.918 476.168 470.110 448.038 435.762 425.253 309.213 194.171 191.188
551.262 519.350 496.557 482.919 476.169 470.156 448.030 435.792 425.232 309.221 194.123 191.189
551.264 519.341 496.559 482.919 476.169 470.190 448.024 435.807 425.218 309.228 194.090 191.190
551.266 519.332 496.560 482.919 476.170 470.214 448.020 435.817 425.209 309.235 194.068 191.189
551.268 519.327 496.562 482.920 476.170 470.232 448.016 435.823 425.203 309.239 194.051 191.189
