0.000
0.004
0.007
0.010
0.014
0.051
0.511
0.669
1.000
1.173
1.676
2.154
2.652
3.147
3.658
4.166
4.686
5.144
5.628
6.088
6.598
7.088
7.618
8.053
8.491
8.825
0.000
0.010
0.017
0.025
0.042
0.500
0.782
1.065
1.680
1.989
2.600
3.176
3.716
4.254
4.820
5.384
5.948
6.508
7.120
7.675
0.000
0.010
0.018
0.027
0.044
0.192
0.461
0.606
0.960
1.213
1.820
2.443
3.078
3.743
4.356
4.575
0.000
0.010
0.018
0.027
0.045
0.192
0.493
0.639
0.991
1.262
1.826
2.453
3.084
3.723
4.383
0.000
0.010
0.018
0.027
0.045
0.195
0.453
0.599
0.950
1.208
1.825
2.446
3.051
3.707
3.940
0.000
0.010
0.018
0.027
0.045
0.197
0.468
0.606
0.962
1.218
1.777
2.369
2.939
3.572
3.907
0.000
0.010
0.018
0.025
0.042
0.191
0.470
0.599
0.880
1.125
1.712
2.323
2.915
3.510
3.643
0.000
0.010
0.018
0.025
0.042
0.222
0.488
0.618
0.945
1.167
1.788
2.420
3.018
3.623
4.229
4.494
0.000
0.010
0.017
0.025
0.042
0.177
0.454
0.587
0.907
1.161
1.725
2.302
2.680
0.000
0.010
0.017
0.025
0.042
0.185
0.442
0.572
0.882
1.148
1.726
2.321
2.592
