2.850458606e+00
2.823862897e+00
2.813524409e+00
2.807927732e+00
2.265143345e+00
2.024788742e+00
1.989580870e+00
1.980031042e+00
1.974669628e+00
1.973123158e+00
1.972511808e+00
1.972286248e+00
1.972177979e+00
1.972106533e+00
1.972054664e+00
1.972016098e+00
1.971984203e+00
1.971954567e+00
1.971928118e+00
1.971902848e+00
1.971848763e+00
1.971359034e+00
1.971001450e+00
1.970687075e+00
1.970536106e+00
1.970439215e+00
1.970320788e+00
1.970151028e+00
1.970005201e+00
1.969891894e+00
1.969753716e+00
1.969526835e+00
1.968972793e+00
1.968740360e+00
1.968636605e+00
1.968579821e+00
1.968532619e+00
1.968477913e+00
1.968408423e+00
1.968304058e+00
1.968176484e+00
1.968042508e+00
1.967916151e+00
1.967778391e+00
1.967663076e+00
1.967567577e+00
1.967484061e+00
1.967397650e+00
1.967308479e+00
1.967215594e+00
1.967100015e+00
1.966939858e+00
1.966687987e+00
1.966301172e+00
1.965973609e+00
1.965823703e+00
1.965706947e+00
1.965620949e+00
1.965559771e+00
1.965477794e+00
1.965342211e+00
1.965134090e+00
1.964809073e+00
1.964540313e+00
1.964385258e+00
1.964170325e+00
1.963957466e+00
1.963853270e+00
1.963754039e+00
1.963643080e+00
1.963565592e+00
1.963501979e+00
1.963444111e+00
1.963398620e+00
1.963324047e+00
1.963265237e+00
1.963254339e+00
1.963249770e+00
1.963243829e+00
1.963236558e+00
1.963229953e+00
1.963220946e+00
1.963198447e+00
1.963169626e+00
1.963162381e+00
1.963161692e+00
1.963161576e+00
1.963161547e+00
1.963161538e+00
1.963161535e+00
1.963161534e+00
1.963161533e+00
2.095335881e+00
1.865456931e+00
1.752368533e+00
1.635303757e+00
1.272477879e+00
1.219803929e+00
1.207320122e+00
1.197857846e+00
1.193993412e+00
1.191285838e+00
1.190557029e+00
1.189729321e+00
1.186530981e+00
1.184690644e+00
1.182956337e+00
1.182243270e+00
1.181054725e+00
1.178696146e+00
1.176375927e+00
1.174801665e+00
1.173630047e+00
1.173000162e+00
1.172748599e+00
1.172695844e+00
1.172682647e+00
1.172677015e+00
1.172673508e+00
1.172670910e+00
1.172668855e+00
1.172667116e+00
1.172665278e+00
1.172661572e+00
1.172646883e+00
1.172607542e+00
1.172597181e+00
1.172595265e+00
1.172594594e+00
1.172594266e+00
1.172594088e+00
1.172593975e+00
1.172593898e+00
1.172593836e+00
1.172593776e+00
1.172593709e+00
1.172593630e+00
1.172593525e+00
1.172593374e+00
1.172593139e+00
1.172592755e+00
1.172592097e+00
1.172591021e+00
1.172589524e+00
1.172588086e+00
1.172587304e+00
1.172586969e+00
1.172586836e+00
1.172586784e+00
1.172586760e+00
1.172586748e+00
1.172586742e+00
1.172586739e+00
1.172586737e+00
1.172586736e+00
1.427012644e+00
1.267086430e+00
1.216121837e+00
1.176958394e+00
1.173065681e+00
1.172559679e+00
1.172347446e+00
1.172123028e+00
1.172013860e+00
1.171928251e+00
1.171855554e+00
1.171776734e+00
1.171690049e+00
1.171668203e+00
1.171658528e+00
1.171652904e+00
1.171649127e+00
1.171646306e+00
1.171644214e+00
1.171642838e+00
1.171642022e+00
1.171641564e+00
1.171641277e+00
1.171641043e+00
1.171640796e+00
1.171640513e+00
1.171640171e+00
1.171639771e+00
1.171639333e+00
1.171638907e+00
1.171638574e+00
1.171638345e+00
1.171638212e+00
1.171638138e+00
1.171638101e+00
1.171638083e+00
1.171638073e+00
1.171638067e+00
1.171638065e+00
1.171638063e+00
1.409692742e+00
1.264624432e+00
1.214253463e+00
1.169328852e+00
1.167431806e+00
1.167098555e+00
1.166943838e+00
1.166830650e+00
1.166765828e+00
1.166723641e+00
1.166694778e+00
1.166681146e+00
1.166673785e+00
1.166666240e+00
1.166642991e+00
1.166597693e+00
1.166582819e+00
1.166576758e+00
1.166573783e+00
1.166572514e+00
1.166571936e+00
1.166571606e+00
1.166571320e+00
1.166570910e+00
1.166570065e+00
1.166567721e+00
1.166559927e+00
1.166538023e+00
1.166512456e+00
1.166508128e+00
1.166507264e+00
1.166506895e+00
1.166506710e+00
1.166506605e+00
1.166506546e+00
1.166506512e+00
1.166506492e+00
1.166506479e+00
1.458262102e+00
1.293758222e+00
1.233811293e+00
1.187359812e+00
1.185006687e+00
1.184465093e+00
1.184145583e+00
1.184002743e+00
1.183876927e+00
1.183849717e+00
1.183834584e+00
1.183824818e+00
1.183819590e+00
1.183816810e+00
1.183814950e+00
1.183813372e+00
1.183811854e+00
1.183810417e+00
1.183809309e+00
1.183808602e+00
1.183808089e+00
1.183807634e+00
1.183807205e+00
1.183806812e+00
1.183806479e+00
1.183806232e+00
1.183806068e+00
1.183805970e+00
1.183805913e+00
1.183805880e+00
1.183805861e+00
1.183805849e+00
1.183805841e+00
1.183805836e+00
1.183805833e+00
1.407200801e+00
1.263949422e+00
1.221786984e+00
1.181733985e+00
1.178247281e+00
1.177712305e+00
1.177567702e+00
1.177495390e+00
1.177448445e+00
1.176659457e+00
1.175523828e+00
1.175455647e+00
1.175444968e+00
1.175440251e+00
1.175436912e+00
1.175434177e+00
1.175431870e+00
1.175429983e+00
1.175428598e+00
1.175427663e+00
1.175426993e+00
1.175426498e+00
1.175426139e+00
1.175425877e+00
1.175425675e+00
1.175425526e+00
1.175425409e+00
1.175425321e+00
1.175425256e+00
1.175425206e+00
1.175425169e+00
1.175425141e+00
1.175425121e+00
1.175425104e+00
1.175425092e+00
1.175425082e+00
1.425443620e+00
1.272511929e+00
1.215898959e+00
1.171877988e+00
1.169242326e+00
1.168769964e+00
1.168656152e+00
1.168609589e+00
1.168569696e+00
1.168511033e+00
1.168405798e+00
1.168310718e+00
1.168265189e+00
1.168252939e+00
1.168248106e+00
1.168245083e+00
1.168242189e+00
1.168238238e+00
1.168231681e+00
1.168223427e+00
1.168217886e+00
1.168214709e+00
1.168213075e+00
1.168212420e+00
1.168212135e+00
1.168211981e+00
1.168211886e+00
1.168211825e+00
1.168211785e+00
1.168211758e+00
1.168211739e+00
1.168211727e+00
1.168211718e+00
1.168211712e+00
1.405415056e+00
1.267351972e+00
1.213076808e+00
1.169451513e+00
1.166813046e+00
1.166286904e+00
1.166060759e+00
1.165895556e+00
1.165787048e+00
1.165730238e+00
1.165689683e+00
1.165665671e+00
1.165651798e+00
1.165644384e+00
1.165640944e+00
1.165639292e+00
1.165638409e+00
1.165637893e+00
1.165637580e+00
1.165637382e+00
1.165637241e+00
1.165637130e+00
1.165637033e+00
1.165636939e+00
1.165636838e+00
1.165636714e+00
1.165636535e+00
1.165636247e+00
1.165635700e+00
1.165634635e+00
1.165632622e+00
1.165629958e+00
1.165628357e+00
1.165627833e+00
1.165627697e+00
1.165627655e+00
1.165627640e+00
1.165627633e+00
1.165627630e+00
1.165627628e+00
1.428755231e+00
1.278804524e+00
1.223825403e+00
1.180126179e+00
1.177839764e+00
1.177624611e+00
1.177546072e+00
1.177493059e+00
1.177462922e+00
1.177443301e+00
1.177431258e+00
1.177424731e+00
1.177421101e+00
1.177419137e+00
1.177417939e+00
1.177417223e+00
1.177416776e+00
1.177416485e+00
1.177416303e+00
1.177416194e+00
1.177416126e+00
1.177416084e+00
1.177416058e+00
1.177416043e+00
1.177416033e+00
1.177416027e+00
1.398265205e+00
1.270856158e+00
1.214533836e+00
1.174058047e+00
1.172173206e+00
1.172001469e+00
1.171886223e+00
1.171748915e+00
1.171620434e+00
1.171578544e+00
1.171557381e+00
1.171543877e+00
1.171530535e+00
1.171507888e+00
1.171464223e+00
1.171448160e+00
1.171443850e+00
1.171442000e+00
1.171441257e+00
1.171440984e+00
1.171440871e+00
1.171440823e+00
1.171440801e+00
1.171440790e+00
1.171440785e+00
