0.004
0.007
0.010
0.014
0.051
0.369
0.511
0.669
0.806
0.911
1.000
1.094
1.173
1.274
1.375
1.476
1.576
1.676
1.770
1.871
1.970
2.063
2.154
2.276
2.363
2.471
2.558
2.652
2.742
2.867
2.953
3.059
3.147
3.243
3.347
3.463
3.550
3.658
3.744
3.840
3.953
4.078
4.166
4.272
4.358
4.455
4.567
4.686
4.773
4.880
4.966
5.041
5.144
5.241
5.330
5.424
5.534
5.627
5.726
5.821
5.907
5.986
6.088
6.221
6.321
6.413
6.492
6.598
6.691
6.780
6.899
7.025
7.088
7.182
7.280
7.376
7.498
7.618
7.682
7.781
7.879
7.976
8.053
8.150
8.213
8.303
8.398
8.491
8.570
8.665
8.727
8.825
0.009
0.017
0.025
0.042
0.500
0.653
0.782
1.064
1.312
1.508
1.679
1.848
1.989
2.135
2.267
2.384
2.481
2.599
2.704
2.838
2.964
3.075
3.176
3.300
3.399
3.513
3.606
3.716
3.828
3.942
4.045
4.159
4.253
4.365
4.462
4.576
4.700
4.820
4.935
5.050
5.147
5.261
5.384
5.505
5.618
5.737
5.834
5.948
6.068
6.190
6.299
6.409
6.508
6.639
6.764
6.891
7.004
7.119
7.215
7.329
7.442
7.563
7.674
0.010
0.018
0.026
0.044
0.191
0.336
0.461
0.606
0.737
0.824
0.959
1.098
1.212
1.340
1.471
1.555
1.687
1.820
1.969
2.095
2.228
2.312
2.443
2.583
2.736
2.863
2.994
3.078
3.216
3.342
3.484
3.611
3.743
3.828
3.963
4.087
4.230
4.356
4.490
4.575
0.010
0.018
0.026
0.044
0.192
0.359
0.492
0.638
0.769
0.856
0.991
1.130
1.262
1.383
1.509
1.609
1.695
1.825
1.961
2.100
2.217
2.317
2.453
2.592
2.735
2.866
2.983
3.084
3.215
3.350
3.475
3.606
3.723
3.824
3.972
4.104
4.239
4.382
0.010
0.018
0.026
0.044
0.195
0.337
0.453
0.599
0.732
0.820
0.950
1.069
1.208
1.343
1.491
1.579
1.706
1.825
1.955
2.092
2.225
2.312
2.446
2.569
2.696
2.828
2.963
3.051
3.191
3.310
3.434
3.568
3.707
3.796
3.940
0.010
0.018
0.027
0.044
0.196
0.335
0.468
0.605
0.736
0.818
0.961
1.080
1.218
1.343
1.457
1.533
1.670
1.777
1.921
2.046
2.155
2.232
2.369
2.488
2.624
2.749
2.861
2.939
3.078
3.195
3.328
3.457
3.571
3.650
3.792
3.907
0.009
0.017
0.025
0.042
0.190
0.333
0.469
0.599
0.718
0.786
0.880
0.999
1.125
1.225
1.353
1.489
1.598
1.712
1.846
1.945
2.074
2.202
2.322
2.430
2.555
2.652
2.783
2.915
3.035
3.156
3.285
3.383
3.510
3.643
0.009
0.017
0.025
0.042
0.222
0.361
0.488
0.618
0.742
0.810
0.945
1.045
1.167
1.273
1.401
1.532
1.671
1.788
1.905
2.012
2.136
2.273
2.419
2.532
2.651
2.755
2.883
3.018
3.162
3.272
3.390
3.494
3.623
3.749
3.887
4.004
4.125
4.228
4.360
4.493
0.009
0.017
0.025
0.042
0.176
0.320
0.453
0.587
0.705
0.772
0.907
1.037
1.161
1.276
1.392
1.459
1.591
1.725
1.855
1.971
2.089
2.167
2.302
2.432
2.565
2.680
0.009
0.017
0.025
0.041
0.184
0.308
0.442
0.571
0.687
0.753
0.881
1.013
1.148
1.276
1.391
1.458
1.586
1.726
1.875
2.002
2.117
2.183
2.321
2.461
2.591
