0.0000
0.2000
0.4000
0.6000
1.0000
2.0000
4.0000
5.0000
8.0000
10.0000
15.0000
20.0000
25.0000
30.0000
35.0000
36.0000
0.0000
0.2000
0.4000
0.6000
1.0000
2.0000
4.0000
5.0000
8.0000
10.0000
15.0000
16.0000
0.0000
0.2000
0.4000
0.6000
1.0000
2.0000
4.0000
5.0000
8.0000
10.0000
15.0000
16.0000
0.0000
0.2000
0.4000
0.6000
1.0000
2.0000
4.0000
5.0000
8.0000
10.0000
15.0000
16.0000
0.0000
0.2000
0.4000
0.6000
1.0000
2.0000
4.0000
5.0000
8.0000
10.0000
15.0000
16.0000
0.0000
0.2000
0.4000
0.6000
1.0000
2.0000
4.0000
5.0000
8.0000
10.0000
15.0000
16.0000
0.0000
0.2000
0.4000
0.6000
1.0000
2.0000
4.0000
5.0000
8.0000
10.0000
15.0000
16.0000
0.0000
0.2000
0.4000
0.6000
1.0000
2.0000
4.0000
5.0000
8.0000
10.0000
15.0000
16.0000
0.0000
0.2000
0.4000
0.6000
1.0000
2.0000
4.0000
5.0000
8.0000
10.0000
15.0000
16.0000
0.0000
0.2000
0.4000
0.6000
1.0000
2.0000
4.0000
5.0000
8.0000
10.0000
15.0000
16.0000
0.0000
0.2000
0.4000
0.6000
1.0000
2.0000
4.0000
5.0000
8.0000
10.0000
15.0000
16.0000
0.0000
0.2000
0.4000
0.6000
1.0000
2.0000
4.0000
5.0000
8.0000
10.0000
15.0000
16.0000
0.0000
0.2000
0.4000
0.6000
1.0000
2.0000
4.0000
5.0000
8.0000
10.0000
15.0000
16.0000
0.0000
0.2000
0.4000
0.6000
1.0000
2.0000
4.0000
5.0000
8.0000
10.0000
15.0000
16.0000
0.0000
0.2000
0.4000
0.6000
1.0000
2.0000
4.0000
5.0000
8.0000
10.0000
15.0000
16.0000
0.0000
0.2000
0.4000
0.6000
1.0000
2.0000
4.0000
5.0000
8.0000
10.0000
15.0000
16.0000
0.0000
0.2000
0.4000
0.6000
1.0000
2.0000
4.0000
5.0000
8.0000
10.0000
15.0000
16.0000
0.0000
0.2000
0.4000
0.6000
1.0000
2.0000
4.0000
5.0000
8.0000
10.0000
15.0000
16.0000
0.0000
0.2000
0.4000
0.6000
1.0000
2.0000
4.0000
5.0000
8.0000
10.0000
15.0000
16.0000
0.0000
0.2000
0.4000
0.6000
1.0000
2.0000
4.0000
5.0000
8.0000
10.0000
15.0000
16.0000
0.0000
0.2000
0.4000
0.6000
1.0000
2.0000
4.0000
5.0000
8.0000
10.0000
15.0000
16.0000
0.0000
0.2000
0.4000
0.6000
1.0000
2.0000
4.0000
5.0000
8.0000
10.0000
15.0000
16.0000
0.0000
0.2000
0.4000
0.6000
1.0000
2.0000
4.0000
5.0000
8.0000
10.0000
15.0000
16.0000
0.0000
0.2000
0.4000
0.6000
1.0000
2.0000
4.0000
5.0000
8.0000
10.0000
15.0000
16.0000
0.0000
0.2000
0.4000
0.6000
1.0000
2.0000
4.0000
5.0000
8.0000
10.0000
15.0000
16.0000
0.0000
0.2000
0.4000
0.6000
1.0000
2.0000
4.0000
5.0000
8.0000
10.0000
15.0000
16.0000
0.0000
0.2000
0.4000
0.6000
1.0000
2.0000
4.0000
5.0000
8.0000
10.0000
15.0000
16.0000
0.0000
0.2000
0.4000
0.6000
1.0000
2.0000
4.0000
5.0000
8.0000
10.0000
15.0000
16.0000
0.0000
0.2000
0.4000
0.6000
1.0000
2.0000
4.0000
5.0000
8.0000
10.0000
15.0000
16.0000
0.0000
0.2000
0.4000
0.6000
1.0000
2.0000
4.0000
5.0000
8.0000
10.0000
15.0000
16.0000
0.0000
0.2000
0.4000
0.6000
1.0000
2.0000
4.0000
5.0000
8.0000
10.0000
15.0000
16.0000
0.0000
0.2000
0.4000
0.6000
1.0000
2.0000
4.0000
5.0000
8.0000
10.0000
15.0000
16.0000
0.0000
0.2000
0.4000
0.6000
1.0000
2.0000
4.0000
5.0000
8.0000
10.0000
15.0000
16.0000
0.0000
0.2000
0.4000
0.6000
1.0000
2.0000
4.0000
5.0000
8.0000
10.0000
15.0000
16.0000
0.0000
0.2000
0.4000
0.6000
1.0000
2.0000
4.0000
5.0000
8.0000
10.0000
15.0000
16.0000
0.0000
0.2000
0.4000
0.6000
1.0000
2.0000
4.0000
5.0000
8.0000
10.0000
15.0000
16.0000
0.0000
0.2000
0.4000
0.6000
1.0000
2.0000
4.0000
5.0000
8.0000
10.0000
15.0000
16.0000
0.0000
0.2000
0.4000
0.6000
1.0000
2.0000
4.0000
5.0000
8.0000
10.0000
15.0000
16.0000
0.0000
0.2000
0.4000
0.6000
1.0000
2.0000
4.0000
5.0000
8.0000
10.0000
15.0000
16.0000
0.0000
0.2000
0.4000
0.6000
1.0000
2.0000
4.0000
5.0000
8.0000
10.0000
15.0000
16.0000
0.0000
0.2000
0.4000
0.6000
1.0000
2.0000
4.0000
5.0000
8.0000
10.0000
15.0000
16.0000
0.0000
0.2000
0.4000
0.6000
1.0000
2.0000
4.0000
5.0000
8.0000
10.0000
15.0000
16.0000
0.0000
0.2000
0.4000
0.6000
1.0000
2.0000
4.0000
5.0000
8.0000
10.0000
15.0000
20.0000
25.0000
30.0000
35.0000
40.0000
45.0000
48.0000
0.0000
0.2000
0.4000
0.6000
1.0000
2.0000
4.0000
5.0000
8.0000
10.0000
15.0000
16.0000
0.0000
0.2000
0.4000
0.6000
1.0000
2.0000
4.0000
5.0000
8.0000
10.0000
15.0000
16.0000
0.0000
0.2000
0.4000
0.6000
1.0000
2.0000
4.0000
5.0000
8.0000
10.0000
15.0000
16.0000
0.0000
0.2000
0.4000
0.6000
1.0000
2.0000
4.0000
5.0000
8.0000
10.0000
15.0000
16.0000
0.0000
0.2000
0.4000
0.6000
1.0000
2.0000
4.0000
5.0000
8.0000
10.0000
15.0000
16.0000
0.0000
0.2000
0.4000
0.6000
1.0000
2.0000
4.0000
5.0000
8.0000
10.0000
15.0000
16.0000
0.0000
0.2000
0.4000
0.6000
1.0000
2.0000
4.0000
5.0000
8.0000
10.0000
15.0000
16.0000
0.0000
0.2000
0.4000
0.6000
1.0000
2.0000
4.0000
5.0000
8.0000
10.0000
15.0000
16.0000
0.0000
0.2000
0.4000
0.6000
1.0000
2.0000
4.0000
5.0000
8.0000
10.0000
15.0000
16.0000
0.0000
0.2000
0.4000
0.6000
1.0000
2.0000
4.0000
5.0000
8.0000
10.0000
15.0000
16.0000
0.0000
0.2000
0.4000
0.6000
1.0000
2.0000
4.0000
5.0000
8.0000
10.0000
0.0000
0.2000
0.4000
0.6000
1.0000
2.0000
4.0000
5.0000
8.0000
10.0000
15.0000
20.0000
25.0000
30.0000
31.0000
0.0000
0.2000
0.4000
0.6000
1.0000
2.0000
4.0000
5.0000
8.0000
10.0000
15.0000
20.0000
24.0000
0.0000
0.2000
0.4000
0.6000
1.0000
2.0000
4.0000
5.0000
8.0000
10.0000
15.0000
16.0000
0.0000
0.2000
0.4000
0.6000
1.0000
2.0000
4.0000
5.0000
8.0000
10.0000
15.0000
16.0000
0.0000
0.2000
0.4000
0.6000
1.0000
2.0000
4.0000
5.0000
8.0000
10.0000
15.0000
16.0000
0.0000
0.2000
0.4000
0.6000
1.0000
2.0000
4.0000
5.0000
8.0000
10.0000
15.0000
16.0000
0.0000
0.2000
0.4000
0.6000
1.0000
2.0000
4.0000
5.0000
8.0000
10.0000
15.0000
16.0000
0.0000
0.2000
0.4000
0.6000
1.0000
2.0000
4.0000
5.0000
8.0000
10.0000
15.0000
16.0000
0.0000
0.2000
0.4000
0.6000
1.0000
2.0000
4.0000
5.0000
8.0000
10.0000
15.0000
16.0000
0.0000
0.2000
0.4000
0.6000
1.0000
2.0000
4.0000
5.0000
8.0000
10.0000
15.0000
16.0000
0.0000
0.2000
0.4000
0.6000
1.0000
2.0000
4.0000
5.0000
8.0000
10.0000
15.0000
16.0000
0.0000
0.2000
0.4000
0.6000
1.0000
2.0000
4.0000
5.0000
8.0000
10.0000
15.0000
16.0000
0.0000
0.2000
0.4000
0.6000
1.0000
2.0000
4.0000
5.0000
8.0000
10.0000
15.0000
16.0000
0.0000
0.2000
0.4000
0.6000
1.0000
2.0000
4.0000
5.0000
8.0000
10.0000
15.0000
16.0000
0.0000
0.2000
0.4000
0.6000
1.0000
2.0000
4.0000
5.0000
8.0000
10.0000
15.0000
16.0000
0.0000
0.2000
0.4000
0.6000
1.0000
2.0000
4.0000
5.0000
8.0000
10.0000
15.0000
16.0000
0.0000
0.2000
0.4000
0.6000
1.0000
2.0000
4.0000
5.0000
8.0000
10.0000
15.0000
16.0000
0.0000
0.2000
0.4000
0.6000
1.0000
2.0000
4.0000
5.0000
8.0000
10.0000
15.0000
16.0000
0.0000
0.2000
0.4000
0.6000
1.0000
2.0000
4.0000
5.0000
8.0000
10.0000
15.0000
16.0000
0.0000
0.2000
0.4000
0.6000
1.0000
2.0000
4.0000
5.0000
8.0000
10.0000
15.0000
16.0000
0.0000
0.2000
0.4000
0.6000
1.0000
2.0000
4.0000
5.0000
8.0000
10.0000
15.0000
16.0000
0.0000
0.2000
0.4000
0.6000
1.0000
2.0000
4.0000
5.0000
8.0000
10.0000
15.0000
16.0000
0.0000
0.2000
0.4000
0.6000
1.0000
2.0000
4.0000
5.0000
8.0000
10.0000
15.0000
16.0000
0.0000
0.2000
0.4000
0.6000
1.0000
2.0000
4.0000
5.0000
8.0000
10.0000
15.0000
16.0000
0.0000
0.2000
0.4000
0.6000
1.0000
2.0000
4.0000
5.0000
8.0000
10.0000
15.0000
16.0000
0.0000
0.2000
0.4000
0.6000
1.0000
2.0000
4.0000
5.0000
8.0000
10.0000
15.0000
16.0000
0.0000
0.2000
0.4000
0.6000
1.0000
2.0000
4.0000
5.0000
8.0000
10.0000
15.0000
16.0000
0.0000
0.2000
0.4000
0.6000
1.0000
2.0000
4.0000
5.0000
8.0000
10.0000
15.0000
16.0000
0.0000
0.2000
0.4000
0.6000
1.0000
2.0000
4.0000
5.0000
8.0000
10.0000
15.0000
16.0000
0.0000
0.2000
0.4000
0.6000
1.0000
2.0000
4.0000
5.0000
8.0000
10.0000
15.0000
16.0000
0.0000
0.2000
0.4000
0.6000
1.0000
2.0000
4.0000
5.0000
8.0000
10.0000
15.0000
16.0000
0.0000
0.2000
0.4000
0.6000
1.0000
2.0000
4.0000
5.0000
8.0000
10.0000
15.0000
16.0000
0.0000
0.2000
0.4000
0.6000
1.0000
2.0000
4.0000
5.0000
8.0000
10.0000
15.0000
16.0000
0.0000
0.2000
0.4000
0.6000
1.0000
2.0000
4.0000
5.0000
8.0000
10.0000
15.0000
16.0000
0.0000
0.2000
0.4000
0.6000
1.0000
2.0000
4.0000
5.0000
8.0000
10.0000
15.0000
16.0000
0.0000
0.2000
0.4000
0.6000
1.0000
2.0000
4.0000
5.0000
8.0000
10.0000
15.0000
16.0000
0.0000
0.2000
0.4000
0.6000
1.0000
2.0000
4.0000
5.0000
8.0000
10.0000
15.0000
16.0000
0.0000
0.2000
0.4000
0.6000
1.0000
2.0000
4.0000
5.0000
8.0000
10.0000
15.0000
16.0000
0.0000
0.2000
0.4000
0.6000
1.0000
2.0000
4.0000
5.0000
8.0000
10.0000
15.0000
16.0000
0.0000
0.2000
0.4000
0.6000
1.0000
2.0000
4.0000
5.0000
8.0000
10.0000
15.0000
20.0000
25.0000
30.0000
35.0000
40.0000
45.0000
50.0000
55.0000
60.0000
65.0000
69.0000
0.0000
0.2000
0.4000
0.6000
1.0000
2.0000
4.0000
5.0000
8.0000
10.0000
15.0000
20.0000
25.0000
30.0000
35.0000
40.0000
45.0000
50.0000
55.0000
60.0000
65.0000
70.0000
75.0000
78.0000
0.0000
0.2000
0.4000
0.6000
1.0000
2.0000
4.0000
5.0000
8.0000
10.0000
15.0000
20.0000
25.0000
30.0000
35.0000
40.0000
43.0000
0.0000
0.2000
0.4000
0.6000
1.0000
2.0000
4.0000
5.0000
8.0000
10.0000
15.0000
20.0000
25.0000
30.0000
34.0000
0.0000
0.2000
0.4000
0.6000
1.0000
2.0000
4.0000
5.0000
8.0000
10.0000
15.0000
20.0000
25.0000
30.0000
35.0000
40.0000
45.0000
50.0000
53.0000
0.0000
0.2000
0.4000
0.6000
1.0000
2.0000
4.0000
5.0000
8.0000
10.0000
15.0000
20.0000
23.0000
0.0000
0.2000
0.4000
0.6000
1.0000
2.0000
4.0000
5.0000
8.0000
10.0000
15.0000
20.0000
25.0000
30.0000
35.0000
40.0000
45.0000
50.0000
55.0000
60.0000
65.0000
70.0000
72.0000
0.0000
0.2000
0.4000
0.6000
1.0000
2.0000
4.0000
5.0000
8.0000
10.0000
15.0000
20.0000
25.0000
30.0000
35.0000
40.0000
42.0000
0.0000
0.2000
0.4000
0.6000
1.0000
2.0000
4.0000
5.0000
8.0000
10.0000
15.0000
20.0000
0.0000
0.2000
0.4000
0.6000
1.0000
2.0000
4.0000
5.0000
8.0000
10.0000
15.0000
20.0000
25.0000
30.0000
35.0000
40.0000
45.0000
50.0000
0.0000
0.2000
0.4000
0.6000
1.0000
2.0000
4.0000
5.0000
8.0000
10.0000
15.0000
20.0000
25.0000
30.0000
35.0000
40.0000
45.0000
50.0000
55.0000
60.0000
65.0000
70.0000
75.0000
80.0000
85.0000
90.0000
95.0000
100.0000
105.0000
110.0000
115.0000
120.0000
0.0000
0.2000
0.4000
0.6000
1.0000
2.0000
4.0000
5.0000
8.0000
10.0000
15.0000
20.0000
25.0000
30.0000
35.0000
40.0000
45.0000
50.0000
55.0000
60.0000
65.0000
70.0000
75.0000
80.0000
85.0000
90.0000
95.0000
100.0000
105.0000
110.0000
115.0000
120.0000
125.0000
130.0000
135.0000
140.0000
144.0000
0.0000
0.2000
0.4000
0.6000
1.0000
2.0000
4.0000
5.0000
8.0000
10.0000
15.0000
20.0000
25.0000
30.0000
35.0000
40.0000
45.0000
50.0000
55.0000
60.0000
65.0000
70.0000
75.0000
80.0000
85.0000
90.0000
95.0000
100.0000
105.0000
110.0000
115.0000
120.0000
125.0000
130.0000
135.0000
140.0000
145.0000
150.0000
155.0000
160.0000
165.0000
170.0000
175.0000
179.0000
0.0000
0.2000
0.4000
0.6000
1.0000
2.0000
4.0000
5.0000
8.0000
10.0000
15.0000
20.0000
25.0000
30.0000
35.0000
40.0000
45.0000
50.0000
55.0000
60.0000
65.0000
70.0000
75.0000
80.0000
85.0000
90.0000
95.0000
100.0000
105.0000
110.0000
115.0000
120.0000
125.0000
130.0000
135.0000
140.0000
145.0000
150.0000
155.0000
160.0000
161.0000
0.0000
0.2000
0.4000
0.6000
1.0000
2.0000
4.0000
5.0000
8.0000
10.0000
15.0000
20.0000
25.0000
30.0000
35.0000
40.0000
45.0000
50.0000
55.0000
60.0000
65.0000
70.0000
75.0000
80.0000
85.0000
90.0000
95.0000
100.0000
105.0000
110.0000
115.0000
120.0000
125.0000
130.0000
135.0000
140.0000
145.0000
150.0000
155.0000
160.0000
164.0000
0.0000
0.2000
0.4000
0.6000
1.0000
2.0000
4.0000
5.0000
8.0000
10.0000
15.0000
20.0000
25.0000
30.0000
35.0000
40.0000
45.0000
50.0000
55.0000
60.0000
65.0000
70.0000
75.0000
80.0000
85.0000
90.0000
95.0000
100.0000
105.0000
110.0000
115.0000
120.0000
125.0000
130.0000
135.0000
140.0000
145.0000
150.0000
155.0000
160.0000
165.0000
170.0000
0.0000
0.2000
0.4000
0.6000
1.0000
2.0000
4.0000
5.0000
8.0000
10.0000
15.0000
20.0000
25.0000
30.0000
35.0000
40.0000
45.0000
50.0000
55.0000
60.0000
65.0000
70.0000
75.0000
80.0000
85.0000
90.0000
95.0000
100.0000
101.0000
0.0000
0.2000
0.4000
0.6000
1.0000
2.0000
4.0000
5.0000
8.0000
10.0000
15.0000
20.0000
25.0000
30.0000
35.0000
40.0000
45.0000
50.0000
55.0000
60.0000
65.0000
70.0000
75.0000
80.0000
85.0000
90.0000
0.0000
0.2000
0.4000
0.6000
1.0000
2.0000
4.0000
5.0000
8.0000
10.0000
15.0000
20.0000
25.0000
30.0000
35.0000
40.0000
45.0000
50.0000
55.0000
60.0000
65.0000
70.0000
75.0000
80.0000
85.0000
0.0000
0.2000
0.4000
0.6000
1.0000
2.0000
4.0000
5.0000
8.0000
10.0000
15.0000
20.0000
25.0000
30.0000
35.0000
40.0000
45.0000
50.0000
55.0000
60.0000
65.0000
70.0000
75.0000
80.0000
83.0000
0.0000
0.2000
0.4000
0.6000
1.0000
2.0000
4.0000
5.0000
8.0000
10.0000
15.0000
20.0000
25.0000
30.0000
35.0000
40.0000
45.0000
50.0000
55.0000
60.0000
65.0000
70.0000
75.0000
80.0000
85.0000
90.0000
95.0000
97.0000
0.0000
0.2000
0.4000
0.6000
1.0000
2.0000
4.0000
5.0000
8.0000
10.0000
15.0000
20.0000
25.0000
30.0000
35.0000
40.0000
45.0000
50.0000
55.0000
60.0000
65.0000
69.0000
0.0000
0.2000
0.4000
0.6000
1.0000
2.0000
4.0000
5.0000
8.0000
10.0000
15.0000
20.0000
25.0000
30.0000
35.0000
40.0000
45.0000
50.0000
55.0000
60.0000
65.0000
70.0000
75.0000
80.0000
85.0000
90.0000
95.0000
100.0000
105.0000
0.0000
0.2000
0.4000
0.6000
1.0000
2.0000
4.0000
5.0000
8.0000
10.0000
15.0000
20.0000
25.0000
30.0000
35.0000
40.0000
45.0000
50.0000
55.0000
60.0000
65.0000
70.0000
75.0000
80.0000
85.0000
90.0000
95.0000
0.0000
0.2000
0.4000
0.6000
1.0000
2.0000
4.0000
5.0000
8.0000
10.0000
15.0000
20.0000
25.0000
30.0000
35.0000
40.0000
45.0000
50.0000
55.0000
60.0000
65.0000
70.0000
75.0000
80.0000
83.0000
0.0000
0.2000
0.4000
0.6000
1.0000
2.0000
4.0000
5.0000
8.0000
10.0000
15.0000
20.0000
25.0000
30.0000
35.0000
40.0000
45.0000
50.0000
55.0000
60.0000
65.0000
70.0000
75.0000
80.0000
85.0000
90.0000
95.0000
100.0000
105.0000
110.0000
115.0000
120.0000
125.0000
130.0000
135.0000
140.0000
145.0000
150.0000
155.0000
160.0000
165.0000
166.0000
0.0000
0.2000
0.4000
0.6000
1.0000
2.0000
4.0000
5.0000
8.0000
10.0000
15.0000
20.0000
25.0000
30.0000
35.0000
40.0000
45.0000
50.0000
55.0000
60.0000
65.0000
70.0000
75.0000
80.0000
85.0000
90.0000
95.0000
100.0000
105.0000
110.0000
115.0000
120.0000
125.0000
130.0000
135.0000
140.0000
145.0000
150.0000
155.0000
157.0000
0.0000
0.2000
0.4000
0.6000
1.0000
2.0000
4.0000
5.0000
8.0000
10.0000
15.0000
20.0000
25.0000
30.0000
35.0000
40.0000
45.0000
50.0000
55.0000
60.0000
65.0000
70.0000
75.0000
80.0000
85.0000
90.0000
95.0000
100.0000
105.0000
110.0000
115.0000
120.0000
125.0000
130.0000
135.0000
140.0000
145.0000
150.0000
155.0000
160.0000
165.0000
170.0000
175.0000
180.0000
185.0000
190.0000
195.0000
200.0000
205.0000
210.0000
215.0000
220.0000
225.0000
230.0000
235.0000
240.0000
245.0000
250.0000
255.0000
260.0000
265.0000
269.0000
0.0000
0.2000
0.4000
0.6000
1.0000
2.0000
4.0000
5.0000
8.0000
10.0000
15.0000
20.0000
25.0000
30.0000
35.0000
40.0000
45.0000
50.0000
55.0000
60.0000
65.0000
70.0000
75.0000
80.0000
85.0000
90.0000
95.0000
100.0000
105.0000
110.0000
115.0000
120.0000
125.0000
130.0000
135.0000
140.0000
145.0000
150.0000
155.0000
160.0000
165.0000
170.0000
175.0000
180.0000
185.0000
190.0000
195.0000
200.0000
205.0000
210.0000
215.0000
220.0000
225.0000
230.0000
235.0000
240.0000
245.0000
250.0000
255.0000
260.0000
265.0000
267.0000
0.0000
0.2000
0.4000
0.6000
1.0000
2.0000
4.0000
5.0000
8.0000
10.0000
15.0000
20.0000
25.0000
30.0000
35.0000
40.0000
45.0000
50.0000
55.0000
60.0000
65.0000
70.0000
75.0000
80.0000
85.0000
90.0000
95.0000
100.0000
105.0000
110.0000
115.0000
120.0000
125.0000
130.0000
135.0000
140.0000
145.0000
150.0000
155.0000
160.0000
165.0000
170.0000
173.0000
0.0000
0.2000
0.4000
0.6000
1.0000
2.0000
4.0000
5.0000
8.0000
10.0000
15.0000
20.0000
25.0000
30.0000
35.0000
40.0000
45.0000
50.0000
55.0000
60.0000
65.0000
70.0000
75.0000
80.0000
85.0000
90.0000
95.0000
100.0000
105.0000
110.0000
115.0000
120.0000
124.0000
0.0000
0.2000
0.4000
0.6000
1.0000
2.0000
4.0000
5.0000
8.0000
10.0000
15.0000
20.0000
25.0000
30.0000
35.0000
40.0000
45.0000
50.0000
55.0000
60.0000
65.0000
70.0000
75.0000
80.0000
85.0000
90.0000
95.0000
100.0000
105.0000
107.0000
0.0000
0.2000
0.4000
0.6000
1.0000
2.0000
4.0000
5.0000
8.0000
10.0000
15.0000
20.0000
25.0000
30.0000
35.0000
40.0000
45.0000
0.0000
0.2000
0.4000
0.6000
1.0000
2.0000
4.0000
5.0000
8.0000
10.0000
15.0000
20.0000
25.0000
30.0000
35.0000
40.0000
45.0000
50.0000
55.0000
60.0000
0.0000
0.2000
0.4000
0.6000
1.0000
2.0000
4.0000
5.0000
8.0000
10.0000
15.0000
20.0000
25.0000
30.0000
35.0000
40.0000
45.0000
50.0000
55.0000
60.0000
65.0000
70.0000
75.0000
80.0000
85.0000
90.0000
95.0000
100.0000
105.0000
110.0000
115.0000
120.0000
125.0000
130.0000
135.0000
140.0000
145.0000
150.0000
155.0000
160.0000
165.0000
170.0000
175.0000
180.0000
185.0000
190.0000
195.0000
200.0000
205.0000
210.0000
215.0000
220.0000
225.0000
230.0000
235.0000
240.0000
245.0000
250.0000
255.0000
260.0000
265.0000
270.0000
275.0000
280.0000
285.0000
0.0000
0.2000
0.4000
0.6000
1.0000
2.0000
4.0000
5.0000
8.0000
10.0000
15.0000
20.0000
25.0000
30.0000
35.0000
39.0000
0.0000
0.2000
0.4000
0.6000
1.0000
2.0000
4.0000
5.0000
8.0000
10.0000
15.0000
20.0000
25.0000
30.0000
35.0000
40.0000
45.0000
50.0000
55.0000
60.0000
65.0000
70.0000
75.0000
80.0000
83.0000
0.0000
0.2000
0.4000
0.6000
1.0000
2.0000
4.0000
5.0000
8.0000
10.0000
15.0000
20.0000
25.0000
30.0000
35.0000
40.0000
45.0000
50.0000
55.0000
60.0000
65.0000
70.0000
75.0000
80.0000
85.0000
0.0000
0.2000
0.4000
0.6000
1.0000
2.0000
4.0000
5.0000
8.0000
10.0000
15.0000
20.0000
25.0000
30.0000
35.0000
40.0000
45.0000
50.0000
55.0000
60.0000
65.0000
70.0000
75.0000
76.0000
0.0000
0.2000
0.4000
0.6000
1.0000
2.0000
4.0000
5.0000
8.0000
10.0000
15.0000
20.0000
25.0000
30.0000
35.0000
40.0000
42.0000
0.0000
0.2000
0.4000
0.6000
1.0000
2.0000
4.0000
5.0000
8.0000
10.0000
15.0000
20.0000
25.0000
30.0000
35.0000
40.0000
45.0000
50.0000
55.0000
0.0000
0.2000
0.4000
0.6000
1.0000
2.0000
4.0000
5.0000
8.0000
10.0000
15.0000
20.0000
25.0000
30.0000
35.0000
40.0000
45.0000
50.0000
55.0000
0.0000
0.2000
0.4000
0.6000
1.0000
2.0000
4.0000
5.0000
8.0000
10.0000
15.0000
20.0000
25.0000
30.0000
35.0000
40.0000
0.0000
0.2000
0.4000
0.6000
1.0000
2.0000
4.0000
5.0000
8.0000
10.0000
15.0000
20.0000
25.0000
30.0000
35.0000
40.0000
45.0000
50.0000
55.0000
60.0000
65.0000
70.0000
72.0000
0.0000
0.2000
0.4000
0.6000
1.0000
2.0000
4.0000
5.0000
8.0000
10.0000
15.0000
20.0000
25.0000
30.0000
35.0000
40.0000
0.0000
0.2000
0.4000
0.6000
1.0000
2.0000
4.0000
5.0000
8.0000
10.0000
15.0000
20.0000
25.0000
30.0000
35.0000
40.0000
45.0000
50.0000
55.0000
60.0000
65.0000
70.0000
75.0000
80.0000
85.0000
0.0000
0.2000
0.4000
0.6000
1.0000
2.0000
4.0000
5.0000
8.0000
10.0000
15.0000
20.0000
25.0000
30.0000
35.0000
40.0000
45.0000
50.0000
55.0000
60.0000
65.0000
70.0000
75.0000
80.0000
85.0000
90.0000
95.0000
0.0000
0.2000
0.4000
0.6000
1.0000
2.0000
4.0000
5.0000
8.0000
10.0000
15.0000
20.0000
25.0000
30.0000
35.0000
40.0000
45.0000
50.0000
55.0000
60.0000
61.0000
0.0000
0.2000
0.4000
0.6000
1.0000
2.0000
4.0000
5.0000
8.0000
10.0000
15.0000
20.0000
25.0000
30.0000
35.0000
40.0000
45.0000
50.0000
55.0000
59.0000
0.0000
0.2000
0.4000
0.6000
1.0000
2.0000
4.0000
5.0000
8.0000
10.0000
15.0000
20.0000
25.0000
30.0000
35.0000
40.0000
45.0000
50.0000
55.0000
60.0000
65.0000
70.0000
74.0000
0.0000
0.2000
0.4000
0.6000
1.0000
2.0000
4.0000
5.0000
8.0000
10.0000
15.0000
20.0000
25.0000
30.0000
35.0000
40.0000
45.0000
50.0000
55.0000
60.0000
65.0000
70.0000
75.0000
76.0000
0.0000
0.2000
0.4000
0.6000
1.0000
2.0000
4.0000
5.0000
8.0000
10.0000
15.0000
20.0000
25.0000
30.0000
35.0000
40.0000
45.0000
50.0000
55.0000
57.0000
0.0000
0.2000
0.4000
0.6000
1.0000
2.0000
4.0000
5.0000
8.0000
10.0000
15.0000
20.0000
25.0000
30.0000
35.0000
40.0000
45.0000
50.0000
55.0000
60.0000
65.0000
70.0000
75.0000
80.0000
85.0000
0.0000
0.2000
0.4000
0.6000
1.0000
2.0000
4.0000
5.0000
8.0000
10.0000
15.0000
20.0000
25.0000
30.0000
35.0000
40.0000
0.0000
0.2000
0.4000
0.6000
1.0000
2.0000
4.0000
5.0000
8.0000
10.0000
15.0000
20.0000
25.0000
30.0000
35.0000
40.0000
45.0000
50.0000
55.0000
60.0000
65.0000
70.0000
74.0000
0.0000
0.2000
0.4000
0.6000
1.0000
2.0000
4.0000
5.0000
8.0000
10.0000
15.0000
20.0000
25.0000
30.0000
35.0000
40.0000
45.0000
50.0000
55.0000
60.0000
65.0000
70.0000
75.0000
80.0000
85.0000
90.0000
95.0000
100.0000
105.0000
106.0000
0.0000
0.2000
0.4000
0.6000
1.0000
2.0000
4.0000
5.0000
8.0000
10.0000
15.0000
20.0000
25.0000
30.0000
35.0000
40.0000
45.0000
50.0000
55.0000
60.0000
65.0000
70.0000
75.0000
80.0000
85.0000
89.0000
0.0000
0.2000
0.4000
0.6000
1.0000
2.0000
4.0000
5.0000
8.0000
10.0000
15.0000
20.0000
25.0000
30.0000
35.0000
40.0000
45.0000
50.0000
55.0000
60.0000
65.0000
70.0000
75.0000
80.0000
85.0000
90.0000
95.0000
100.0000
105.0000
110.0000
115.0000
120.0000
125.0000
130.0000
135.0000
140.0000
0.0000
0.2000
0.4000
0.6000
1.0000
2.0000
4.0000
5.0000
8.0000
10.0000
15.0000
20.0000
25.0000
30.0000
35.0000
40.0000
45.0000
50.0000
55.0000
60.0000
65.0000
70.0000
75.0000
80.0000
85.0000
90.0000
95.0000
100.0000
105.0000
110.0000
115.0000
120.0000
125.0000
130.0000
135.0000
140.0000
145.0000
150.0000
155.0000
160.0000
165.0000
170.0000
175.0000
177.0000
0.0000
0.2000
0.4000
0.6000
1.0000
2.0000
4.0000
5.0000
8.0000
10.0000
15.0000
20.0000
25.0000
30.0000
35.0000
40.0000
45.0000
46.0000
0.0000
0.2000
0.4000
0.6000
1.0000
2.0000
4.0000
5.0000
8.0000
10.0000
15.0000
20.0000
25.0000
30.0000
35.0000
38.0000
0.0000
0.2000
0.4000
0.6000
1.0000
2.0000
4.0000
5.0000
8.0000
10.0000
15.0000
20.0000
25.0000
30.0000
35.0000
40.0000
45.0000
50.0000
55.0000
60.0000
65.0000
0.0000
0.2000
0.4000
0.6000
1.0000
2.0000
4.0000
5.0000
8.0000
10.0000
15.0000
20.0000
25.0000
30.0000
35.0000
40.0000
45.0000
50.0000
55.0000
60.0000
65.0000
70.0000
75.0000
76.0000
0.0000
0.2000
0.4000
0.6000
1.0000
2.0000
4.0000
5.0000
8.0000
10.0000
15.0000
20.0000
25.0000
30.0000
35.0000
40.0000
45.0000
48.0000
0.0000
0.2000
0.4000
0.6000
1.0000
2.0000
4.0000
5.0000
8.0000
10.0000
15.0000
20.0000
25.0000
30.0000
35.0000
40.0000
45.0000
50.0000
55.0000
60.0000
65.0000
69.0000
0.0000
0.2000
0.4000
0.6000
1.0000
2.0000
4.0000
5.0000
8.0000
10.0000
15.0000
20.0000
25.0000
30.0000
35.0000
40.0000
45.0000
48.0000
0.0000
0.2000
0.4000
0.6000
1.0000
2.0000
4.0000
5.0000
8.0000
10.0000
15.0000
20.0000
25.0000
30.0000
35.0000
40.0000
45.0000
50.0000
55.0000
60.0000
65.0000
70.0000
75.0000
80.0000
85.0000
90.0000
95.0000
0.0000
0.2000
0.4000
0.6000
1.0000
2.0000
4.0000
5.0000
8.0000
10.0000
15.0000
20.0000
25.0000
30.0000
35.0000
40.0000
45.0000
50.0000
55.0000
60.0000
65.0000
0.0000
0.2000
0.4000
0.6000
1.0000
2.0000
4.0000
5.0000
8.0000
10.0000
15.0000
20.0000
25.0000
30.0000
35.0000
40.0000
45.0000
50.0000
55.0000
60.0000
65.0000
70.0000
71.0000
0.0000
0.2000
0.4000
0.6000
1.0000
2.0000
4.0000
5.0000
8.0000
10.0000
15.0000
20.0000
25.0000
30.0000
35.0000
40.0000
45.0000
50.0000
55.0000
60.0000
62.0000
0.0000
0.2000
0.4000
0.6000
1.0000
2.0000
4.0000
5.0000
8.0000
10.0000
15.0000
20.0000
25.0000
30.0000
35.0000
40.0000
45.0000
50.0000
55.0000
60.0000
65.0000
70.0000
75.0000
80.0000
85.0000
90.0000
95.0000
100.0000
105.0000
110.0000
0.0000
0.2000
0.4000
0.6000
1.0000
2.0000
4.0000
5.0000
8.0000
10.0000
15.0000
20.0000
25.0000
30.0000
35.0000
40.0000
45.0000
50.0000
55.0000
60.0000
65.0000
70.0000
73.0000
0.0000
0.2000
0.4000
0.6000
1.0000
2.0000
4.0000
5.0000
8.0000
10.0000
15.0000
20.0000
25.0000
30.0000
35.0000
38.0000
0.0000
0.2000
0.4000
0.6000
1.0000
2.0000
4.0000
5.0000
8.0000
10.0000
15.0000
20.0000
25.0000
30.0000
35.0000
40.0000
45.0000
50.0000
55.0000
60.0000
63.0000
0.0000
0.2000
0.4000
0.6000
1.0000
2.0000
4.0000
5.0000
8.0000
10.0000
15.0000
20.0000
25.0000
30.0000
35.0000
40.0000
45.0000
50.0000
55.0000
60.0000
65.0000
70.0000
75.0000
80.0000
83.0000
0.0000
0.2000
0.4000
0.6000
1.0000
2.0000
4.0000
5.0000
8.0000
10.0000
15.0000
20.0000
25.0000
30.0000
35.0000
40.0000
45.0000
50.0000
55.0000
60.0000
65.0000
70.0000
75.0000
80.0000
85.0000
90.0000
95.0000
100.0000
105.0000
110.0000
115.0000
120.0000
125.0000
130.0000
135.0000
140.0000
145.0000
150.0000
155.0000
160.0000
165.0000
170.0000
175.0000
180.0000
185.0000
190.0000
195.0000
200.0000
204.0000
0.0000
0.2000
0.4000
0.6000
1.0000
2.0000
4.0000
5.0000
8.0000
10.0000
15.0000
20.0000
25.0000
30.0000
35.0000
40.0000
45.0000
50.0000
55.0000
60.0000
65.0000
70.0000
75.0000
76.0000
0.0000
0.2000
0.4000
0.6000
1.0000
2.0000
4.0000
5.0000
8.0000
10.0000
15.0000
20.0000
25.0000
30.0000
35.0000
40.0000
45.0000
50.0000
55.0000
60.0000
65.0000
70.0000
75.0000
80.0000
85.0000
90.0000
95.0000
100.0000
105.0000
110.0000
115.0000
120.0000
125.0000
130.0000
135.0000
140.0000
145.0000
150.0000
155.0000
160.0000
165.0000
170.0000
175.0000
180.0000
185.0000
190.0000
195.0000
200.0000
205.0000
210.0000
215.0000
220.0000
225.0000
230.0000
235.0000
240.0000
245.0000
246.0000
0.0000
0.2000
0.4000
0.6000
1.0000
2.0000
4.0000
5.0000
8.0000
10.0000
15.0000
20.0000
25.0000
30.0000
35.0000
40.0000
45.0000
50.0000
55.0000
60.0000
65.0000
70.0000
75.0000
80.0000
85.0000
90.0000
95.0000
0.0000
0.2000
0.4000
0.6000
1.0000
2.0000
4.0000
5.0000
8.0000
10.0000
15.0000
20.0000
25.0000
30.0000
35.0000
40.0000
45.0000
50.0000
55.0000
60.0000
65.0000
0.0000
0.2000
0.4000
0.6000
1.0000
2.0000
4.0000
5.0000
8.0000
10.0000
15.0000
20.0000
25.0000
30.0000
35.0000
40.0000
45.0000
50.0000
55.0000
60.0000
65.0000
70.0000
75.0000
80.0000
85.0000
0.0000
0.2000
0.4000
0.6000
1.0000
2.0000
4.0000
5.0000
8.0000
10.0000
15.0000
20.0000
25.0000
30.0000
35.0000
40.0000
45.0000
50.0000
55.0000
60.0000
63.0000
0.0000
0.2000
0.4000
0.6000
1.0000
2.0000
4.0000
5.0000
8.0000
10.0000
15.0000
20.0000
25.0000
30.0000
35.0000
40.0000
45.0000
48.0000
0.0000
0.2000
0.4000
0.6000
1.0000
2.0000
4.0000
5.0000
8.0000
10.0000
15.0000
20.0000
25.0000
30.0000
35.0000
40.0000
45.0000
50.0000
55.0000
60.0000
65.0000
70.0000
75.0000
80.0000
85.0000
90.0000
95.0000
97.0000
0.0000
0.2000
0.4000
0.6000
1.0000
2.0000
4.0000
5.0000
8.0000
10.0000
15.0000
20.0000
25.0000
30.0000
35.0000
40.0000
45.0000
50.0000
55.0000
60.0000
65.0000
70.0000
75.0000
76.0000
0.0000
0.2000
0.4000
0.6000
1.0000
2.0000
4.0000
5.0000
8.0000
10.0000
15.0000
20.0000
25.0000
30.0000
35.0000
40.0000
45.0000
50.0000
55.0000
60.0000
65.0000
68.0000
0.0000
0.2000
0.4000
0.6000
1.0000
2.0000
4.0000
5.0000
8.0000
10.0000
15.0000
20.0000
25.0000
30.0000
35.0000
40.0000
45.0000
50.0000
55.0000
0.0000
0.2000
0.4000
0.6000
1.0000
2.0000
4.0000
5.0000
8.0000
10.0000
15.0000
20.0000
25.0000
30.0000
32.0000
0.0000
0.2000
0.4000
0.6000
1.0000
2.0000
4.0000
5.0000
8.0000
10.0000
15.0000
20.0000
25.0000
30.0000
35.0000
40.0000
45.0000
50.0000
53.0000
0.0000
0.2000
0.4000
0.6000
1.0000
2.0000
4.0000
5.0000
8.0000
10.0000
15.0000
20.0000
25.0000
30.0000
35.0000
40.0000
45.0000
50.0000
55.0000
60.0000
61.0000
0.0000
0.2000
0.4000
0.6000
1.0000
2.0000
4.0000
5.0000
8.0000
10.0000
15.0000
20.0000
25.0000
30.0000
35.0000
40.0000
45.0000
50.0000
0.0000
0.2000
0.4000
0.6000
1.0000
2.0000
4.0000
5.0000
8.0000
10.0000
15.0000
20.0000
25.0000
30.0000
35.0000
40.0000
45.0000
50.0000
53.0000
0.0000
0.2000
0.4000
0.6000
1.0000
2.0000
4.0000
5.0000
8.0000
10.0000
15.0000
20.0000
25.0000
30.0000
35.0000
40.0000
45.0000
50.0000
55.0000
60.0000
0.0000
0.2000
0.4000
0.6000
1.0000
2.0000
4.0000
5.0000
8.0000
10.0000
15.0000
20.0000
25.0000
30.0000
35.0000
40.0000
45.0000
50.0000
55.0000
57.0000
0.0000
0.2000
0.4000
0.6000
1.0000
2.0000
4.0000
5.0000
8.0000
10.0000
15.0000
20.0000
25.0000
30.0000
35.0000
40.0000
45.0000
50.0000
55.0000
60.0000
65.0000
70.0000
75.0000
80.0000
85.0000
90.0000
95.0000
100.0000
105.0000
110.0000
115.0000
120.0000
125.0000
130.0000
135.0000
140.0000
145.0000
150.0000
155.0000
160.0000
165.0000
170.0000
173.0000
0.0000
0.2000
0.4000
0.6000
1.0000
2.0000
4.0000
5.0000
8.0000
10.0000
15.0000
20.0000
25.0000
30.0000
35.0000
40.0000
45.0000
50.0000
55.0000
60.0000
65.0000
70.0000
75.0000
80.0000
85.0000
90.0000
95.0000
100.0000
105.0000
110.0000
115.0000
120.0000
125.0000
130.0000
135.0000
140.0000
145.0000
150.0000
155.0000
160.0000
165.0000
170.0000
175.0000
180.0000
185.0000
187.0000
0.0000
0.2000
0.4000
0.6000
1.0000
2.0000
4.0000
5.0000
8.0000
10.0000
15.0000
20.0000
25.0000
30.0000
35.0000
40.0000
45.0000
50.0000
55.0000
60.0000
65.0000
70.0000
75.0000
80.0000
85.0000
90.0000
95.0000
100.0000
105.0000
107.0000
0.0000
0.2000
0.4000
0.6000
1.0000
2.0000
4.0000
5.0000
8.0000
10.0000
15.0000
20.0000
25.0000
30.0000
35.0000
40.0000
45.0000
50.0000
55.0000
60.0000
65.0000
70.0000
75.0000
80.0000
83.0000
0.0000
0.2000
0.4000
0.6000
1.0000
2.0000
4.0000
5.0000
8.0000
10.0000
15.0000
20.0000
25.0000
30.0000
35.0000
40.0000
45.0000
50.0000
55.0000
57.0000
0.0000
0.2000
0.4000
0.6000
1.0000
2.0000
4.0000
5.0000
8.0000
10.0000
15.0000
20.0000
25.0000
30.0000
35.0000
40.0000
45.0000
50.0000
55.0000
60.0000
65.0000
70.0000
71.0000
0.0000
0.2000
0.4000
0.6000
1.0000
2.0000
4.0000
5.0000
8.0000
10.0000
15.0000
20.0000
25.0000
30.0000
35.0000
40.0000
45.0000
50.0000
55.0000
60.0000
65.0000
70.0000
73.0000
0.0000
0.2000
0.4000
0.6000
1.0000
2.0000
4.0000
5.0000
8.0000
10.0000
15.0000
20.0000
25.0000
30.0000
35.0000
40.0000
45.0000
50.0000
55.0000
60.0000
61.0000
0.0000
0.2000
0.4000
0.6000
1.0000
2.0000
4.0000
5.0000
8.0000
10.0000
15.0000
20.0000
25.0000
30.0000
35.0000
40.0000
45.0000
50.0000
55.0000
60.0000
65.0000
0.0000
0.2000
0.4000
0.6000
1.0000
2.0000
4.0000
5.0000
8.0000
10.0000
15.0000
20.0000
25.0000
30.0000
35.0000
40.0000
45.0000
50.0000
55.0000
60.0000
64.0000
0.0000
0.2000
0.4000
0.6000
1.0000
2.0000
4.0000
5.0000
8.0000
10.0000
15.0000
20.0000
25.0000
30.0000
35.0000
40.0000
45.0000
50.0000
55.0000
60.0000
65.0000
70.0000
71.0000
0.0000
0.2000
0.4000
0.6000
1.0000
2.0000
4.0000
5.0000
8.0000
10.0000
15.0000
20.0000
25.0000
30.0000
35.0000
40.0000
45.0000
50.0000
55.0000
60.0000
65.0000
70.0000
71.0000
0.0000
0.2000
0.4000
0.6000
1.0000
2.0000
4.0000
5.0000
8.0000
10.0000
15.0000
20.0000
25.0000
30.0000
35.0000
40.0000
43.0000
0.0000
0.2000
0.4000
0.6000
1.0000
2.0000
4.0000
5.0000
8.0000
10.0000
15.0000
20.0000
25.0000
30.0000
35.0000
40.0000
45.0000
50.0000
55.0000
60.0000
65.0000
70.0000
72.0000
0.0000
0.2000
0.4000
0.6000
1.0000
2.0000
4.0000
5.0000
8.0000
10.0000
15.0000
20.0000
25.0000
30.0000
35.0000
40.0000
45.0000
50.0000
55.0000
57.0000
0.0000
0.2000
0.4000
0.6000
1.0000
2.0000
4.0000
5.0000
8.0000
10.0000
15.0000
20.0000
25.0000
30.0000
35.0000
40.0000
45.0000
48.0000
0.0000
0.2000
0.4000
0.6000
1.0000
2.0000
4.0000
5.0000
8.0000
10.0000
15.0000
20.0000
25.0000
30.0000
35.0000
40.0000
45.0000
0.0000
0.2000
0.4000
0.6000
1.0000
2.0000
4.0000
5.0000
8.0000
10.0000
15.0000
20.0000
25.0000
30.0000
35.0000
40.0000
45.0000
50.0000
55.0000
57.0000
0.0000
0.2000
0.4000
0.6000
1.0000
2.0000
4.0000
5.0000
8.0000
10.0000
15.0000
20.0000
25.0000
30.0000
35.0000
40.0000
45.0000
50.0000
55.0000
60.0000
65.0000
70.0000
75.0000
76.0000
0.0000
0.2000
0.4000
0.6000
1.0000
2.0000
4.0000
5.0000
8.0000
10.0000
15.0000
20.0000
25.0000
30.0000
35.0000
40.0000
45.0000
50.0000
53.0000
0.0000
0.2000
0.4000
0.6000
1.0000
2.0000
4.0000
5.0000
8.0000
10.0000
15.0000
20.0000
25.0000
30.0000
35.0000
40.0000
45.0000
50.0000
55.0000
60.0000
65.0000
70.0000
75.0000
80.0000
85.0000
90.0000
95.0000
100.0000
105.0000
110.0000
0.0000
0.2000
0.4000
0.6000
1.0000
2.0000
4.0000
5.0000
8.0000
10.0000
15.0000
20.0000
25.0000
30.0000
35.0000
40.0000
45.0000
50.0000
55.0000
60.0000
65.0000
70.0000
72.0000
0.0000
0.2000
0.4000
0.6000
1.0000
2.0000
4.0000
5.0000
8.0000
10.0000
15.0000
20.0000
25.0000
30.0000
35.0000
40.0000
45.0000
50.0000
55.0000
60.0000
65.0000
70.0000
74.0000
0.0000
0.2000
0.4000
0.6000
1.0000
2.0000
4.0000
5.0000
8.0000
10.0000
15.0000
20.0000
25.0000
30.0000
35.0000
40.0000
45.0000
50.0000
55.0000
60.0000
65.0000
70.0000
75.0000
76.0000
0.0000
0.2000
0.4000
0.6000
1.0000
2.0000
4.0000
5.0000
8.0000
10.0000
15.0000
20.0000
25.0000
30.0000
35.0000
40.0000
45.0000
50.0000
55.0000
60.0000
65.0000
70.0000
75.0000
76.0000
0.0000
0.2000
0.4000
0.6000
1.0000
2.0000
4.0000
5.0000
8.0000
10.0000
15.0000
20.0000
25.0000
30.0000
35.0000
40.0000
45.0000
50.0000
55.0000
60.0000
65.0000
70.0000
75.0000
80.0000
85.0000
87.0000
0.0000
0.2000
0.4000
0.6000
1.0000
2.0000
4.0000
5.0000
8.0000
10.0000
15.0000
20.0000
25.0000
30.0000
35.0000
40.0000
45.0000
50.0000
55.0000
60.0000
65.0000
68.0000
0.0000
0.2000
0.4000
0.6000
1.0000
2.0000
4.0000
5.0000
8.0000
10.0000
15.0000
20.0000
25.0000
30.0000
35.0000
40.0000
45.0000
50.0000
55.0000
60.0000
63.0000
0.0000
0.2000
0.4000
0.6000
1.0000
2.0000
4.0000
5.0000
8.0000
10.0000
15.0000
20.0000
25.0000
30.0000
35.0000
40.0000
43.0000
0.0000
0.2000
0.4000
0.6000
1.0000
2.0000
4.0000
5.0000
8.0000
10.0000
15.0000
20.0000
25.0000
30.0000
35.0000
40.0000
45.0000
50.0000
55.0000
60.0000
65.0000
70.0000
75.0000
76.0000
0.0000
0.2000
0.4000
0.6000
1.0000
2.0000
4.0000
5.0000
8.0000
10.0000
15.0000
20.0000
25.0000
30.0000
35.0000
40.0000
45.0000
50.0000
55.0000
60.0000
65.0000
69.0000
0.0000
0.2000
0.4000
0.6000
1.0000
2.0000
4.0000
5.0000
8.0000
10.0000
15.0000
20.0000
25.0000
30.0000
35.0000
40.0000
45.0000
50.0000
55.0000
60.0000
65.0000
69.0000
0.0000
0.2000
0.4000
0.6000
1.0000
2.0000
4.0000
5.0000
8.0000
10.0000
15.0000
20.0000
25.0000
27.0000
0.0000
0.2000
0.4000
0.6000
1.0000
2.0000
4.0000
5.0000
8.0000
10.0000
15.0000
20.0000
25.0000
30.0000
35.0000
40.0000
45.0000
50.0000
55.0000
60.0000
65.0000
70.0000
73.0000
0.0000
0.2000
0.4000
0.6000
1.0000
2.0000
4.0000
5.0000
8.0000
10.0000
15.0000
20.0000
25.0000
30.0000
35.0000
40.0000
45.0000
50.0000
55.0000
60.0000
65.0000
70.0000
71.0000
0.0000
0.2000
0.4000
0.6000
1.0000
2.0000
4.0000
5.0000
8.0000
10.0000
15.0000
20.0000
25.0000
30.0000
35.0000
40.0000
45.0000
50.0000
55.0000
60.0000
65.0000
70.0000
75.0000
80.0000
85.0000
90.0000
95.0000
100.0000
105.0000
110.0000
115.0000
120.0000
125.0000
130.0000
135.0000
139.0000
0.0000
0.2000
0.4000
0.6000
1.0000
2.0000
4.0000
5.0000
8.0000
10.0000
15.0000
20.0000
25.0000
30.0000
32.0000
0.0000
0.2000
0.4000
0.6000
1.0000
2.0000
4.0000
5.0000
8.0000
10.0000
15.0000
20.0000
25.0000
30.0000
35.0000
40.0000
0.0000
0.2000
0.4000
0.6000
1.0000
2.0000
4.0000
5.0000
8.0000
10.0000
15.0000
20.0000
25.0000
30.0000
35.0000
40.0000
45.0000
50.0000
55.0000
60.0000
63.0000
0.0000
0.2000
0.4000
0.6000
1.0000
2.0000
4.0000
5.0000
8.0000
10.0000
15.0000
20.0000
25.0000
0.0000
0.2000
0.4000
0.6000
1.0000
2.0000
4.0000
5.0000
8.0000
10.0000
15.0000
20.0000
25.0000
30.0000
35.0000
40.0000
45.0000
50.0000
55.0000
60.0000
65.0000
70.0000
75.0000
80.0000
85.0000
90.0000
92.0000
0.0000
0.2000
0.4000
0.6000
1.0000
2.0000
4.0000
5.0000
8.0000
10.0000
15.0000
20.0000
25.0000
30.0000
35.0000
36.0000
0.0000
0.2000
0.4000
0.6000
1.0000
2.0000
4.0000
5.0000
8.0000
10.0000
15.0000
20.0000
25.0000
30.0000
35.0000
40.0000
45.0000
50.0000
55.0000
60.0000
65.0000
70.0000
75.0000
80.0000
85.0000
90.0000
95.0000
100.0000
105.0000
110.0000
115.0000
120.0000
125.0000
130.0000
135.0000
140.0000
145.0000
150.0000
155.0000
160.0000
165.0000
170.0000
175.0000
180.0000
185.0000
190.0000
195.0000
200.0000
205.0000
210.0000
215.0000
217.0000
0.0000
0.2000
0.4000
0.6000
1.0000
2.0000
4.0000
5.0000
8.0000
10.0000
15.0000
20.0000
25.0000
30.0000
35.0000
40.0000
45.0000
50.0000
55.0000
60.0000
65.0000
68.0000
0.0000
0.2000
0.4000
0.6000
1.0000
2.0000
4.0000
5.0000
8.0000
10.0000
15.0000
20.0000
25.0000
30.0000
35.0000
40.0000
45.0000
50.0000
52.0000
0.0000
0.2000
0.4000
0.6000
1.0000
2.0000
4.0000
5.0000
8.0000
10.0000
15.0000
20.0000
25.0000
30.0000
35.0000
40.0000
45.0000
50.0000
0.0000
0.2000
0.4000
0.6000
1.0000
2.0000
4.0000
5.0000
8.0000
10.0000
15.0000
20.0000
25.0000
30.0000
32.0000
0.0000
0.2000
0.4000
0.6000
1.0000
2.0000
4.0000
5.0000
8.0000
10.0000
15.0000
20.0000
25.0000
30.0000
35.0000
40.0000
45.0000
50.0000
55.0000
60.0000
65.0000
70.0000
75.0000
80.0000
85.0000
90.0000
95.0000
100.0000
105.0000
110.0000
111.0000
0.0000
0.2000
0.4000
0.6000
1.0000
2.0000
4.0000
5.0000
8.0000
10.0000
15.0000
20.0000
25.0000
30.0000
35.0000
40.0000
45.0000
50.0000
55.0000
60.0000
65.0000
70.0000
72.0000
0.0000
0.2000
0.4000
0.6000
1.0000
2.0000
4.0000
5.0000
8.0000
10.0000
15.0000
20.0000
25.0000
30.0000
35.0000
40.0000
45.0000
50.0000
55.0000
60.0000
65.0000
70.0000
75.0000
80.0000
85.0000
0.0000
0.2000
0.4000
0.6000
1.0000
2.0000
4.0000
5.0000
8.0000
10.0000
15.0000
20.0000
25.0000
30.0000
35.0000
40.0000
45.0000
50.0000
55.0000
60.0000
65.0000
70.0000
0.0000
0.2000
0.4000
0.6000
1.0000
2.0000
4.0000
5.0000
8.0000
10.0000
15.0000
20.0000
25.0000
30.0000
35.0000
40.0000
45.0000
50.0000
55.0000
60.0000
65.0000
70.0000
75.0000
80.0000
85.0000
90.0000
95.0000
96.0000
0.0000
0.2000
0.4000
0.6000
1.0000
2.0000
4.0000
5.0000
8.0000
10.0000
15.0000
20.0000
25.0000
30.0000
35.0000
40.0000
45.0000
50.0000
55.0000
60.0000
65.0000
70.0000
75.0000
80.0000
85.0000
90.0000
95.0000
100.0000
105.0000
110.0000
115.0000
120.0000
125.0000
130.0000
135.0000
140.0000
145.0000
150.0000
0.0000
0.2000
0.4000
0.6000
1.0000
2.0000
4.0000
5.0000
8.0000
10.0000
15.0000
20.0000
25.0000
30.0000
35.0000
40.0000
45.0000
50.0000
55.0000
60.0000
65.0000
70.0000
74.0000
0.0000
0.2000
0.4000
0.6000
1.0000
2.0000
4.0000
5.0000
8.0000
10.0000
15.0000
20.0000
25.0000
30.0000
35.0000
40.0000
45.0000
50.0000
55.0000
60.0000
65.0000
70.0000
75.0000
80.0000
0.0000
0.2000
0.4000
0.6000
1.0000
2.0000
4.0000
5.0000
8.0000
10.0000
15.0000
20.0000
25.0000
30.0000
35.0000
40.0000
45.0000
50.0000
55.0000
60.0000
65.0000
70.0000
75.0000
80.0000
85.0000
90.0000
95.0000
100.0000
105.0000
110.0000
115.0000
120.0000
125.0000
130.0000
135.0000
140.0000
145.0000
150.0000
155.0000
160.0000
0.0000
0.2000
0.4000
0.6000
1.0000
2.0000
4.0000
5.0000
8.0000
10.0000
15.0000
20.0000
25.0000
30.0000
35.0000
40.0000
45.0000
50.0000
55.0000
60.0000
65.0000
70.0000
75.0000
80.0000
85.0000
90.0000
95.0000
100.0000
105.0000
110.0000
115.0000
120.0000
124.0000
0.0000
0.2000
0.4000
0.6000
1.0000
2.0000
4.0000
5.0000
8.0000
10.0000
15.0000
20.0000
25.0000
30.0000
35.0000
40.0000
45.0000
50.0000
55.0000
60.0000
65.0000
70.0000
75.0000
80.0000
85.0000
90.0000
95.0000
100.0000
105.0000
106.0000
0.0000
0.2000
0.4000
0.6000
1.0000
2.0000
4.0000
5.0000
8.0000
10.0000
15.0000
20.0000
25.0000
30.0000
34.0000
0.0000
0.2000
0.4000
0.6000
1.0000
2.0000
4.0000
5.0000
8.0000
10.0000
15.0000
20.0000
25.0000
30.0000
35.0000
40.0000
45.0000
50.0000
55.0000
60.0000
65.0000
70.0000
75.0000
80.0000
85.0000
90.0000
95.0000
100.0000
105.0000
110.0000
0.0000
0.2000
0.4000
0.6000
1.0000
2.0000
4.0000
5.0000
8.0000
10.0000
15.0000
20.0000
25.0000
30.0000
35.0000
40.0000
45.0000
50.0000
55.0000
60.0000
65.0000
70.0000
75.0000
80.0000
85.0000
90.0000
95.0000
98.0000
0.0000
0.2000
0.4000
0.6000
1.0000
2.0000
4.0000
5.0000
8.0000
10.0000
15.0000
20.0000
25.0000
30.0000
35.0000
40.0000
45.0000
50.0000
55.0000
60.0000
65.0000
68.0000
0.0000
0.2000
0.4000
0.6000
1.0000
2.0000
4.0000
5.0000
8.0000
10.0000
15.0000
20.0000
25.0000
30.0000
35.0000
40.0000
45.0000
50.0000
55.0000
60.0000
65.0000
70.0000
75.0000
80.0000
85.0000
90.0000
95.0000
0.0000
0.2000
0.4000
0.6000
1.0000
2.0000
4.0000
5.0000
8.0000
10.0000
15.0000
20.0000
25.0000
30.0000
35.0000
40.0000
45.0000
50.0000
55.0000
60.0000
65.0000
70.0000
75.0000
0.0000
0.2000
0.4000
0.6000
1.0000
2.0000
4.0000
5.0000
8.0000
10.0000
15.0000
20.0000
25.0000
30.0000
35.0000
40.0000
45.0000
49.0000
