0.000
0.005
0.009
0.012
0.018
0.045
0.096
0.121
0.296
0.353
0.483
0.639
0.809
0.985
1.158
1.200
0.000
0.007
0.012
0.016
0.024
0.051
0.101
0.117
0.192
0.238
0.354
0.379
0.000
0.006
0.010
0.014
0.020
0.044
0.154
0.183
0.255
0.309
0.474
0.509
0.000
0.005
0.008
0.011
0.016
0.042
0.093
0.121
0.198
0.250
0.378
0.404
0.000
0.004
0.007
0.010
0.014
0.117
0.195
0.218
0.289
0.356
0.508
0.542
0.000
0.005
0.008
0.012
0.018
0.046
0.098
0.114
0.186
0.235
0.354
0.379
0.000
0.007
0.012
0.016
0.022
0.044
0.089
0.112
0.178
0.226
0.338
0.363
0.000
0.006
0.010
0.014
0.020
0.043
0.088
0.110
0.184
0.234
0.353
0.378
0.000
0.006
0.011
0.014
0.020
0.044
0.089
0.113
0.184
0.232
0.349
0.374
0.000
0.007
0.011
0.015
0.020
0.043
0.090
0.114
0.186
0.234
0.350
0.375
0.000
0.005
0.009
0.012
0.018
0.043
0.091
0.116
0.187
0.234
0.356
0.382
0.000
0.006
0.011
0.015
0.020
0.045
0.092
0.116
0.193
0.243
0.362
0.388
0.000
0.004
0.007
0.010
0.014
0.038
0.084
0.107
0.180
0.228
0.350
0.376
0.000
0.007
0.011
0.015
0.021
0.046
0.092
0.116
0.193
0.242
0.363
0.389
0.000
0.004
0.007
0.010
0.015
0.038
0.086
0.111
0.185
0.234
0.351
0.378
0.000
0.007
0.012
0.015
0.021
0.044
0.091
0.115
0.189
0.238
0.357
0.381
0.000
0.006
0.010
0.014
0.019
0.043
0.138
0.163
0.238
0.285
0.408
0.433
0.000
0.006
0.010
0.013
0.019
0.042
0.089
0.114
0.186
0.236
0.355
0.380
0.000
0.006
0.010
0.014
0.019
0.043
0.090
0.115
0.189
0.238
0.364
0.390
0.000
0.004
0.007
0.010
0.015
0.039
0.087
0.109
0.182
0.230
0.356
0.383
0.000
0.004
0.007
0.010
0.015
0.039
0.087
0.111
0.184
0.232
0.354
0.380
0.000
0.007
0.011
0.015
0.020
0.045
0.093
0.117
0.189
0.240
0.360
0.387
0.000
0.006
0.010
0.014
0.019
0.042
0.125
0.151
0.220
0.270
0.387
0.413
0.000
0.004
0.007
0.010
0.015
0.037
0.082
0.107
0.179
0.225
0.340
0.364
0.000
0.006
0.010
0.013
0.018
0.042
0.088
0.112
0.182
0.230
0.355
0.380
0.000
0.004
0.007
0.010
0.015
0.038
0.084
0.109
0.179
0.227
0.342
0.367
0.000
0.048
0.051
0.054
0.058
0.082
0.127
0.153
0.227
0.277
0.396
0.422
0.000
0.006
0.010
0.014
0.019
0.042
0.088
0.112
0.181
0.226
0.342
0.368
0.000
0.004
0.007
0.010
0.015
0.035
0.082
0.151
0.220
0.271
0.390
0.412
0.000
0.006
0.010
0.014
0.018
0.043
0.089
0.110
0.182
0.234
0.351
0.376
0.000
0.006
0.010
0.013
0.019
0.040
0.094
0.119
0.197
0.243
0.361
0.385
0.000
0.007
0.011
0.015
0.020
0.043
0.087
0.111
0.180
0.228
0.346
0.368
0.000
0.004
0.007
0.010
0.014
0.037
0.079
0.101
0.172
0.218
0.332
0.354
0.000
0.011
0.014
0.017
0.022
0.045
0.091
0.116
0.196
0.240
0.362
0.387
0.000
0.004
0.007
0.010
0.014
0.040
0.085
0.110
0.214
0.262
0.380
0.404
0.000
0.006
0.009
0.012
0.017
0.039
0.083
0.107
0.184
0.231
0.352
0.378
0.000
0.005
0.009
0.012
0.017
0.040
0.085
0.106
0.173
0.223
0.345
0.368
0.000
0.006
0.010
0.013
0.018
0.044
0.088
0.113
0.183
0.232
0.353
0.378
0.000
0.009
0.013
0.016
0.021
0.045
0.092
0.118
0.192
0.238
0.357
0.380
0.000
0.009
0.011
0.014
0.019
0.044
0.091
0.114
0.182
0.230
0.352
0.377
0.000
0.011
0.014
0.017
0.021
0.043
0.089
0.113
0.184
0.271
0.387
0.412
0.000
0.007
0.011
0.014
0.019
0.043
0.087
0.110
0.180
0.227
0.346
0.372
0.000
0.005
0.008
0.011
0.016
0.041
0.091
0.117
0.194
0.339
0.475
0.599
0.750
0.901
1.073
1.266
1.439
1.533
0.000
0.005
0.008
0.012
0.018
0.045
0.098
0.114
0.187
0.233
0.348
0.373
0.000
0.005
0.008
0.011
0.015
0.038
0.084
0.107
0.177
0.222
0.338
0.363
0.000
0.006
0.011
0.015
0.020
0.043
0.085
0.108
0.179
0.232
0.349
0.374
0.000
0.004
0.007
0.010
0.014
0.036
0.081
0.104
0.169
0.217
0.333
0.357
0.000
0.004
0.007
0.010
0.015
0.038
0.084
0.105
0.177
0.226
0.348
0.373
0.000
0.005
0.009
0.013
0.019
0.043
0.090
0.113
0.182
0.229
0.353
0.379
0.000
0.005
0.008
0.011
0.015
0.038
0.122
0.146
0.218
0.265
0.382
0.408
0.000
0.004
0.007
0.010
0.015
0.038
0.086
0.110
0.183
0.230
0.355
0.379
0.000
0.006
0.010
0.014
0.019
0.044
0.091
0.115
0.185
0.233
0.355
0.381
0.000
0.005
0.008
0.011
0.015
0.038
0.086
0.109
0.178
0.228
0.352
0.376
0.000
0.007
0.011
0.015
0.020
0.045
0.091
0.116
0.192
0.243
0.000
0.005
0.009
0.012
0.017
0.230
0.316
0.339
0.416
0.473
0.622
0.818
0.994
1.167
1.208
0.000
0.005
0.008
0.012
0.018
0.046
0.098
0.114
0.187
0.330
0.446
0.592
0.710
0.000
0.005
0.009
0.012
0.018
0.046
0.099
0.125
0.199
0.246
0.367
0.392
0.000
0.007
0.012
0.016
0.022
0.046
0.091
0.114
0.184
0.227
0.346
0.390
0.000
0.007
0.012
0.016
0.022
0.046
0.091
0.115
0.187
0.234
0.350
0.375
0.000
0.005
0.008
0.011
0.017
0.039
0.083
0.105
0.175
0.221
0.340
0.363
0.000
0.007
0.011
0.015
0.020
0.043
0.089
0.112
0.180
0.227
0.342
0.367
0.000
0.004
0.007
0.010
0.015
0.040
0.083
0.107
0.178
0.227
0.343
0.368
0.000
0.007
0.011
0.015
0.020
0.044
0.090
0.114
0.185
0.234
0.354
0.379
0.000
0.006
0.010
0.014
0.020
0.046
0.092
0.116
0.190
0.238
0.360
0.386
0.000
0.006
0.010
0.015
0.021
0.049
0.123
0.149
0.222
0.271
0.396
0.422
0.000
0.007
0.011
0.015
0.020
0.042
0.090
0.115
0.187
0.234
0.359
0.385
0.000
0.007
0.012
0.015
0.021
0.044
0.090
0.114
0.182
0.230
0.352
0.377
0.000
0.004
0.007
0.010
0.014
0.039
0.087
0.111
0.184
0.237
0.363
0.390
0.000
0.010
0.014
0.017
0.022
0.047
0.093
0.115
0.188
0.237
0.361
0.387
0.000
0.007
0.011
0.014
0.019
0.044
0.090
0.115
0.185
0.235
0.360
0.383
0.000
0.007
0.011
0.015
0.021
0.044
0.091
0.117
0.186
0.235
0.358
0.384
0.000
0.006
0.010
0.014
0.019
0.043
0.089
0.112
0.188
0.233
0.347
0.370
0.000
0.006
0.010
0.014
0.019
0.043
0.089
0.110
0.184
0.232
0.350
0.376
0.000
0.004
0.007
0.010
0.015
0.041
0.085
0.110
0.185
0.239
0.360
0.386
0.000
0.006
0.010
0.014
0.019
0.042
0.089
0.113
0.181
0.229
0.353
0.377
0.000
0.004
0.007
0.010
0.015
0.039
0.087
0.107
0.181
0.230
0.353
0.379
0.000
0.007
0.011
0.015
0.020
0.072
0.118
0.141
0.217
0.266
0.389
0.415
0.000
0.007
0.012
0.015
0.021
0.045
0.089
0.113
0.184
0.232
0.357
0.382
0.000
0.004
0.007
0.010
0.015
0.039
0.085
0.108
0.175
0.225
0.345
0.371
0.000
0.007
0.011
0.014
0.020
0.044
0.089
0.113
0.184
0.233
0.349
0.376
0.000
0.005
0.008
0.011
0.015
0.040
0.086
0.109
0.180
0.227
0.342
0.368
0.000
0.007
0.011
0.014
0.020
0.048
0.105
0.133
0.215
0.270
0.407
0.438
0.000
0.005
0.009
0.012
0.018
0.046
0.094
0.119
0.192
0.241
0.361
0.385
0.000
0.006
0.010
0.014
0.019
0.042
0.088
0.111
0.185
0.233
0.365
0.390
0.000
0.007
0.011
0.014
0.019
0.042
0.087
0.110
0.179
0.226
0.341
0.365
0.000
0.006
0.010
0.014
0.019
0.043
0.090
0.114
0.187
0.239
0.360
0.386
0.000
0.007
0.011
0.015
0.020
0.044
0.091
0.115
0.186
0.237
0.359
0.384
0.000
0.004
0.007
0.010
0.015
0.038
0.085
0.108
0.178
0.227
0.346
0.374
0.000
0.004
0.007
0.010
0.015
0.040
0.121
0.144
0.218
0.265
0.384
0.409
0.000
0.006
0.010
0.014
0.019
0.043
0.088
0.112
0.181
0.225
0.344
0.369
0.000
0.004
0.007
0.010
0.014
0.037
0.082
0.104
0.173
0.222
0.344
0.365
0.000
0.006
0.010
0.013
0.018
0.039
0.086
0.110
0.180
0.229
0.347
0.372
0.000
0.006
0.010
0.013
0.018
0.042
0.090
0.113
0.183
0.230
0.352
0.379
0.000
0.005
0.008
0.011
0.016
1.213
1.468
1.527
1.728
1.904
2.233
2.596
2.848
3.115
3.374
3.617
3.848
4.071
4.296
4.543
4.788
4.983
0.000
0.008
0.015
0.022
0.036
0.072
0.136
0.209
0.341
0.422
0.718
1.029
1.279
1.558
2.226
2.503
2.773
3.034
3.263
3.498
3.720
3.946
4.187
4.331
0.000
0.008
0.015
0.022
0.036
0.068
0.130
0.206
0.361
0.457
0.680
0.927
1.170
1.411
1.649
1.879
2.052
0.000
0.008
0.015
0.021
0.035
0.067
0.128
0.201
0.396
0.525
0.867
1.063
1.311
1.549
1.742
0.000
0.008
0.015
0.022
0.036
0.070
0.134
0.209
0.384
0.574
0.862
1.117
1.408
1.651
1.865
2.096
2.319
2.562
2.705
0.000
0.008
0.015
0.021
0.035
0.067
0.128
0.203
0.342
0.432
0.661
0.952
1.104
0.000
0.008
0.014
0.020
0.034
0.073
0.148
0.214
0.360
0.444
0.689
0.943
1.224
1.462
1.676
1.914
2.155
2.403
2.708
2.952
3.179
3.420
3.509
0.000
0.008
0.015
0.021
0.033
0.064
0.125
0.200
0.350
0.430
0.684
0.919
1.154
1.390
1.611
1.840
1.955
0.000
0.008
0.015
0.022
0.034
0.065
0.127
0.203
0.348
0.414
0.661
0.907
0.000
0.005
0.008
0.011
0.016
1.200
1.441
1.504
1.680
1.804
2.167
2.502
2.852
3.074
3.337
3.550
3.821
4.109
0.000
0.005
0.008
0.011
0.016
0.315
0.465
0.497
0.674
0.783
1.001
1.259
1.549
1.814
2.105
2.521
2.805
3.103
3.434
3.733
4.075
4.368
4.665
4.957
5.335
5.636
5.978
6.273
6.569
6.863
7.200
7.492
0.000
0.007
0.012
0.017
0.026
0.722
0.907
0.975
1.131
1.239
1.490
1.736
1.972
2.273
2.574
2.885
3.173
3.440
3.736
4.061
4.361
4.649
4.995
5.226
5.541
5.796
6.040
6.298
6.540
6.792
7.054
7.318
7.615
7.875
8.121
8.354
8.569
0.000
0.010
0.018
0.024
0.037
0.650
0.919
1.016
1.159
1.340
1.623
1.972
2.221
2.603
2.944
3.334
3.678
4.020
4.462
4.832
5.186
5.569
5.907
6.269
6.661
7.100
7.435
7.802
8.141
8.520
8.899
9.263
9.600
10.019
10.329
10.690
11.137
11.475
11.814
12.159
12.461
12.818
13.181
13.495
0.000
0.009
0.015
0.021
0.034
0.124
0.305
0.363
0.523
0.647
0.895
1.192
1.510
1.768
2.214
2.503
2.754
3.083
3.478
3.826
4.135
4.496
4.890
5.261
5.568
5.874
6.183
6.521
6.822
7.148
7.439
7.762
8.131
8.490
8.828
9.140
9.463
9.815
10.167
10.522
10.571
0.000
0.012
0.020
0.026
0.039
0.131
0.329
0.394
0.629
0.756
1.000
1.389
1.795
2.129
2.424
2.730
3.034
3.337
3.692
3.941
4.202
4.503
4.842
5.184
5.533
5.868
6.233
6.615
7.005
7.342
7.690
8.020
8.351
8.739
9.120
9.449
9.808
10.133
10.463
10.839
11.237
0.000
0.008
0.015
0.020
0.030
0.116
0.299
0.349
0.512
0.609
0.847
1.110
1.407
1.750
2.136
2.506
2.822
3.167
3.495
3.820
4.195
4.596
4.970
5.315
5.629
5.942
6.315
6.684
7.050
7.399
7.711
8.030
8.411
8.776
9.088
9.470
9.761
10.055
10.432
10.847
11.161
11.492
0.000
0.007
0.012
0.017
0.026
0.112
0.344
0.387
0.555
0.676
0.917
1.209
1.489
1.758
2.084
2.408
2.693
3.006
3.321
3.600
3.929
4.243
4.516
4.816
5.119
5.399
5.787
6.103
6.142
0.000
0.008
0.015
0.021
0.031
0.120
0.295
0.339
0.553
0.727
1.023
1.326
1.712
2.043
2.379
2.763
3.065
3.427
3.833
4.184
4.541
4.955
5.319
5.676
6.108
6.520
0.000
0.010
0.016
0.021
0.031
0.119
0.297
0.336
0.545
0.673
0.958
1.246
1.548
1.858
2.155
2.495
2.847
3.161
3.525
3.853
4.156
4.498
4.853
5.149
5.510
0.000
0.010
0.016
0.021
0.031
0.173
0.361
0.421
0.592
0.693
1.020
1.279
1.632
1.962
2.270
2.595
2.927
3.232
3.577
3.901
4.181
4.508
4.841
5.132
5.325
0.000
0.012
0.019
0.026
0.038
0.128
0.308
0.365
0.584
0.719
0.930
1.246
1.461
1.709
1.973
2.317
2.642
2.935
3.244
3.523
3.789
4.124
4.457
4.764
5.069
5.346
5.623
5.804
0.000
0.007
0.012
0.017
0.025
0.114
0.290
0.334
0.524
0.654
0.979
1.293
1.624
1.953
2.259
2.531
2.835
3.162
3.445
3.783
4.079
4.301
0.000
0.008
0.014
0.019
0.029
0.115
0.291
0.333
0.606
0.737
1.007
1.310
1.618
2.015
2.327
2.717
3.070
3.366
3.753
4.157
4.569
4.924
5.331
5.683
6.077
6.478
6.852
7.202
7.649
0.000
0.007
0.013
0.019
0.031
0.123
0.303
0.357
0.526
0.611
0.880
1.112
1.440
1.783
2.156
2.464
2.835
3.183
3.555
3.881
4.198
4.515
4.921
5.251
5.608
5.929
6.233
0.000
0.009
0.016
0.021
0.029
0.113
0.290
0.334
0.517
0.598
0.913
1.245
1.577
1.920
2.200
2.563
2.836
3.117
3.417
3.654
3.901
4.182
4.465
4.749
4.889
0.000
0.009
0.015
0.021
0.030
0.121
0.300
0.350
0.558
0.679
1.003
1.338
1.656
1.970
2.281
2.694
3.070
3.391
3.746
4.056
4.359
4.705
4.983
5.316
5.669
6.059
6.390
6.819
7.120
7.480
7.835
8.179
8.511
8.892
9.228
9.595
9.972
10.325
10.664
11.115
11.461
11.559
0.000
0.009
0.015
0.021
0.032
0.120
0.303
0.352
0.522
0.623
0.831
1.119
1.406
1.722
2.016
2.333
2.628
2.969
3.270
3.528
3.727
4.075
4.366
4.707
5.103
5.408
5.751
6.176
6.508
6.863
7.226
7.556
7.886
8.258
8.589
8.968
9.333
9.701
10.023
10.213
0.000
0.007
0.012
0.017
0.027
0.115
0.295
0.341
0.552
0.619
0.913
1.234
1.560
1.824
2.095
2.463
2.736
3.006
3.353
3.632
3.986
4.304
4.647
4.958
5.352
5.661
6.022
6.311
6.660
6.954
7.303
7.569
7.908
8.197
8.507
8.773
9.142
9.442
9.717
9.981
10.244
10.560
10.828
11.122
11.458
11.755
12.075
12.391
12.667
12.935
13.291
13.588
13.911
14.217
14.491
14.771
15.110
15.414
15.737
16.045
16.318
16.560
0.000
0.007
0.011
0.016
0.025
0.111
0.360
0.423
0.566
0.704
0.958
1.221
1.450
1.763
2.064
2.385
2.687
2.964
3.296
3.598
3.870
4.269
4.591
4.846
5.186
5.546
5.829
6.172
6.495
6.775
7.108
7.447
7.719
8.100
8.419
8.701
9.022
9.308
9.577
9.898
10.220
10.484
10.870
11.182
11.450
11.779
12.100
12.378
12.795
13.115
13.412
13.756
14.107
14.398
14.796
15.113
15.397
15.745
16.084
16.408
16.733
16.868
0.000
0.011
0.017
0.023
0.033
0.128
0.316
0.372
0.595
0.730
1.040
1.361
1.673
1.983
2.424
2.700
3.023
3.355
3.638
4.005
4.378
4.628
4.944
5.274
5.557
5.882
6.207
6.488
6.796
7.129
7.514
7.829
8.145
8.385
8.679
9.007
9.266
9.589
9.907
10.171
10.487
10.798
10.956
0.000
0.008
0.013
0.018
0.027
0.116
0.293
0.343
0.617
0.715
1.010
1.272
1.598
1.887
2.229
2.695
3.009
3.327
3.652
4.055
4.447
4.800
5.134
5.465
5.792
6.198
6.574
6.918
7.248
7.620
7.952
8.304
8.631
0.000
0.011
0.017
0.023
0.032
0.120
0.291
0.333
0.511
0.610
0.826
1.128
1.393
1.758
2.036
2.329
2.647
3.037
3.322
3.634
3.972
4.263
4.587
4.906
5.230
5.505
5.843
6.110
6.435
6.579
0.000
0.009
0.016
0.021
0.031
0.116
0.290
0.332
0.584
0.714
1.023
1.332
1.650
1.958
2.303
2.625
2.944
0.000
0.005
0.008
0.011
0.016
0.521
0.662
0.696
0.827
0.890
1.068
1.270
1.434
1.732
2.001
2.274
2.563
2.853
3.171
3.436
0.000
0.007
0.012
0.017
0.026
0.772
2.291
2.324
3.467
3.552
3.778
4.045
4.307
4.606
4.832
5.063
5.348
5.605
5.902
6.122
7.065
7.284
7.479
7.781
8.015
8.223
8.469
8.691
8.912
9.163
9.467
9.676
10.588
10.851
11.128
11.357
11.609
11.826
12.074
12.946
13.238
13.534
13.781
13.999
14.315
14.504
14.737
14.914
15.083
15.253
15.917
16.143
16.879
17.098
17.327
17.528
17.729
17.948
18.189
18.446
18.703
18.961
19.201
19.464
19.761
0.000
0.005
0.008
0.011
0.016
0.802
0.926
0.958
1.071
1.126
1.331
1.649
1.877
2.108
2.378
2.575
0.000
0.007
0.012
0.016
0.023
0.905
1.130
1.178
1.310
1.372
1.579
1.886
2.172
2.380
2.724
3.073
3.457
3.805
4.125
4.424
4.734
5.046
5.356
5.707
5.902
0.000
0.011
0.018
0.024
0.035
0.110
0.270
0.318
0.482
0.583
0.771
1.009
1.217
1.467
1.712
1.954
2.218
2.496
2.772
3.037
3.274
3.514
3.786
4.067
4.343
0.000
0.009
0.016
0.021
0.030
0.104
0.252
0.283
0.467
0.541
0.881
1.197
1.477
1.765
2.045
2.322
2.637
2.963
3.245
3.528
3.814
4.098
4.415
4.453
0.000
0.009
0.015
0.020
0.028
0.102
0.243
0.273
0.454
0.600
0.940
1.230
1.513
1.795
2.170
2.500
2.565
0.000
0.008
0.014
0.020
0.028
0.101
0.251
0.281
0.460
0.560
0.843
1.148
1.408
1.663
1.923
2.225
2.509
2.845
3.107
0.000
0.011
0.017
0.022
0.030
0.106
0.257
0.291
0.517
0.581
0.911
1.246
1.532
1.820
2.103
2.390
2.714
3.052
3.343
0.000
0.009
0.015
0.020
0.029
0.103
0.253
0.283
0.676
0.801
1.110
1.435
1.739
2.039
2.347
2.732
0.000
0.010
0.016
0.021
0.029
0.157
0.303
0.338
0.525
0.591
0.890
1.217
1.558
1.847
2.174
2.479
2.780
3.106
3.449
3.750
4.074
4.346
4.497
0.000
0.007
0.011
0.016
0.024
0.097
0.241
0.272
0.444
0.565
0.863
1.188
1.485
1.785
2.080
2.450
0.000
0.009
0.015
0.021
0.029
0.099
0.244
0.275
0.492
0.588
0.923
1.206
1.499
1.837
2.105
2.425
2.752
3.006
3.287
3.573
3.907
4.210
4.568
4.848
5.124
0.000
0.006
0.011
0.015
0.022
0.096
0.242
0.272
0.439
0.525
0.809
1.102
1.387
1.723
1.992
2.247
2.622
2.953
3.238
3.518
3.775
4.026
4.356
4.689
4.963
5.246
5.531
0.000
0.006
0.011
0.015
0.023
0.096
0.243
0.274
0.431
0.508
0.728
1.004
1.273
1.548
1.845
2.120
2.418
2.794
3.068
3.345
3.422
0.000
0.009
0.015
0.020
0.027
0.096
0.242
0.274
0.415
0.499
0.707
0.964
1.300
1.582
1.867
2.150
2.471
2.764
3.086
3.301
0.000
0.010
0.015
0.020
0.028
0.143
0.288
0.319
0.477
0.602
0.851
1.097
1.342
1.608
1.874
2.165
2.467
2.714
2.969
3.242
3.497
3.785
3.948
0.000
0.006
0.011
0.015
0.023
0.095
0.240
0.276
0.440
0.563
0.826
1.082
1.332
1.609
1.900
2.198
2.457
2.718
2.974
3.312
3.606
3.894
4.150
4.224
0.000
0.009
0.014
0.019
0.027
0.098
0.242
0.271
0.489
0.637
1.016
1.323
1.655
1.983
2.308
2.651
2.947
3.254
3.622
3.759
0.000
0.009
0.015
0.020
0.028
0.101
0.247
0.278
0.452
0.565
0.829
1.116
1.435
1.721
2.100
2.438
2.783
3.147
3.459
3.803
4.105
4.455
4.758
5.109
5.408
0.000
0.010
0.016
0.022
0.030
0.101
0.253
0.291
0.515
0.636
0.959
1.293
1.587
1.884
2.193
2.535
0.000
0.005
0.008
0.011
0.016
0.548
0.698
0.731
0.909
1.012
1.301
1.630
1.923
2.177
2.464
2.758
3.043
3.336
3.591
3.843
4.122
4.410
4.670
0.000
0.007
0.012
0.017
0.028
0.695
1.460
1.523
1.650
1.731
1.954
2.188
2.437
2.647
2.899
3.149
3.431
3.651
3.899
4.139
4.359
4.553
4.759
4.988
5.256
5.498
5.775
5.964
6.170
6.237
0.000
0.008
0.014
0.019
0.029
0.758
2.100
2.133
3.010
3.585
3.807
4.047
4.221
4.429
4.639
4.885
5.095
5.306
5.628
5.896
6.127
6.443
6.659
6.893
7.140
7.342
0.000
0.010
0.016
0.021
0.031
0.720
1.861
1.899
2.642
3.272
3.495
4.357
5.079
5.340
5.561
5.790
6.197
6.520
6.822
7.133
7.477
7.881
8.190
8.463
8.766
9.060
9.478
9.780
10.105
10.380
10.691
11.092
11.420
11.721
12.072
12.356
0.000
0.011
0.019
0.026
0.039
0.120
0.358
0.418
0.688
0.772
1.093
1.428
1.707
1.987
2.291
2.656
3.073
3.418
3.700
3.985
4.303
4.608
4.899
5.229
5.520
5.931
6.270
6.571
6.903
7.247
7.533
7.855
8.212
8.514
8.858
9.203
9.492
9.810
10.135
10.428
10.821
11.139
11.417
11.552
0.000
0.009
0.015
0.021
0.032
0.119
0.346
0.404
0.596
0.707
0.993
1.272
1.572
1.845
2.146
2.422
2.746
2.774
0.000
0.007
0.011
0.016
0.024
0.099
0.246
0.281
0.534
0.691
1.024
1.413
1.782
2.134
2.473
2.652
0.000
0.011
0.018
0.024
0.035
0.116
0.332
0.398
0.522
0.609
0.812
1.040
1.234
1.466
1.784
2.130
2.430
2.705
2.991
3.282
3.545
0.000
0.008
0.013
0.018
0.032
0.110
0.271
0.314
0.586
0.694
1.004
1.320
1.637
1.964
2.285
2.576
2.876
3.212
3.505
3.795
4.088
4.343
4.595
4.673
0.000
0.011
0.018
0.023
0.034
0.114
0.305
0.350
0.521
0.587
0.788
1.122
1.400
1.625
1.863
2.155
2.419
2.534
0.000
0.006
0.010
0.015
0.023
0.099
0.249
0.281
0.459
0.606
0.874
1.135
1.422
1.737
2.001
2.335
2.715
3.245
3.559
3.827
4.158
4.368
0.000
0.010
0.017
0.023
0.034
0.111
0.272
0.317
0.459
0.619
0.927
1.205
1.500
1.884
2.138
2.484
2.759
2.949
0.000
0.010
0.017
0.022
0.031
0.106
0.262
0.303
0.462
0.568
0.723
0.966
1.223
1.514
1.806
2.053
2.303
2.638
2.910
3.171
3.451
3.679
3.910
4.187
4.445
4.716
4.999
0.000
0.009
0.015
0.020
0.029
0.105
0.258
0.296
0.479
0.608
0.889
1.221
1.514
1.761
2.001
2.278
2.571
2.900
3.195
3.475
3.721
0.000
0.010
0.016
0.021
0.031
0.108
0.259
0.296
0.474
0.625
0.921
1.204
1.582
1.863
2.178
2.505
2.788
3.102
3.389
3.671
3.992
4.405
4.444
0.000
0.010
0.016
0.022
0.031
0.107
0.320
0.377
0.482
0.595
0.796
1.058
1.333
1.573
1.798
2.065
2.313
2.571
2.828
3.076
3.172
0.000
0.009
0.014
0.019
0.029
0.105
0.255
0.291
0.550
0.694
1.295
1.579
1.863
2.186
2.512
2.752
2.987
3.243
3.457
3.695
3.951
4.244
4.556
4.853
5.120
5.423
5.718
6.016
6.320
6.612
0.000
0.008
0.013
0.019
0.031
0.111
0.272
0.325
0.484
0.610
0.824
1.088
1.733
2.068
2.358
2.631
2.924
3.263
3.584
4.236
5.092
5.414
5.535
0.000
0.008
0.014
0.018
0.026
0.099
0.244
0.275
0.499
0.578
0.957
1.289
1.588
1.890
2.184
2.406
0.000
0.005
0.008
0.010
0.015
0.727
0.871
0.903
1.079
1.183
1.471
1.674
1.922
2.204
2.524
2.853
3.178
3.460
3.745
4.036
4.257
0.000
0.009
0.015
0.021
0.030
0.592
0.759
0.809
0.986
1.057
1.244
1.585
1.942
2.195
2.453
2.717
3.055
3.310
3.576
3.819
4.114
4.373
4.630
4.875
5.055
0.000
0.006
0.010
0.015
0.023
0.096
0.279
0.308
0.446
0.597
0.912
1.129
1.409
1.710
1.965
2.217
2.597
2.970
3.363
3.666
3.930
4.190
4.498
4.816
5.064
5.390
5.647
5.965
6.262
6.505
6.739
7.015
7.286
7.594
7.902
8.211
8.563
8.852
9.103
9.386
9.719
10.017
10.369
10.707
11.002
11.297
11.631
11.927
12.201
0.000
0.007
0.013
0.018
0.032
0.110
0.266
0.311
0.453
0.562
0.768
1.017
1.293
1.575
1.860
2.144
2.422
2.709
3.007
3.253
3.503
3.792
4.077
4.122
0.000
0.007
0.012
0.018
0.028
0.105
0.262
0.305
0.457
0.614
0.952
1.305
1.578
1.896
2.146
2.397
2.670
2.999
3.306
3.542
3.930
4.263
4.564
4.888
5.170
5.497
5.788
6.111
6.469
6.784
7.062
7.382
7.672
7.997
8.296
8.616
8.917
9.240
9.524
9.849
10.149
10.472
10.765
11.061
11.308
11.646
11.909
12.213
12.446
12.720
12.980
13.239
13.517
13.829
14.061
14.329
14.650
14.707
0.000
0.008
0.014
0.020
0.033
0.116
0.340
0.387
0.580
0.684
0.893
1.163
1.515
1.870
2.165
2.455
2.781
3.096
3.405
3.696
4.025
4.370
4.906
5.231
5.520
5.786
6.074
0.000
0.007
0.012
0.017
0.027
0.162
0.322
0.375
0.550
0.666
0.850
1.172
1.504
1.832
2.122
2.442
2.745
3.092
3.397
3.711
4.001
0.000
0.007
0.013
0.021
0.033
0.119
0.276
0.321
0.499
0.603
0.809
1.131
1.430
1.686
1.944
2.227
2.485
2.784
3.096
3.356
3.651
3.983
4.243
4.542
4.839
0.000
0.006
0.011
0.015
0.024
0.098
0.248
0.281
0.431
0.534
0.718
0.921
1.177
1.460
1.707
1.983
2.256
2.595
2.841
3.107
3.256
0.000
0.006
0.011
0.016
0.025
0.116
0.263
0.292
0.466
0.529
0.807
1.082
1.355
1.661
1.951
2.220
2.542
2.703
0.000
0.006
0.010
0.015
0.024
0.101
0.307
0.337
0.565
0.628
0.927
1.213
1.623
1.950
2.240
2.563
2.892
3.228
3.517
3.808
4.096
4.385
4.758
5.082
5.373
5.658
5.947
6.100
0.000
0.007
0.012
0.017
0.028
0.108
0.258
0.300
0.469
0.554
0.823
1.100
1.378
1.658
1.940
2.218
2.537
2.817
3.144
3.425
3.707
4.027
4.344
4.382
0.000
0.006
0.011
0.015
0.025
0.099
0.244
0.274
0.412
0.516
0.813
1.058
1.328
1.597
1.937
2.209
2.457
2.715
2.990
3.225
3.514
3.659
0.000
0.006
0.011
0.016
0.025
0.102
0.249
0.280
0.498
0.595
0.930
1.213
1.496
1.779
2.060
2.380
2.807
3.107
3.367
0.000
0.006
0.011
0.016
0.024
0.097
0.244
0.275
0.497
0.643
0.963
1.294
1.615
1.936
2.141
0.000
0.006
0.011
0.016
0.024
0.096
0.244
0.274
0.444
0.507
0.789
1.140
1.423
1.741
2.030
2.284
2.549
2.830
3.014
0.000
0.006
0.011
0.015
0.023
0.097
0.244
0.275
0.451
0.597
0.955
1.223
1.517
1.782
2.084
2.390
2.658
2.926
3.223
3.491
3.564
0.000
0.006
0.011
0.015
0.023
0.095
0.333
0.363
0.580
0.712
0.993
1.296
1.619
1.937
2.259
2.607
2.900
3.218
0.000
0.006
0.011
0.015
0.025
0.099
0.246
0.282
0.502
0.608
0.977
1.299
1.624
1.980
2.316
2.638
3.004
3.325
3.500
0.000
0.005
0.008
0.011
0.016
0.456
0.604
0.635
0.809
0.868
1.099
1.314
1.519
1.815
2.089
2.363
2.709
2.983
3.285
3.579
0.000
0.008
0.014
0.019
0.027
0.487
0.667
0.717
0.846
0.946
1.228
1.471
1.727
2.071
2.322
2.586
2.865
3.091
3.327
3.461
0.000
0.006
0.011
0.015
0.024
0.155
0.303
0.334
0.513
0.589
0.923
1.180
1.436
1.768
2.026
2.300
2.582
2.900
3.153
3.427
3.682
4.014
4.301
4.516
4.857
5.177
5.459
5.711
5.968
6.281
6.569
6.864
7.198
7.509
7.791
8.069
8.367
8.677
9.035
9.359
9.650
9.934
10.103
0.000
0.008
0.014
0.020
0.030
0.113
0.272
0.321
0.499
0.578
0.801
1.096
1.332
1.606
1.959
2.163
2.463
2.761
3.007
3.288
3.529
3.814
4.106
4.458
4.756
5.083
5.362
5.688
5.982
6.294
6.605
6.929
7.201
7.487
7.773
8.098
8.402
8.693
8.934
9.216
9.456
9.827
10.173
10.512
10.821
10.952
0.000
0.008
0.014
0.020
0.032
0.112
0.274
0.323
0.466
0.643
0.954
1.260
1.539
1.870
2.164
2.463
2.817
3.130
3.452
3.778
4.039
4.371
4.653
4.951
5.228
5.513
6.219
6.494
6.762
6.849
0.000
0.007
0.012
0.017
0.027
0.104
0.253
0.290
0.443
0.503
0.705
0.921
1.212
1.649
1.956
2.251
2.611
2.926
3.409
3.711
4.028
4.338
4.790
5.106
5.283
0.000
0.006
0.011
0.016
0.026
0.101
0.249
0.284
0.475
0.644
0.871
1.160
1.440
1.721
2.040
2.366
2.647
2.929
3.211
3.361
0.000
0.006
0.011
0.016
0.025
0.156
0.301
0.332
0.484
0.585
0.813
1.116
1.397
1.680
1.964
2.324
2.645
2.928
3.254
3.525
3.810
4.139
4.166
0.000
0.006
0.010
0.015
0.024
0.096
0.243
0.274
0.446
0.550
0.840
1.108
1.431
1.652
1.941
2.212
2.480
2.799
3.091
3.355
3.693
3.935
4.128
0.000
0.006
0.011
0.015
0.025
0.103
0.357
0.388
0.568
0.685
0.983
1.326
1.644
1.938
2.260
2.576
2.841
3.120
3.433
3.734
3.810
0.000
0.006
0.011
0.015
0.025
0.100
0.244
0.273
0.445
0.521
0.802
1.106
1.367
1.618
1.914
2.170
2.454
2.757
3.012
3.300
3.594
0.000
0.006
0.011
0.015
0.024
0.098
0.244
0.275
0.456
0.602
0.893
1.229
1.532
1.801
2.067
2.381
2.668
2.941
3.253
3.529
3.879
0.000
0.006
0.011
0.015
0.024
0.097
0.306
0.351
0.529
0.678
0.969
1.258
1.545
1.878
2.159
2.481
2.766
3.054
3.343
3.678
3.966
4.294
4.329
0.000
0.007
0.012
0.017
0.026
0.130
0.319
0.356
0.492
0.590
0.826
1.119
1.372
1.672
1.926
2.202
2.451
2.845
3.219
3.591
3.938
4.273
4.324
0.000
0.007
0.011
0.016
0.025
0.103
0.251
0.288
0.467
0.587
0.898
1.152
1.407
1.696
1.994
2.241
2.373
0.000
0.006
0.011
0.016
0.024
0.096
0.244
0.274
0.446
0.508
0.792
1.084
1.366
1.667
1.920
2.181
2.447
2.743
3.077
3.399
3.657
3.914
4.059
0.000
0.006
0.011
0.016
0.025
0.099
0.255
0.286
0.501
0.603
0.944
1.198
1.501
1.762
2.040
2.291
2.588
2.846
3.150
3.310
0.000
0.006
0.011
0.016
0.024
0.096
0.247
0.282
0.507
0.587
0.871
1.156
1.453
1.711
2.018
2.329
2.562
2.721
0.000
0.006
0.010
0.015
0.024
0.097
0.243
0.274
0.460
0.573
0.861
1.123
1.406
1.689
1.972
2.295
2.664
0.000
0.005
0.008
0.011
0.016
0.449
0.595
0.626
0.802
0.902
1.138
1.378
1.667
1.950
2.228
2.553
2.835
3.120
3.446
3.547
0.000
0.008
0.013
0.018
0.026
0.638
0.819
0.888
1.018
1.123
1.347
1.610
1.784
2.055
2.422
2.716
2.981
3.310
3.641
3.902
4.196
4.498
4.762
4.846
0.000
0.007
0.014
0.024
0.036
0.116
0.282
0.329
0.545
0.744
1.030
1.329
1.733
2.009
2.270
2.578
2.872
3.164
3.339
0.000
0.006
0.010
0.015
0.023
0.095
0.241
0.272
0.517
0.605
0.854
1.093
1.356
1.661
1.921
2.181
2.468
2.759
2.998
3.258
3.495
3.808
4.091
4.383
4.621
4.883
5.156
5.421
5.690
5.945
0.000
0.006
0.012
0.017
0.026
0.104
0.259
0.296
0.481
0.635
0.920
1.210
1.754
2.067
2.318
2.593
2.952
3.205
3.487
3.781
4.061
4.362
4.456
0.000
0.007
0.012
0.017
0.027
0.114
0.273
0.310
0.782
0.986
1.924
2.261
2.552
2.949
3.257
3.556
3.897
4.212
4.561
4.893
5.215
5.536
5.805
0.000
0.008
0.014
0.020
0.032
0.113
0.270
0.321
0.542
0.641
0.984
1.287
1.571
1.863
2.151
2.470
2.800
3.119
3.481
3.801
4.114
4.467
4.784
4.861
0.000
0.007
0.012
0.017
0.027
0.102
0.262
0.297
0.435
0.574
0.789
1.010
1.258
1.516
1.767
2.079
2.342
2.638
2.899
3.189
3.446
3.755
4.005
4.082
0.000
0.006
0.011
0.015
0.024
0.096
0.244
0.275
0.508
0.611
0.789
1.035
1.265
1.575
1.841
2.121
2.369
2.644
2.919
3.166
3.437
3.712
3.951
4.229
4.492
4.579
0.000
0.006
0.011
0.015
0.024
0.100
0.246
0.276
0.416
0.518
0.748
1.034
1.351
1.680
1.965
2.253
2.541
2.817
3.131
3.453
3.727
3.862
0.000
0.006
0.011
0.015
0.024
0.098
0.247
0.278
0.459
0.564
0.821
1.103
1.382
1.667
1.979
2.314
2.600
2.879
3.161
3.440
3.661
0.000
0.006
0.021
0.025
0.034
0.109
0.252
0.283
0.510
0.656
0.984
1.305
1.629
1.952
2.270
2.631
2.809
0.000
0.006
0.011
0.015
0.024
0.094
0.239
0.272
0.445
0.595
0.893
1.171
1.490
1.830
2.131
2.474
2.826
3.127
3.432
3.734
4.068
4.386
4.716
4.751
0.000
0.007
0.012
0.017
0.026
0.103
0.259
0.294
0.497
0.647
0.953
1.278
1.659
1.967
2.268
2.632
2.949
3.274
3.586
3.917
4.217
4.519
0.000
0.006
0.010
0.015
0.024
0.099
0.290
0.321
0.532
0.608
0.865
1.130
1.453
1.705
2.012
2.265
2.541
2.795
3.081
3.334
3.638
3.851
0.000
0.006
0.011
0.015
0.024
0.105
0.256
0.287
0.514
0.664
0.991
1.303
1.664
1.812
0.000
0.006
0.011
0.015
0.023
0.097
0.240
0.271
0.442
0.518
0.762
0.962
1.218
1.498
1.780
2.066
2.401
2.711
2.996
3.305
3.577
3.861
4.084
0.000
0.006
0.011
0.015
0.023
0.099
0.240
0.276
0.453
0.601
0.837
1.150
1.440
1.781
2.051
2.358
2.637
2.938
3.253
3.531
3.806
4.123
4.160
0.000
0.006
0.011
0.015
0.023
0.099
0.251
0.281
0.432
0.534
0.734
0.974
1.227
1.486
1.743
2.052
2.366
2.660
2.922
3.187
3.451
3.729
4.035
4.331
4.650
4.938
5.165
5.416
5.641
5.900
6.171
6.443
6.667
6.931
7.159
7.397
0.000
0.005
0.008
0.011
0.015
0.054
0.534
0.678
0.992
1.130
1.508
1.968
2.489
3.215
3.421
0.000
0.019
0.026
0.033
0.048
0.522
0.849
1.051
1.412
1.629
2.112
2.616
3.197
3.785
4.306
4.802
0.000
0.010
0.019
0.028
0.046
0.271
0.549
0.710
1.053
1.276
1.822
2.408
2.942
3.468
4.080
4.639
5.197
5.726
6.249
6.769
7.141
0.000
0.009
0.017
0.025
0.041
0.323
0.604
0.737
1.038
1.207
1.653
2.240
2.758
0.000
0.013
0.021
0.029
0.045
0.543
0.806
0.969
1.400
1.652
2.226
2.794
3.404
4.032
4.547
5.076
5.613
6.143
6.666
7.254
7.769
8.299
8.826
9.349
9.878
10.403
10.637
0.000
0.011
0.019
0.028
0.046
0.639
0.925
1.166
1.685
1.892
2.425
2.960
3.466
3.942
4.462
4.558
0.000
0.010
0.018
0.026
0.044
1.106
1.465
1.747
2.395
2.742
3.510
4.283
5.004
5.641
6.257
6.899
7.558
8.202
8.858
9.508
10.177
10.847
11.512
12.154
12.889
13.700
14.395
15.130
15.877
16.605
17.354
18.076
18.794
19.529
20.474
21.187
21.940
22.661
23.378
24.108
24.847
25.565
26.315
27.040
27.757
28.489
29.245
29.971
30.721
31.454
32.176
32.492
0.000
0.012
0.026
0.036
0.057
0.602
0.984
1.327
2.212
2.742
4.021
5.231
6.265
7.274
8.313
9.292
10.183
11.041
11.882
12.742
13.595
14.119
0.000
0.013
0.024
0.034
0.057
0.277
0.547
0.799
1.382
1.722
2.521
3.296
4.081
4.855
5.609
6.388
7.149
7.914
8.273
0.000
0.012
0.022
0.032
0.053
0.204
0.459
0.648
1.214
1.584
2.497
3.292
3.983
4.727
5.418
6.103
6.828
7.543
0.000
0.005
0.008
0.011
0.016
0.054
0.520
0.663
0.999
1.121
1.540
2.072
2.726
3.244
3.411
0.000
0.010
0.017
0.024
0.039
0.343
0.629
0.806
1.233
1.468
2.108
2.694
3.292
3.943
4.523
5.091
5.686
6.259
6.808
7.389
7.999
8.824
9.477
10.063
10.711
11.372
12.079
12.690
13.308
13.911
14.062
0.000
0.011
0.024
0.033
0.052
0.471
0.825
1.076
1.593
1.828
2.479
3.109
3.728
4.304
4.912
5.519
6.116
6.711
7.364
7.954
8.559
9.149
9.387
0.000
0.011
0.020
0.029
0.049
0.634
0.922
1.205
1.878
2.178
2.930
3.664
4.348
5.007
5.651
6.296
6.965
7.649
8.270
8.984
9.692
10.467
11.142
11.847
12.533
0.000
0.011
0.021
0.030
0.051
0.941
1.217
1.454
1.970
2.232
2.845
3.401
4.010
4.639
5.297
5.882
6.456
7.010
7.581
8.138
8.700
9.277
0.000
0.011
0.020
0.029
0.052
0.198
0.491
0.642
1.026
1.249
1.829
2.369
2.893
3.464
4.040
4.596
5.182
5.745
6.316
6.898
7.770
8.380
8.955
9.505
10.076
10.635
11.190
11.313
0.000
0.011
0.020
0.029
0.048
0.625
1.124
1.386
2.075
2.472
3.379
4.273
5.148
5.980
6.775
7.546
8.336
9.088
9.856
10.629
11.363
12.054
12.791
13.482
14.145
14.841
15.540
16.177
16.806
17.493
18.193
18.890
19.574
20.265
20.930
21.591
22.244
22.893
0.000
0.012
0.022
0.032
0.053
0.807
1.077
1.406
2.159
2.582
3.689
4.704
5.730
6.675
7.578
8.491
9.306
10.116
10.973
11.821
12.641
13.461
14.090
0.000
0.013
0.023
0.034
0.057
1.256
1.530
1.978
2.930
3.442
4.701
5.884
6.987
8.001
8.966
9.965
10.990
12.038
13.013
13.961
14.900
15.829
16.742
17.693
0.000
0.013
0.024
0.035
0.059
0.679
0.949
1.310
2.087
2.564
3.671
4.772
5.820
6.748
7.659
8.525
9.399
10.338
11.245
12.104
13.064
13.971
14.834
15.663
16.506
17.348
18.272
19.174
20.083
20.925
21.730
22.567
23.432
24.280
25.132
25.968
26.763
27.581
28.430
29.276
0.000
0.013
0.023
0.034
0.058
0.429
0.778
1.076
1.769
2.229
3.143
3.967
4.733
5.469
6.135
6.848
7.617
8.338
9.073
9.853
10.574
11.305
12.065
12.779
13.519
14.242
14.975
15.697
16.472
17.187
17.911
18.651
19.222
0.000
0.012
0.022
0.032
0.053
0.194
0.559
0.787
1.309
1.611
2.284
2.929
3.576
4.261
4.900
5.550
6.210
6.889
7.637
8.276
8.936
9.575
10.734
11.484
12.211
12.980
13.690
14.449
15.184
15.338
0.000
0.012
0.022
0.032
0.053
0.202
0.472
0.660
1.149
1.442
2.153
2.846
3.453
4.109
4.609
0.000
0.012
0.021
0.031
0.051
0.297
0.624
0.855
1.433
1.816
2.682
3.445
4.430
5.315
6.230
7.057
7.922
8.749
9.622
10.447
11.284
12.155
13.001
13.836
14.726
15.606
16.467
17.354
18.197
19.044
0.000
0.013
0.023
0.033
0.056
0.204
0.482
0.690
1.265
1.693
2.470
3.229
3.990
4.733
5.493
6.241
7.001
7.816
8.539
9.225
9.917
10.612
11.343
12.062
12.780
13.464
14.204
14.646
0.000
0.012
0.022
0.032
0.053
0.195
0.472
0.662
1.232
1.559
2.338
3.124
3.871
4.635
5.403
6.194
6.954
7.743
8.500
9.196
9.891
10.343
0.000
0.012
0.022
0.032
0.054
0.193
0.533
0.764
1.363
1.672
2.618
3.515
4.317
5.114
5.933
6.749
7.576
8.424
9.286
10.095
10.916
11.733
12.558
13.421
14.263
15.083
15.904
0.000
0.013
0.023
0.034
0.056
0.201
0.475
0.687
1.245
1.608
2.410
3.219
3.913
4.617
5.334
6.058
6.726
7.391
8.066
8.753
9.458
10.156
10.826
0.000
0.012
0.022
0.032
0.053
0.207
0.477
0.664
1.213
1.516
2.317
3.063
3.834
4.572
5.315
6.060
6.811
7.434
