0.005
0.009
0.012
0.018
0.044
0.071
0.096
0.121
0.147
0.272
0.296
0.315
0.353
0.371
0.410
0.426
0.467
0.483
0.522
0.538
0.578
0.594
0.639
0.679
0.695
0.732
0.769
0.808
0.848
0.888
0.905
0.945
0.985
1.025
1.064
1.103
1.119
1.158
1.199
0.006
0.012
0.016
0.023
0.050
0.077
0.101
0.117
0.143
0.168
0.191
0.215
0.238
0.262
0.285
0.308
0.331
0.354
0.378
0.006
0.010
0.014
0.019
0.044
0.069
0.154
0.183
0.203
0.234
0.254
0.289
0.308
0.345
0.382
0.403
0.437
0.474
0.509
0.004
0.008
0.011
0.016
0.042
0.068
0.093
0.121
0.148
0.172
0.198
0.224
0.249
0.276
0.300
0.325
0.352
0.377
0.403
0.004
0.007
0.009
0.014
0.117
0.158
0.195
0.218
0.237
0.272
0.288
0.322
0.356
0.389
0.422
0.457
0.473
0.508
0.541
0.005
0.008
0.011
0.018
0.045
0.072
0.097
0.113
0.138
0.163
0.186
0.211
0.235
0.261
0.283
0.306
0.331
0.353
0.378
0.007
0.012
0.016
0.021
0.044
0.067
0.089
0.112
0.134
0.154
0.178
0.202
0.226
0.249
0.270
0.292
0.314
0.338
0.363
0.006
0.010
0.014
0.020
0.043
0.066
0.088
0.110
0.134
0.158
0.183
0.209
0.234
0.258
0.283
0.306
0.330
0.353
0.377
0.006
0.010
0.014
0.019
0.044
0.065
0.088
0.113
0.135
0.159
0.184
0.208
0.231
0.256
0.279
0.301
0.324
0.348
0.373
0.007
0.011
0.015
0.020
0.043
0.067
0.090
0.114
0.139
0.162
0.185
0.210
0.234
0.258
0.281
0.304
0.326
0.350
0.375
0.005
0.008
0.012
0.017
0.042
0.067
0.090
0.115
0.140
0.163
0.187
0.212
0.234
0.259
0.282
0.304
0.329
0.355
0.381
0.006
0.010
0.014
0.020
0.045
0.069
0.092
0.116
0.142
0.166
0.193
0.218
0.243
0.268
0.290
0.314
0.338
0.362
0.387
0.004
0.007
0.010
0.014
0.037
0.061
0.084
0.107
0.130
0.156
0.179
0.204
0.228
0.254
0.277
0.300
0.324
0.350
0.375
0.006
0.011
0.015
0.021
0.046
0.067
0.091
0.116
0.141
0.167
0.192
0.218
0.242
0.267
0.292
0.317
0.342
0.362
0.389
0.004
0.007
0.010
0.014
0.037
0.061
0.085
0.110
0.136
0.160
0.185
0.210
0.233
0.258
0.282
0.306
0.329
0.351
0.377
0.007
0.011
0.015
0.020
0.043
0.066
0.090
0.114
0.141
0.165
0.189
0.214
0.238
0.262
0.286
0.310
0.334
0.357
0.380
0.006
0.010
0.013
0.019
0.042
0.116
0.138
0.163
0.187
0.211
0.238
0.262
0.285
0.311
0.335
0.359
0.383
0.408
0.433
0.005
0.009
0.013
0.019
0.042
0.066
0.089
0.114
0.137
0.162
0.186
0.211
0.235
0.260
0.284
0.308
0.330
0.354
0.379
0.006
0.010
0.014
0.019
0.043
0.066
0.090
0.115
0.139
0.163
0.189
0.213
0.238
0.263
0.289
0.313
0.338
0.364
0.390
0.004
0.007
0.010
0.014
0.038
0.063
0.087
0.109
0.131
0.158
0.182
0.207
0.229
0.256
0.281
0.305
0.330
0.355
0.382
0.004
0.007
0.010
0.014
0.039
0.063
0.087
0.110
0.135
0.159
0.183
0.208
0.231
0.257
0.281
0.305
0.330
0.353
0.379
0.006
0.011
0.014
0.020
0.045
0.069
0.093
0.117
0.141
0.165
0.189
0.215
0.239
0.264
0.288
0.313
0.335
0.360
0.386
0.006
0.010
0.014
0.019
0.042
0.101
0.124
0.150
0.173
0.195
0.220
0.245
0.270
0.294
0.316
0.340
0.363
0.387
0.413
0.004
0.007
0.010
0.015
0.037
0.060
0.082
0.106
0.131
0.155
0.179
0.204
0.224
0.249
0.271
0.295
0.318
0.339
0.363
0.006
0.010
0.013
0.018
0.041
0.065
0.087
0.111
0.134
0.159
0.182
0.206
0.230
0.254
0.280
0.305
0.330
0.355
0.379
0.004
0.007
0.010
0.015
0.038
0.062
0.084
0.108
0.133
0.155
0.179
0.203
0.227
0.251
0.273
0.296
0.319
0.342
0.366
0.048
0.051
0.053
0.058
0.081
0.104
0.127
0.153
0.177
0.201
0.227
0.252
0.277
0.299
0.324
0.348
0.371
0.396
0.421
0.006
0.010
0.014
0.019
0.042
0.065
0.087
0.111
0.135
0.158
0.181
0.204
0.226
0.251
0.273
0.295
0.317
0.342
0.367
0.004
0.007
0.010
0.014
0.035
0.059
0.082
0.150
0.173
0.197
0.220
0.245
0.271
0.297
0.321
0.345
0.368
0.390
0.411
0.006
0.010
0.013
0.018
0.042
0.067
0.088
0.110
0.134
0.158
0.182
0.209
0.234
0.259
0.282
0.306
0.328
0.351
0.376
0.006
0.010
0.013
0.018
0.040
0.064
0.093
0.118
0.150
0.173
0.196
0.219
0.243
0.268
0.288
0.312
0.335
0.361
0.385
0.006
0.011
0.015
0.020
0.043
0.067
0.087
0.111
0.135
0.157
0.179
0.205
0.228
0.250
0.275
0.299
0.321
0.345
0.367
0.004
0.007
0.010
0.014
0.036
0.059
0.078
0.101
0.126
0.149
0.171
0.194
0.218
0.241
0.264
0.286
0.309
0.332
0.353
0.011
0.014
0.016
0.021
0.045
0.068
0.091
0.116
0.144
0.171
0.196
0.219
0.239
0.264
0.286
0.311
0.336
0.362
0.387
0.004
0.007
0.010
0.014
0.040
0.063
0.085
0.109
0.135
0.194
0.214
0.236
0.261
0.287
0.309
0.334
0.356
0.380
0.403
0.005
0.009
0.012
0.016
0.039
0.062
0.082
0.107
0.131
0.157
0.183
0.208
0.230
0.256
0.279
0.303
0.326
0.352
0.378
0.005
0.008
0.012
0.017
0.040
0.061
0.084
0.105
0.127
0.150
0.172
0.197
0.223
0.248
0.273
0.298
0.322
0.345
0.367
0.006
0.010
0.013
0.018
0.043
0.064
0.088
0.113
0.135
0.158
0.183
0.208
0.232
0.257
0.281
0.303
0.327
0.352
0.377
0.009
0.012
0.016
0.020
0.045
0.069
0.092
0.118
0.142
0.166
0.191
0.213
0.237
0.261
0.285
0.310
0.332
0.356
0.379
0.008
0.011
0.014
0.019
0.043
0.068
0.091
0.114
0.137
0.158
0.182
0.206
0.229
0.253
0.278
0.304
0.327
0.351
0.377
0.011
0.014
0.017
0.021
0.043
0.067
0.089
0.113
0.137
0.162
0.184
0.247
0.270
0.295
0.316
0.340
0.363
0.387
0.411
0.006
0.010
0.014
0.019
0.042
0.066
0.087
0.110
0.134
0.158
0.180
0.205
0.227
0.251
0.274
0.296
0.321
0.346
0.371
0.005
0.008
0.011
0.016
0.041
0.067
0.091
0.117
0.144
0.168
0.194
0.220
0.338
0.363
0.382
0.420
0.436
0.475
0.492
0.528
0.544
0.583
0.599
0.637
0.654
0.694
0.710
0.750
0.767
0.807
0.845
0.861
0.901
0.940
0.981
1.019
1.056
1.073
1.111
1.151
1.191
1.226
1.266
1.283
1.322
1.362
1.400
1.439
1.479
1.496
1.532
0.005
0.008
0.012
0.018
0.044
0.072
0.098
0.114
0.139
0.162
0.187
0.211
0.233
0.257
0.280
0.302
0.325
0.348
0.372
0.005
0.008
0.011
0.015
0.038
0.061
0.084
0.107
0.131
0.155
0.177
0.201
0.222
0.246
0.270
0.292
0.314
0.338
0.362
0.006
0.010
0.014
0.020
0.043
0.065
0.085
0.108
0.132
0.156
0.179
0.204
0.232
0.255
0.278
0.302
0.325
0.349
0.373
0.004
0.007
0.009
0.014
0.036
0.059
0.080
0.104
0.125
0.146
0.169
0.194
0.217
0.241
0.264
0.286
0.309
0.332
0.356
0.004
0.007
0.010
0.014
0.037
0.061
0.083
0.105
0.128
0.151
0.177
0.202
0.226
0.251
0.276
0.300
0.325
0.348
0.373
0.005
0.009
0.013
0.019
0.043
0.068
0.090
0.112
0.134
0.158
0.182
0.207
0.229
0.254
0.279
0.303
0.328
0.353
0.378
0.005
0.008
0.010
0.015
0.038
0.098
0.121
0.145
0.171
0.194
0.218
0.242
0.265
0.290
0.313
0.338
0.361
0.382
0.407
0.004
0.007
0.010
0.014
0.037
0.063
0.086
0.110
0.132
0.157
0.183
0.208
0.230
0.257
0.282
0.306
0.331
0.355
0.378
0.006
0.010
0.014
0.019
0.043
0.068
0.091
0.115
0.140
0.162
0.185
0.209
0.233
0.256
0.281
0.306
0.331
0.355
0.380
0.004
0.007
0.010
0.015
0.038
0.063
0.086
0.109
0.132
0.154
0.177
0.203
0.227
0.253
0.277
0.302
0.328
0.351
0.375
0.006
0.011
0.014
0.019
0.044
0.068
0.091
0.116
0.142
0.167
0.191
0.218
0.243
0.005
0.008
0.012
0.017
0.230
0.273
0.316
0.339
0.359
0.399
0.415
0.457
0.473
0.514
0.530
0.568
0.584
0.622
0.664
0.680
0.738
0.778
0.817
0.860
0.900
0.916
0.954
0.993
1.033
1.071
1.112
1.127
1.166
1.207
0.005
0.008
0.012
0.018
0.045
0.073
0.098
0.114
0.139
0.164
0.186
0.304
0.329
0.349
0.382
0.398
0.430
0.446
0.477
0.494
0.524
0.557
0.591
0.624
0.640
0.673
0.709
0.005
0.008
0.012
0.018
0.046
0.073
0.098
0.124
0.151
0.174
0.198
0.223
0.246
0.271
0.295
0.319
0.343
0.367
0.391
0.006
0.011
0.016
0.021
0.045
0.068
0.090
0.114
0.137
0.160
0.183
0.207
0.227
0.250
0.273
0.297
0.321
0.345
0.389
0.007
0.012
0.016
0.021
0.045
0.069
0.090
0.114
0.139
0.162
0.187
0.211
0.233
0.258
0.281
0.304
0.327
0.350
0.374
0.004
0.008
0.011
0.016
0.038
0.061
0.082
0.105
0.128
0.151
0.175
0.198
0.221
0.246
0.269
0.292
0.316
0.340
0.363
0.006
0.011
0.014
0.020
0.043
0.066
0.089
0.112
0.136
0.159
0.180
0.204
0.227
0.251
0.274
0.296
0.320
0.342
0.366
0.004
0.007
0.010
0.015
0.039
0.061
0.083
0.107
0.131
0.154
0.177
0.203
0.226
0.250
0.274
0.297
0.320
0.343
0.368
0.006
0.011
0.015
0.020
0.044
0.068
0.090
0.113
0.137
0.161
0.184
0.209
0.234
0.259
0.283
0.306
0.328
0.353
0.378
0.006
0.010
0.014
0.019
0.045
0.068
0.091
0.116
0.139
0.165
0.189
0.215
0.238
0.263
0.287
0.311
0.335
0.359
0.385
0.006
0.010
0.014
0.021
0.048
0.070
0.122
0.149
0.173
0.196
0.221
0.246
0.270
0.297
0.322
0.345
0.370
0.396
0.421
0.006
0.011
0.014
0.020
0.041
0.066
0.089
0.115
0.141
0.165
0.187
0.210
0.234
0.260
0.285
0.308
0.333
0.359
0.384
0.007
0.011
0.015
0.020
0.044
0.067
0.090
0.113
0.136
0.159
0.182
0.206
0.229
0.255
0.278
0.303
0.327
0.351
0.376
0.004
0.007
0.010
0.014
0.039
0.063
0.087
0.111
0.135
0.160
0.184
0.210
0.236
0.262
0.288
0.313
0.338
0.363
0.389
0.009
0.013
0.017
0.022
0.047
0.070
0.093
0.114
0.139
0.163
0.187
0.213
0.237
0.262
0.287
0.313
0.336
0.361
0.386
0.006
0.010
0.014
0.019
0.044
0.068
0.090
0.114
0.139
0.163
0.185
0.209
0.235
0.260
0.284
0.308
0.334
0.360
0.382
0.006
0.011
0.015
0.020
0.043
0.067
0.091
0.116
0.140
0.163
0.185
0.212
0.234
0.257
0.282
0.308
0.333
0.358
0.383
0.006
0.010
0.014
0.019
0.043
0.067
0.089
0.112
0.141
0.166
0.188
0.212
0.233
0.257
0.277
0.300
0.322
0.347
0.370
0.006
0.010
0.014
0.019
0.043
0.067
0.089
0.110
0.135
0.159
0.183
0.208
0.232
0.257
0.280
0.303
0.326
0.349
0.375
0.004
0.007
0.010
0.015
0.040
0.062
0.084
0.109
0.133
0.158
0.184
0.210
0.238
0.263
0.286
0.311
0.335
0.359
0.385
0.006
0.010
0.014
0.019
0.042
0.065
0.089
0.113
0.136
0.159
0.181
0.206
0.229
0.255
0.279
0.303
0.328
0.353
0.376
0.004
0.007
0.010
0.015
0.039
0.062
0.086
0.107
0.132
0.156
0.181
0.206
0.230
0.255
0.281
0.305
0.329
0.352
0.379
0.006
0.011
0.015
0.020
0.072
0.094
0.118
0.141
0.166
0.192
0.217
0.242
0.265
0.291
0.315
0.340
0.365
0.389
0.414
0.007
0.011
0.015
0.020
0.045
0.068
0.088
0.113
0.136
0.159
0.184
0.209
0.232
0.257
0.282
0.308
0.332
0.357
0.382
0.004
0.007
0.010
0.014
0.038
0.062
0.085
0.108
0.130
0.154
0.175
0.199
0.224
0.249
0.272
0.297
0.320
0.345
0.370
0.006
0.010
0.014
0.019
0.043
0.067
0.089
0.112
0.137
0.161
0.184
0.209
0.233
0.257
0.281
0.303
0.325
0.349
0.375
0.004
0.007
0.010
0.015
0.039
0.064
0.086
0.109
0.132
0.156
0.180
0.204
0.226
0.249
0.272
0.295
0.316
0.342
0.367
0.006
0.010
0.014
0.019
0.048
0.075
0.105
0.133
0.160
0.188
0.214
0.242
0.270
0.298
0.324
0.353
0.380
0.407
0.438
0.005
0.008
0.012
0.017
0.046
0.070
0.094
0.119
0.144
0.166
0.192
0.217
0.240
0.266
0.292
0.314
0.339
0.360
0.385
0.006
0.010
0.014
0.019
0.042
0.065
0.087
0.111
0.137
0.160
0.184
0.208
0.233
0.265
0.290
0.321
0.343
0.365
0.389
0.006
0.010
0.014
0.019
0.042
0.067
0.087
0.110
0.133
0.157
0.179
0.203
0.226
0.250
0.271
0.294
0.316
0.341
0.364
0.006
0.010
0.013
0.018
0.043
0.067
0.089
0.114
0.140
0.164
0.187
0.213
0.239
0.263
0.288
0.313
0.336
0.360
0.385
0.007
0.011
0.014
0.020
0.044
0.067
0.091
0.115
0.138
0.162
0.186
0.212
0.237
0.263
0.289
0.311
0.335
0.358
0.384
0.004
0.007
0.010
0.014
0.037
0.061
0.084
0.108
0.131
0.155
0.178
0.203
0.227
0.250
0.274
0.298
0.320
0.346
0.373
0.004
0.007
0.010
0.014
0.039
0.063
0.121
0.144
0.170
0.195
0.217
0.242
0.265
0.289
0.311
0.336
0.359
0.383
0.408
0.006
0.010
0.013
0.018
0.042
0.066
0.088
0.111
0.135
0.159
0.181
0.205
0.225
0.248
0.272
0.295
0.321
0.343
0.368
0.004
0.007
0.009
0.014
0.037
0.059
0.082
0.103
0.128
0.149
0.173
0.199
0.222
0.248
0.271
0.295
0.320
0.343
0.365
0.005
0.009
0.013
0.018
0.039
0.063
0.086
0.110
0.134
0.156
0.180
0.204
0.228
0.253
0.276
0.298
0.323
0.347
0.371
0.005
0.009
0.013
0.018
0.042
0.065
0.089
0.113
0.137
0.160
0.182
0.207
0.230
0.255
0.279
0.304
0.328
0.352
0.378
0.005
0.008
0.011
0.016
1.213
1.428
1.468
1.527
1.562
1.670
1.727
1.831
1.904
1.949
1.993
2.042
2.084
2.233
2.306
2.357
2.407
2.513
2.595
2.657
2.707
2.758
2.808
2.848
2.909
2.962
3.010
3.059
3.115
3.150
3.219
3.268
3.312
3.373
3.416
3.451
3.508
3.566
3.617
3.662
3.699
3.733
3.790
3.848
3.898
3.942
3.979
4.014
4.071
4.130
4.180
4.224
4.261
4.296
4.354
4.412
4.461
4.505
4.543
4.578
4.635
4.693
4.744
4.788
4.828
4.864
4.922
4.982
0.008
0.015
0.022
0.036
0.071
0.104
0.136
0.209
0.252
0.296
0.340
0.380
0.421
0.466
0.502
0.617
0.675
0.718
0.774
0.819
0.862
0.958
1.029
1.076
1.139
1.195
1.242
1.279
1.331
1.374
1.426
1.512
1.558
1.595
1.651
2.067
2.150
2.226
2.309
2.351
2.405
2.444
2.502
2.562
2.632
2.681
2.734
2.773
2.815
2.872
2.935
2.983
3.034
3.071
3.115
3.166
3.221
3.262
3.312
3.355
3.392
3.443
3.498
3.540
3.589
3.632
3.669
3.720
3.776
3.817
3.866
3.910
3.946
3.998
4.053
4.094
4.143
4.186
4.224
4.275
4.330
0.008
0.015
0.021
0.035
0.068
0.099
0.129
0.206
0.275
0.322
0.361
0.401
0.457
0.507
0.575
0.612
0.648
0.679
0.737
0.786
0.854
0.890
0.927
0.960
1.016
1.064
1.133
1.169
1.207
1.238
1.294
1.343
1.411
1.449
1.513
1.544
1.600
1.649
1.718
1.755
1.792
1.823
1.879
1.929
1.997
2.051
0.008
0.014
0.021
0.035
0.067
0.098
0.128
0.201
0.253
0.294
0.396
0.471
0.525
0.580
0.629
0.683
0.778
0.867
0.915
0.951
0.996
1.032
1.062
1.148
1.193
1.229
1.275
1.311
1.342
1.422
1.467
1.503
1.549
1.585
1.616
1.695
1.741
0.008
0.015
0.021
0.036
0.070
0.103
0.134
0.209
0.271
0.315
0.384
0.498
0.574
0.646
0.726
0.769
0.815
0.861
0.926
0.972
1.031
1.073
1.117
1.179
1.245
1.300
1.371
1.408
1.443
1.480
1.536
1.585
1.651
1.689
1.723
1.759
1.816
1.864
1.932
1.968
2.002
2.039
2.095
2.145
2.211
2.248
2.282
2.319
2.376
2.425
2.491
2.528
2.562
2.599
2.656
2.705
0.008
0.014
0.021
0.035
0.067
0.097
0.127
0.202
0.263
0.307
0.342
0.386
0.432
0.498
0.544
0.587
0.621
0.660
0.706
0.830
0.875
0.914
0.951
0.994
1.038
1.103
0.008
0.014
0.020
0.033
0.072
0.112
0.147
0.214
0.272
0.317
0.360
0.397
0.444
0.494
0.552
0.600
0.643
0.689
0.736
0.784
0.844
0.899
0.943
0.984
1.037
1.084
1.169
1.224
1.268
1.308
1.353
1.398
1.462
1.511
1.554
1.592
1.635
1.676
1.741
1.789
1.832
1.870
1.913
1.959
2.024
2.076
2.120
2.155
2.200
2.245
2.309
2.361
2.403
2.442
2.485
2.531
2.594
2.708
2.777
2.823
2.864
2.901
2.952
2.999
3.057
3.101
3.142
3.178
3.231
3.277
3.335
3.379
3.420
3.457
3.509
0.008
0.015
0.021
0.033
0.064
0.094
0.124
0.200
0.269
0.319
0.350
0.397
0.429
0.496
0.569
0.607
0.645
0.684
0.715
0.775
0.842
0.881
0.919
0.958
0.989
1.049
1.116
1.154
1.194
1.232
1.263
1.322
1.390
1.429
1.467
1.506
1.561
1.611
1.679
1.715
1.753
1.797
1.840
1.886
1.954
0.008
0.015
0.022
0.034
0.065
0.096
0.126
0.203
0.272
0.311
0.348
0.383
0.414
0.483
0.551
0.590
0.627
0.661
0.693
0.761
0.832
0.871
0.907
0.942
0.005
0.008
0.011
0.016
1.200
1.240
1.441
1.503
1.546
1.643
1.679
1.721
1.804
1.857
1.908
2.012
2.050
2.167
2.250
2.302
2.419
2.463
2.501
2.617
2.694
2.739
2.806
2.851
2.898
2.939
2.979
3.021
3.073
3.114
3.152
3.192
3.237
3.337
3.382
3.425
3.463
3.503
3.550
3.655
3.705
3.751
3.787
3.821
3.934
3.974
4.026
4.069
4.109
4.148
4.195
4.230
4.286
0.004
0.008
0.011
0.016
0.314
0.391
0.464
0.497
0.571
0.601
0.673
0.709
0.783
0.825
0.899
0.939
0.965
1.001
1.050
1.078
1.151
1.229
1.259
1.334
1.409
1.448
1.474
1.549
1.601
1.639
1.717
1.743
1.814
1.888
1.928
2.005
2.079
2.105
2.180
2.311
2.364
2.444
2.521
2.595
2.623
2.695
2.728
2.804
2.883
2.963
2.992
3.067
3.103
3.181
3.256
3.331
3.358
3.434
3.473
3.550
3.626
3.704
3.733
3.809
3.845
3.921
3.997
4.075
4.105
4.180
4.215
4.292
4.367
4.446
4.473
4.551
4.588
4.664
4.738
4.817
4.846
4.922
4.957
5.064
5.144
5.219
5.257
5.335
5.372
5.448
5.526
5.606
5.635
5.713
5.750
5.830
5.902
5.978
6.007
6.084
6.120
6.196
6.273
6.351
6.379
6.457
6.493
6.569
6.646
6.722
6.751
6.826
6.863
6.944
7.020
7.096
7.124
7.199
7.237
7.313
7.389
7.464
7.492
0.007
0.012
0.017
0.026
0.721
0.807
0.907
0.975
1.019
1.056
1.131
1.162
1.238
1.288
1.352
1.385
1.460
1.490
1.567
1.613
1.651
1.682
1.735
1.788
1.829
1.874
1.941
1.972
2.026
2.080
2.160
2.208
2.272
2.314
2.393
2.420
2.473
2.574
2.630
2.708
2.752
2.830
2.885
2.930
2.973
3.052
3.094
3.173
3.227
3.273
3.317
3.397
3.440
3.519
3.573
3.616
3.659
3.736
3.835
3.914
3.970
4.016
4.060
4.143
4.187
4.265
4.319
4.361
4.406
4.484
4.513
4.593
4.649
4.694
4.735
4.822
4.932
4.994
5.047
5.094
5.146
5.181
5.226
5.271
5.317
5.366
5.478
5.540
5.586
5.643
5.702
5.744
5.796
5.839
5.883
5.936
5.994
6.040
6.093
6.138
6.181
6.239
6.297
6.344
6.395
6.440
6.483
6.539
6.603
6.646
6.701
6.747
6.792
6.850
6.910
6.956
7.011
7.054
7.100
7.156
7.217
7.262
7.317
7.364
7.409
7.524
7.570
7.615
7.671
7.713
7.759
7.812
7.874
7.919
7.977
8.022
8.067
8.121
8.180
8.222
8.263
8.308
8.354
8.412
8.471
8.516
8.569
0.010
0.017
0.024
0.037
0.650
0.753
0.919
1.015
1.061
1.105
1.158
1.195
1.340
1.404
1.456
1.526
1.578
1.623
1.716
1.767
1.857
1.920
1.971
2.018
2.056
2.103
2.177
2.221
2.277
2.368
2.462
2.513
2.603
2.660
2.741
2.802
2.895
2.944
3.037
3.089
3.143
3.242
3.334
3.383
3.476
3.532
3.583
3.677
3.769
3.817
3.910
3.966
4.019
4.112
4.204
4.253
4.406
4.462
4.515
4.608
4.701
4.751
4.832
4.889
4.944
5.041
5.135
5.185
5.278
5.331
5.384
5.474
5.568
5.615
5.709
5.765
5.816
5.907
6.022
6.068
6.161
6.218
6.269
6.363
6.456
6.505
6.605
6.661
6.779
6.844
6.935
7.003
7.100
7.167
7.221
7.277
7.366
7.434
7.531
7.599
7.657
7.713
7.802
7.873
7.970
8.033
8.088
8.140
8.230
8.299
8.396
8.465
8.520
8.577
8.667
8.737
8.831
8.899
8.956
9.013
9.099
9.171
9.263
9.328
9.386
9.439
9.527
9.600
9.695
9.824
9.877
9.930
10.018
10.077
10.175
10.229
10.273
10.329
10.419
10.474
10.573
10.637
10.690
10.743
10.835
10.965
11.083
11.136
11.179
11.235
11.323
11.390
11.474
11.540
11.598
11.651
11.743
11.813
11.909
11.973
12.017
12.070
12.159
12.219
12.313
12.367
12.408
12.460
12.549
12.617
12.712
12.762
12.817
12.875
12.964
13.036
13.129
13.180
13.297
13.349
13.439
13.495
0.009
0.015
0.021
0.034
0.124
0.213
0.305
0.363
0.397
0.439
0.523
0.564
0.647
0.684
0.735
0.771
0.855
0.895
0.982
1.019
1.071
1.107
1.192
1.232
1.318
1.385
1.425
1.510
1.595
1.629
1.678
1.738
1.768
1.807
1.889
1.924
2.011
2.214
2.245
2.286
2.386
2.420
2.503
2.564
2.595
2.633
2.720
2.754
2.846
2.877
2.962
2.998
3.082
3.118
3.272
3.332
3.424
3.478
3.512
3.599
3.690
3.739
3.826
3.878
3.912
4.003
4.091
4.135
4.168
4.225
4.315
4.463
4.495
4.541
4.693
4.756
4.798
4.890
4.988
5.045
5.114
5.176
5.260
5.302
5.393
5.450
5.519
5.568
5.652
5.692
5.761
5.812
5.873
5.927
6.016
6.056
6.130
6.183
6.247
6.300
6.387
6.481
6.521
6.577
6.630
6.682
6.725
6.822
6.896
6.951
7.011
7.062
7.148
7.243
7.285
7.336
7.386
7.438
7.482
7.576
7.648
7.699
7.762
7.816
7.909
8.004
8.080
8.131
8.185
8.237
8.323
8.418
8.490
8.542
8.595
8.647
8.729
8.828
8.904
8.954
9.004
9.054
9.139
9.233
9.307
9.357
9.410
9.463
9.550
9.640
9.712
9.762
9.815
9.869
9.955
10.050
10.118
10.167
10.221
10.274
10.357
10.453
10.522
10.570
0.012
0.020
0.026
0.039
0.131
0.227
0.328
0.393
0.495
0.541
0.629
0.667
0.756
0.798
0.833
0.872
0.960
0.999
1.148
1.207
1.299
1.343
1.389
1.458
1.512
1.562
1.654
1.794
1.829
1.884
1.931
1.974
2.129
2.208
2.246
2.336
2.382
2.424
2.518
2.561
2.591
2.684
2.730
2.773
2.819
2.913
2.944
3.033
3.078
3.122
3.176
3.266
3.337
3.431
3.473
3.511
3.602
3.692
3.724
3.770
3.814
3.851
3.940
3.995
4.029
4.119
4.165
4.202
4.255
4.297
4.363
4.457
4.503
4.547
4.593
4.679
4.750
4.842
4.891
4.937
5.027
5.113
5.184
5.273
5.313
5.350
5.440
5.532
5.602
5.692
5.732
5.772
5.868
5.958
6.057
6.153
6.193
6.233
6.324
6.414
6.485
6.574
6.614
6.655
6.751
6.845
6.915
7.004
7.045
7.085
7.176
7.271
7.341
7.433
7.473
7.513
7.602
7.690
7.758
7.850
7.890
7.930
8.020
8.111
8.181
8.271
8.311
8.351
8.443
8.533
8.599
8.695
8.739
8.778
8.871
8.965
9.030
9.120
9.161
9.201
9.292
9.379
9.449
9.546
9.586
9.626
9.719
9.807
9.875
9.965
10.005
10.045
10.132
10.226
10.295
10.387
10.425
10.463
10.549
10.642
10.709
10.798
10.838
10.879
10.973
11.165
11.236
0.008
0.014
0.020
0.029
0.115
0.210
0.298
0.349
0.440
0.471
0.512
0.544
0.609
0.650
0.740
0.773
0.811
0.847
0.909
0.948
0.977
1.043
1.110
1.153
1.240
1.331
1.364
1.407
1.499
1.562
1.656
1.713
1.749
1.845
1.938
2.001
2.090
2.136
2.170
2.262
2.351
2.414
2.505
2.549
2.582
2.669
2.757
2.822
2.913
2.956
2.989
3.077
3.167
3.233
3.326
3.368
3.399
3.494
3.587
3.651
3.746
3.787
3.820
3.907
3.993
4.058
4.149
4.194
4.248
4.354
4.443
4.507
4.595
4.642
4.675
4.819
4.905
4.969
5.062
5.101
5.131
5.227
5.314
5.369
5.461
5.501
5.534
5.629
5.716
5.778
5.865
5.908
5.941
6.034
6.119
6.184
6.271
6.315
6.349
6.439
6.526
6.592
6.684
6.728
6.761
6.853
7.000
7.049
7.140
7.181
7.214
7.308
7.398
7.465
7.541
7.586
7.618
7.711
7.800
7.862
7.953
7.997
8.030
8.125
8.220
8.281
8.370
8.411
8.445
8.536
8.613
8.681
8.776
8.819
8.850
8.939
9.026
9.088
9.177
9.220
9.253
9.327
9.470
9.534
9.607
9.649
9.682
9.761
9.836
9.885
9.978
10.022
10.055
10.146
10.235
10.304
10.390
10.432
10.466
10.552
10.636
10.702
10.847
10.894
10.927
11.008
11.096
11.161
11.238
11.283
11.316
11.402
11.491
0.007
0.012
0.016
0.026
0.112
0.200
0.344
0.387
0.476
0.506
0.554
0.588
0.675
0.714
0.807
0.837
0.885
0.916
1.003
1.039
1.070
1.157
1.209
1.242
1.328
1.370
1.458
1.489
1.542
1.601
1.689
1.729
1.758
1.847
1.895
1.956
2.043
2.084
2.114
2.202
2.257
2.318
2.408
2.461
2.491
2.578
2.631
2.692
2.781
2.820
2.850
2.952
3.005
3.068
3.159
3.198
3.232
3.321
3.377
3.440
3.530
3.571
3.599
3.689
3.740
3.802
3.889
3.929
3.960
4.044
4.094
4.156
4.242
4.282
4.312
4.400
4.452
4.515
4.606
4.644
4.675
4.764
4.816
4.875
4.962
5.001
5.031
5.118
5.172
5.238
5.326
5.369
5.399
5.491
5.540
5.604
5.748
5.787
5.817
5.906
5.954
6.015
6.102
6.141
0.008
0.015
0.021
0.030
0.119
0.207
0.295
0.338
0.433
0.518
0.552
0.638
0.727
0.766
0.855
0.943
0.992
1.023
1.114
1.159
1.247
1.277
1.326
1.411
1.499
1.537
1.627
1.712
1.745
1.830
1.917
1.955
2.043
2.131
2.166
2.252
2.341
2.379
2.464
2.550
2.584
2.677
2.762
2.805
2.835
2.925
2.976
3.065
3.155
3.192
3.281
3.374
3.427
3.516
3.616
3.653
3.744
3.833
3.885
3.973
4.060
4.098
4.184
4.273
4.326
4.416
4.503
4.541
4.633
4.723
4.775
4.865
4.955
4.994
5.085
5.174
5.229
5.319
5.409
5.447
5.535
5.625
5.676
5.807
5.894
5.932
6.020
6.108
6.163
6.252
6.338
6.376
6.520
0.009
0.016
0.021
0.031
0.119
0.206
0.296
0.336
0.421
0.457
0.544
0.583
0.673
0.714
0.794
0.829
0.920
0.958
1.048
1.088
1.176
1.215
1.246
1.332
1.370
1.420
1.506
1.548
1.579
1.663
1.726
1.772
1.858
1.949
1.979
2.062
2.103
2.155
2.245
2.333
2.363
2.454
2.495
2.551
2.645
2.736
2.765
2.847
2.893
2.944
3.049
3.132
3.161
3.251
3.295
3.350
3.436
3.525
3.556
3.647
3.689
3.741
3.853
3.940
3.970
4.060
4.101
4.156
4.250
4.341
4.372
4.456
4.498
4.552
4.642
4.734
4.765
4.853
4.894
4.949
5.036
5.118
5.148
5.238
5.280
5.333
5.423
5.510
0.009
0.015
0.021
0.030
0.173
0.272
0.360
0.421
0.453
0.503
0.591
0.633
0.693
0.747
0.839
0.882
0.971
1.020
1.058
1.103
1.195
1.244
1.279
1.323
1.379
1.420
1.569
1.631
1.673
1.769
1.814
1.867
1.962
2.016
2.054
2.155
2.225
2.270
2.361
2.411
2.449
2.543
2.595
2.649
2.743
2.793
2.830
2.927
2.981
3.043
3.144
3.194
3.232
3.330
3.381
3.430
3.521
3.576
3.615
3.709
3.758
3.807
3.901
3.948
3.984
4.080
4.128
4.180
4.277
4.326
4.364
4.459
4.508
4.562
4.651
4.701
4.746
4.841
4.893
4.946
5.044
5.093
5.132
5.224
5.275
5.324
0.011
0.019
0.025
0.037
0.128
0.219
0.307
0.364
0.458
0.501
0.584
0.627
0.719
0.768
0.799
0.838
0.888
0.930
1.017
1.056
1.147
1.188
1.246
1.288
1.318
1.355
1.418
1.461
1.510
1.551
1.584
1.621
1.709
1.797
1.837
1.903
1.931
1.973
2.093
2.180
2.224
2.286
2.316
2.402
2.439
2.525
2.578
2.642
2.672
2.710
2.798
2.883
2.935
3.001
3.031
3.073
3.159
3.243
3.293
3.360
3.391
3.434
3.523
3.610
3.658
3.719
3.748
3.789
3.884
3.973
4.025
4.093
4.123
4.164
4.252
4.338
4.394
4.457
4.489
4.531
4.619
4.709
4.764
4.829
4.858
4.895
4.981
5.069
5.124
5.188
5.217
5.257
5.345
5.433
5.483
5.550
5.580
5.623
5.714
5.803
0.006
0.011
0.016
0.025
0.114
0.201
0.290
0.334
0.423
0.463
0.524
0.563
0.654
0.698
0.732
0.852
0.889
0.978
1.014
1.050
1.112
1.202
1.293
1.330
1.381
1.470
1.536
1.624
1.711
1.748
1.804
1.892
1.953
2.044
2.075
2.113
2.168
2.259
2.324
2.355
2.441
2.478
2.531
2.622
2.680
2.710
2.795
2.835
2.885
2.975
3.039
3.071
3.162
3.203
3.256
3.349
3.414
3.444
3.538
3.579
3.629
3.717
3.783
3.813
3.902
3.940
3.996
4.079
4.145
4.176
4.260
4.300
0.007
0.013
0.019
0.028
0.114
0.201
0.290
0.333
0.474
0.540
0.605
0.646
0.736
0.779
0.869
0.920
0.969
1.007
1.128
1.179
1.213
1.257
1.310
1.408
1.449
1.516
1.577
1.617
1.688
1.780
1.816
1.864
2.015
2.052
2.118
2.213
2.255
2.327
2.406
2.442
2.583
2.676
2.717
2.785
2.876
2.912
2.979
3.070
3.113
3.179
3.268
3.302
3.365
3.515
3.555
3.625
3.716
3.753
3.807
3.898
3.940
4.006
4.156
4.227
4.284
4.376
4.475
4.569
4.659
4.717
4.777
4.872
4.924
5.019
5.111
5.169
5.233
5.330
5.381
5.471
5.565
5.623
5.683
5.778
5.829
5.922
6.018
6.077
6.141
6.234
6.285
6.385
6.477
6.537
6.598
6.709
6.763
6.852
6.944
7.002
7.061
7.149
7.202
7.355
7.448
7.506
7.567
7.649
0.007
0.013
0.019
0.031
0.122
0.210
0.302
0.357
0.449
0.482
0.525
0.559
0.611
0.649
0.738
0.773
0.815
0.880
0.912
0.957
1.044
1.075
1.112
1.175
1.230
1.266
1.351
1.439
1.531
1.574
1.609
1.693
1.782
1.928
1.971
2.037
2.070
2.156
2.232
2.323
2.363
2.429
2.464
2.556
2.644
2.731
2.770
2.835
2.872
2.958
3.048
3.141
3.183
3.252
3.287
3.379
3.469
3.555
3.599
3.665
3.700
3.789
3.881
3.974
4.013
4.076
4.110
4.197
4.285
4.376
4.418
4.483
4.515
4.661
4.742
4.821
4.859
4.921
4.957
5.033
5.123
5.213
5.251
5.304
5.339
5.430
5.518
5.608
5.650
5.715
5.750
5.839
5.929
6.015
6.055
6.109
6.144
6.232
0.009
0.015
0.021
0.029
0.113
0.201
0.290
0.334
0.426
0.455
0.516
0.568
0.598
0.636
0.757
0.845
0.874
0.912
0.993
1.034
1.098
1.215
1.245
1.299
1.387
1.427
1.492
1.576
1.607
1.657
1.802
1.852
1.920
2.012
2.059
2.117
2.162
2.200
2.271
2.427
2.473
2.517
2.563
2.602
2.658
2.745
2.778
2.836
2.883
2.921
2.977
3.073
3.117
3.173
3.217
3.255
3.325
3.416
3.464
3.507
3.550
3.588
3.653
3.732
3.778
3.820
3.862
3.900
3.954
4.041
4.084
4.139
4.182
4.218
4.288
4.380
4.424
4.465
4.509
4.544
4.610
4.703
4.749
4.805
4.851
4.888
0.009
0.015
0.021
0.030
0.120
0.205
0.300
0.350
0.441
0.472
0.558
0.588
0.678
0.725
0.849
0.878
0.963
1.002
1.088
1.132
1.163
1.251
1.338
1.367
1.435
1.477
1.567
1.656
1.687
1.752
1.843
1.884
1.970
2.063
2.093
2.156
2.238
2.281
2.427
2.517
2.547
2.608
2.694
2.740
2.829
2.918
2.948
3.070
3.140
3.186
3.271
3.361
3.390
3.441
3.521
3.565
3.655
3.745
3.776
3.839
3.928
3.970
4.056
4.145
4.175
4.241
4.317
4.359
4.446
4.527
4.558
4.616
4.705
4.746
4.821
4.889
4.919
4.983
5.071
5.113
5.202
5.285
5.316
5.363
5.451
5.495
5.581
5.669
5.700
5.767
5.908
5.967
6.059
6.147
6.187
6.253
6.342
6.390
6.476
6.563
6.609
6.729
6.819
6.867
6.951
7.040
7.071
7.120
7.207
7.252
7.343
7.434
7.480
7.547
7.624
7.672
7.749
7.835
7.882
7.946
8.039
8.087
8.179
8.269
8.312
8.373
8.462
8.510
8.602
8.694
8.738
8.803
8.892
8.941
9.029
9.118
9.164
9.228
9.322
9.371
9.456
9.548
9.594
9.662
9.749
9.797
9.885
9.972
10.019
10.085
10.189
10.235
10.325
10.416
10.459
10.525
10.616
10.664
10.756
10.860
10.906
11.024
11.115
11.171
11.258
11.345
11.391
11.461
11.558
0.008
0.015
0.021
0.031
0.120
0.210
0.303
0.352
0.450
0.482
0.522
0.554
0.622
0.664
0.694
0.759
0.796
0.830
0.921
0.983
1.014
1.078
1.119
1.160
1.191
1.253
1.341
1.406
1.448
1.483
1.569
1.632
1.722
1.787
1.828
1.863
1.955
2.016
2.105
2.173
2.212
2.247
2.333
2.398
2.485
2.552
2.593
2.628
2.723
2.785
2.866
2.930
2.969
3.004
3.086
3.148
3.237
3.269
3.312
3.347
3.377
3.438
3.528
3.559
3.597
3.635
3.666
3.727
3.848
3.913
3.947
3.988
4.075
4.143
4.231
4.293
4.325
4.366
4.457
4.519
4.607
4.672
4.706
4.744
4.833
4.896
5.040
5.102
5.138
5.182
5.267
5.331
5.408
5.477
5.511
5.549
5.694
5.751
5.846
5.993
6.042
6.097
6.176
6.220
6.310
6.400
6.447
6.507
6.596
6.638
6.730
6.817
6.862
6.921
7.009
7.052
7.139
7.226
7.274
7.332
7.421
7.463
7.556
7.650
7.699
7.756
7.845
7.885
7.978
8.066
8.115
8.172
8.257
8.300
8.389
8.480
8.528
8.589
8.680
8.722
8.832
8.922
8.967
9.024
9.111
9.151
9.242
9.332
9.379
9.436
9.584
9.626
9.701
9.789
9.838
9.895
9.983
10.023
10.114
10.212
0.006
0.012
0.017
0.026
0.115
0.207
0.294
0.341
0.428
0.469
0.551
0.581
0.619
0.669
0.757
0.844
0.882
0.913
0.973
1.024
1.109
1.195
1.234
1.264
1.328
1.379
1.472
1.560
1.599
1.630
1.691
1.742
1.824
1.912
1.954
1.985
2.044
2.095
2.237
2.268
2.305
2.395
2.462
2.497
2.581
2.670
2.707
2.736
2.796
2.844
2.930
2.968
3.006
3.092
3.188
3.235
3.263
3.353
3.395
3.481
3.544
3.596
3.631
3.721
3.809
3.847
3.899
3.985
4.022
4.110
4.197
4.241
4.304
4.394
4.430
4.514
4.562
4.647
4.704
4.795
4.827
4.916
4.958
5.045
5.104
5.243
5.279
5.352
5.411
5.487
5.539
5.628
5.661
5.752
5.793
5.882
5.932
6.021
6.055
6.116
6.168
6.257
6.311
6.395
6.429
6.521
6.576
6.660
6.713
6.779
6.811
6.903
6.954
7.044
7.097
7.187
7.217
7.303
7.356
7.421
7.471
7.501
7.569
7.658
7.701
7.734
7.820
7.908
7.975
8.008
8.052
8.154
8.196
8.285
8.340
8.370
8.422
8.507
8.544
8.632
8.697
8.727
8.773
8.863
8.952
9.016
9.053
9.142
9.182
9.267
9.321
9.410
9.441
9.494
9.581
9.619
9.653
9.717
9.782
9.817
9.906
9.948
9.981
10.046
10.101
10.160
10.191
10.244
10.285
10.347
10.378
10.469
10.559
10.612
10.653
10.712
10.741
10.828
10.922
10.975
11.015
11.082
11.121
11.212
11.297
11.350
11.392
11.457
11.489
11.576
11.665
11.715
11.755
11.819
11.848
11.934
12.022
12.075
12.118
12.184
12.214
12.304
12.391
12.441
12.484
12.549
12.580
12.667
12.751
12.803
12.845
12.905
12.935
13.023
13.110
13.192
13.231
13.290
13.322
13.410
13.496
13.545
13.587
13.656
13.686
13.774
13.861
13.911
13.952
14.016
14.047
14.132
14.217
14.269
14.312
14.372
14.403
14.490
14.585
14.636
14.680
14.741
14.771
14.861
14.949
15.004
15.046
15.110
15.139
15.228
15.320
15.371
15.414
15.482
15.513
15.598
15.683
15.736
15.778
15.840
15.870
15.957
16.045
16.098
16.139
16.203
16.233
16.318
16.408
16.460
16.500
16.559
0.006
0.011
0.016
0.025
0.111
0.261
0.360
0.423
0.455
0.502
0.565
0.611
0.703
0.748
0.798
0.832
0.920
0.958
1.004
1.047
1.120
1.154
1.221
1.270
1.314
1.358
1.413
1.449
1.540
1.598
1.639
1.672
1.763
1.804
1.895
1.986
2.025
2.064
2.162
2.195
2.284
2.338
2.385
2.430
2.528
2.594
2.652
2.686
2.731
2.767
2.859
2.927
2.964
3.052
3.097
3.133
3.226
3.295
3.335
3.424
3.471
3.507
3.598
3.662
3.700
3.787
3.833
3.869
3.972
4.042
4.079
4.226
4.269
4.306
4.395
4.462
4.500
4.591
4.638
4.674
4.752
4.808
4.846
4.937
4.985
5.022
5.118
5.186
5.223
5.375
5.420
5.454
5.546
5.618
5.656
5.749
5.792
5.829
5.914
5.973
6.009
6.129
6.172
6.209
6.297
6.363
6.402
6.495
6.540
6.575
6.669
6.736
6.774
6.869
6.914
6.950
7.044
7.108
7.147
7.244
7.291
7.362
7.447
7.514
7.551
7.641
7.683
7.719
7.808
7.873
7.911
8.058
8.100
8.137
8.234
8.290
8.328
8.418
8.465
8.501
8.595
8.663
8.701
8.784
8.826
8.862
8.952
9.022
9.061
9.148
9.192
9.228
9.308
9.375
9.413
9.500
9.543
9.577
9.663
9.727
9.765
9.852
9.898
9.935
10.026
10.090
10.128
10.220
10.267
10.303
10.393
10.446
10.484
10.632
10.675
10.711
10.803
10.870
10.909
11.003
11.047
11.083
11.182
11.245
11.283
11.370
11.416
11.450
11.547
11.613
11.651
11.734
11.778
11.815
11.907
11.973
12.011
12.099
12.146
12.181
12.273
12.343
12.378
12.529
12.593
12.635
12.727
12.795
12.838
12.929
12.975
13.015
13.115
13.188
13.230
13.326
13.372
13.411
13.507
13.578
13.620
13.712
13.756
13.796
13.898
13.969
14.013
14.107
14.153
14.189
14.284
14.356
14.397
14.491
14.537
14.575
14.729
14.796
14.839
14.929
14.976
15.015
15.113
15.182
15.224
15.311
15.358
15.397
15.495
15.565
15.606
15.699
15.745
15.785
15.880
15.948
15.990
16.083
16.130
16.192
16.289
16.362
16.408
16.494
16.537
16.576
16.660
16.733
16.776
16.867
0.010
0.017
0.023
0.033
0.127
0.222
0.316
0.372
0.468
0.562
0.595
0.641
0.729
0.821
0.853
0.905
0.996
1.039
1.094
1.184
1.215
1.270
1.361
1.405
1.493
1.549
1.580
1.673
1.765
1.807
1.862
1.952
1.983
2.071
2.219
2.273
2.330
2.423
2.470
2.517
2.607
2.645
2.700
2.800
2.847
2.890
2.985
3.023
3.080
3.174
3.221
3.265
3.355
3.397
3.453
3.547
3.594
3.638
3.730
3.768
3.862
3.958
4.004
4.050
4.140
4.180
4.232
4.378
4.411
4.453
4.546
4.586
4.628
4.718
4.765
4.811
4.903
4.944
5.004
5.092
5.139
5.183
5.274
5.315
5.374
5.468
5.512
5.557
5.646
5.685
5.742
5.835
5.882
5.929
6.019
6.060
6.115
6.207
6.255
6.302
6.393
6.433
6.488
6.581
6.622
6.667
6.755
6.795
6.848
6.941
6.987
7.034
7.129
7.170
7.288
7.438
7.469
7.513
7.608
7.649
7.693
7.785
7.829
7.876
7.967
8.008
8.064
8.144
8.177
8.224
8.299
8.340
8.384
8.476
8.508
8.552
8.640
8.678
8.721
8.819
8.866
8.912
9.006
9.056
9.100
9.178
9.222
9.266
9.347
9.387
9.446
9.543
9.589
9.633
9.727
9.768
9.813
9.907
9.952
9.999
10.088
10.126
10.171
10.266
10.313
10.358
10.448
10.487
10.531
10.619
10.663
10.705
10.798
10.838
10.880
10.956
0.007
0.013
0.018
0.027
0.115
0.202
0.293
0.342
0.488
0.523
0.616
0.651
0.715
0.760
0.792
0.938
0.980
1.010
1.103
1.150
1.187
1.229
1.272
1.337
1.427
1.471
1.502
1.598
1.685
1.725
1.789
1.844
1.886
1.928
1.994
2.083
2.172
2.229
2.264
2.328
2.463
2.554
2.694
2.750
2.785
2.845
2.934
3.008
3.090
3.143
3.177
3.241
3.326
3.415
3.501
3.554
3.588
3.652
3.795
3.884
3.969
4.022
4.055
4.121
4.211
4.301
4.390
4.447
4.482
4.546
4.622
4.713
4.800
4.853
4.885
4.950
5.044
5.134
5.224
5.281
5.315
5.377
5.464
5.551
5.640
5.693
5.727
5.792
5.879
5.967
6.057
6.163
6.197
6.262
6.351
6.438
6.522
6.573
6.608
6.672
6.743
6.828
6.918
6.973
7.008
7.073
7.158
7.248
7.342
7.396
7.464
7.530
7.620
7.712
7.799
7.853
7.887
7.952
8.046
8.125
8.217
8.269
8.304
8.368
8.456
8.544
8.630
0.010
0.017
0.022
0.032
0.119
0.203
0.290
0.333
0.420
0.456
0.511
0.545
0.609
0.644
0.699
0.733
0.796
0.826
0.884
0.918
1.004
1.040
1.128
1.188
1.222
1.273
1.361
1.393
1.481
1.535
1.569
1.673
1.757
1.818
1.848
1.899
1.950
2.036
2.067
2.135
2.225
2.276
2.329
2.419
2.449
2.512
2.597
2.646
2.756
2.850
2.880
2.948
3.037
3.093
3.134
3.225
3.254
3.321
3.414
3.468
3.519
3.604
3.634
3.699
3.779
3.832
3.883
3.972
4.001
4.069
4.160
4.209
4.263
4.351
4.382
4.446
4.533
4.586
4.640
4.726
4.756
4.820
4.906
4.957
5.004
5.145
5.176
5.229
5.316
5.359
5.400
5.476
5.504
5.569
5.655
5.705
5.756
5.842
5.873
5.935
6.010
6.060
6.109
6.197
6.227
6.290
6.379
6.435
6.488
6.578
0.009
0.015
0.020
0.030
0.116
0.201
0.289
0.332
0.423
0.463
0.584
0.627
0.714
0.757
0.849
0.898
0.986
1.022
1.060
1.113
1.239
1.289
1.332
1.363
1.418
1.505
1.595
1.650
1.694
1.725
1.779
1.869
1.957
2.047
2.092
2.122
2.210
2.303
2.393
2.459
2.502
2.533
2.625
2.714
2.802
2.870
2.913
2.944
3.034
3.124
3.212
0.005
0.008
0.011
0.015
0.521
0.593
0.662
0.695
0.764
0.791
0.826
0.854
0.890
0.917
0.963
0.991
1.039
1.067
1.116
1.145
1.195
1.223
1.270
1.299
1.347
1.374
1.407
1.433
1.481
1.554
1.580
1.659
1.732
1.804
1.834
1.881
1.929
2.001
2.073
2.149
2.175
2.225
2.274
2.346
2.417
2.489
2.515
2.563
2.611
2.684
2.756
2.828
2.853
2.901
2.951
3.026
3.098
3.171
3.199
3.248
3.296
3.364
3.436
0.007
0.012
0.017
0.025
0.772
1.535
2.291
2.324
3.389
3.411
3.467
3.496
3.552
3.574
3.626
3.647
3.756
3.777
3.811
3.844
3.902
3.935
4.045
4.087
4.149
4.209
4.271
4.307
4.367
4.395
4.511
4.570
4.606
4.667
4.712
4.739
4.784
4.832
4.866
4.926
4.989
5.017
5.063
5.123
5.215
5.274
5.319
5.348
5.408
5.468
5.490
5.563
5.604
5.633
5.696
5.758
5.841
5.901
5.937
5.963
6.024
6.085
6.121
6.183
6.217
6.242
7.003
7.065
7.103
7.164
7.197
7.222
7.283
7.335
7.371
7.421
7.454
7.479
7.542
7.590
7.627
7.745
7.780
7.806
7.868
7.929
7.953
8.014
8.049
8.074
8.137
8.198
8.223
8.284
8.319
8.346
8.408
8.468
8.507
8.568
8.603
8.629
8.691
8.754
8.791
8.852
8.886
8.912
8.974
9.033
9.069
9.129
9.163
9.188
9.249
9.311
9.347
9.467
9.503
9.530
9.578
9.640
9.676
9.739
9.775
9.801
9.863
10.587
10.627
10.688
10.726
10.751
10.851
10.915
11.008
11.069
11.103
11.128
11.176
11.239
11.276
11.323
11.356
11.383
11.444
11.509
11.546
11.608
11.642
11.667
11.728
11.788
11.826
11.891
11.926
11.951
12.013
12.074
12.111
12.827
12.860
12.886
12.946
13.015
13.109
13.172
13.212
13.238
13.301
13.417
13.440
13.501
13.534
13.559
13.618
13.657
13.720
13.781
13.815
13.841
13.878
13.939
13.999
14.117
14.154
14.193
14.254
14.315
14.343
14.381
14.416
14.478
14.504
14.543
14.608
14.636
14.673
14.736
14.762
14.823
14.856
14.883
14.914
14.942
15.002
15.026
15.059
15.082
15.108
15.134
15.195
15.219
15.253
15.276
15.301
15.326
15.871
15.917
15.951
16.017
16.045
16.107
16.143
16.203
16.226
16.283
16.308
16.879
16.935
16.969
17.006
17.056
17.098
17.172
17.215
17.246
17.285
17.327
17.377
17.416
17.456
17.487
17.528
17.581
17.608
17.648
17.699
17.728
17.757
17.807
17.858
17.898
17.948
17.982
18.023
18.075
18.116
18.189
18.218
18.250
18.300
18.407
18.446
18.496
18.570
18.603
18.675
18.703
18.778
18.830
18.880
18.911
18.961
19.000
19.074
19.120
19.170
19.200
19.251
19.289
19.363
19.414
19.464
19.496
19.545
19.583
19.653
19.761
0.005
0.008
0.011
0.016
0.801
0.866
0.926
0.957
0.981
1.014
1.071
1.104
1.125
1.159
1.216
1.250
1.272
1.331
1.365
1.423
1.443
1.502
1.649
1.707
1.741
1.798
1.819
1.876
1.938
1.996
2.029
2.087
2.108
2.169
2.227
2.284
2.318
2.378
2.400
2.457
2.515
2.574
0.007
0.012
0.016
0.023
0.904
0.989
1.129
1.178
1.212
1.284
1.310
1.347
1.372
1.420
1.444
1.516
1.543
1.578
1.604
1.652
1.758
1.781
1.885
1.936
2.013
2.041
2.094
2.171
2.199
2.230
2.280
2.306
2.380
2.457
2.534
2.573
2.650
2.724
2.801
2.876
2.955
2.994
3.073
3.204
3.278
3.340
3.418
3.457
3.536
3.595
3.669
3.756
3.805
3.843
3.921
3.994
4.060
4.125
4.168
4.204
4.280
4.359
4.423
4.501
4.542
4.577
4.653
4.733
4.811
4.887
4.929
4.965
5.046
5.123
5.199
5.276
5.320
5.356
5.434
5.511
5.590
5.666
5.706
5.743
5.824
5.901
0.010
0.018
0.024
0.035
0.109
0.187
0.270
0.317
0.421
0.444
0.482
0.508
0.582
0.611
0.684
0.711
0.747
0.771
0.844
0.872
0.945
0.973
1.009
1.046
1.093
1.120
1.193
1.217
1.245
1.317
1.368
1.394
1.467
1.490
1.562
1.589
1.662
1.711
1.784
1.834
1.870
1.906
1.954
2.028
2.100
2.146
2.182
2.218
2.267
2.340
2.412
2.460
2.496
2.531
2.579
2.651
2.723
2.771
2.809
2.845
2.892
2.964
3.036
3.086
3.121
3.157
3.205
3.274
3.347
3.394
3.431
3.466
3.514
3.588
3.663
3.713
3.749
3.785
3.836
3.908
3.980
4.030
4.066
4.104
4.151
4.225
4.295
4.343
0.009
0.016
0.021
0.030
0.103
0.176
0.252
0.282
0.356
0.430
0.466
0.517
0.541
0.646
0.684
0.757
0.834
0.881
0.909
0.980
1.052
1.124
1.196
1.223
1.259
1.332
1.404
1.477
1.550
1.577
1.614
1.689
1.764
1.837
1.908
1.934
1.972
2.045
2.114
2.190
2.261
2.286
2.321
2.394
2.467
2.538
2.610
2.636
2.675
2.747
2.816
2.889
2.963
2.991
3.026
3.099
3.171
3.245
3.320
3.345
3.381
3.455
3.528
3.600
3.676
3.702
3.737
3.813
3.887
3.963
4.034
4.060
4.098
4.171
4.243
4.315
4.389
4.415
4.452
0.009
0.015
0.020
0.028
0.101
0.173
0.243
0.273
0.346
0.418
0.454
0.526
0.600
0.627
0.664
0.790
0.866
0.940
1.018
1.045
1.081
1.157
1.230
1.301
1.376
1.403
1.441
1.513
1.587
1.660
1.733
1.759
1.795
1.868
1.939
2.066
2.142
2.169
2.208
2.282
2.355
2.427
2.500
2.528
2.564
0.008
0.014
0.019
0.027
0.101
0.174
0.250
0.281
0.357
0.382
0.459
0.534
0.560
0.598
0.671
0.744
0.817
0.843
0.895
0.932
1.006
1.075
1.148
1.173
1.222
1.258
1.331
1.408
1.482
1.506
1.553
1.590
1.663
1.736
1.811
1.837
1.887
1.923
1.998
2.074
2.150
2.176
2.225
2.262
2.336
2.411
2.484
2.509
2.557
2.592
2.669
2.770
2.845
2.870
2.923
2.959
3.033
3.107
0.010
0.016
0.022
0.030
0.106
0.184
0.256
0.291
0.365
0.442
0.516
0.544
0.580
0.650
0.726
0.808
0.884
0.911
0.951
1.024
1.100
1.173
1.246
1.274
1.311
1.386
1.459
1.532
1.609
1.635
1.672
1.746
1.820
1.895
1.968
1.993
2.029
2.103
2.180
2.253
2.326
2.353
2.390
2.469
2.540
2.613
2.686
2.713
2.751
2.829
2.904
2.980
3.052
3.081
3.119
3.192
3.270
3.343
0.009
0.015
0.020
0.029
0.103
0.177
0.252
0.283
0.534
0.606
0.675
0.727
0.801
0.831
0.907
0.982
1.060
1.110
1.185
1.213
1.285
1.359
1.434
1.483
1.560
1.587
1.665
1.739
1.813
1.863
1.937
1.966
2.039
2.116
2.192
2.243
2.318
2.347
2.424
2.497
2.581
2.655
2.732
0.010
0.016
0.021
0.028
0.157
0.231
0.303
0.338
0.415
0.452
0.525
0.553
0.590
0.663
0.736
0.811
0.839
0.889
0.966
1.040
1.112
1.189
1.217
1.266
1.339
1.411
1.484
1.558
1.586
1.634
1.700
1.772
1.847
1.921
1.948
1.999
2.076
2.174
2.247
2.323
2.350
2.406
2.479
2.553
2.629
2.702
2.730
2.779
2.855
2.928
3.002
3.078
3.105
3.155
3.227
3.300
3.375
3.449
3.478
3.526
3.603
3.677
3.749
3.880
3.907
3.941
4.013
4.073
4.136
4.208
4.236
4.285
4.345
4.423
4.496
0.006
0.011
0.015
0.024
0.097
0.169
0.241
0.272
0.346
0.419
0.443
0.492
0.565
0.593
0.664
0.741
0.812
0.862
0.937
0.964
1.041
1.111
1.188
1.236
1.310
1.337
1.410
1.485
1.562
1.611
1.684
1.710
1.785
1.858
1.932
1.979
2.052
2.080
2.154
2.254
2.327
2.375
2.450
0.009
0.015
0.020
0.028
0.098
0.171
0.243
0.275
0.348
0.420
0.491
0.564
0.588
0.626
0.701
0.775
0.848
0.922
0.948
0.986
1.059
1.133
1.206
1.281
1.317
1.354
1.426
1.498
1.571
1.699
1.725
1.763
1.837
1.911
1.983
2.043
2.068
2.105
2.180
2.253
2.326
2.400
2.425
2.464
2.537
2.610
2.680
2.752
2.776
2.814
2.886
2.947
3.006
3.082
3.106
3.143
3.215
3.287
3.362
3.436
3.461
3.501
3.573
3.646
3.721
3.844
3.869
3.907
3.967
4.039
4.111
4.185
4.210
4.250
4.354
4.424
4.499
4.567
4.594
4.631
4.703
4.775
4.848
4.920
4.943
4.980
5.052
5.123
0.006
0.010
0.015
0.022
0.095
0.169
0.242
0.272
0.343
0.415
0.438
0.475
0.525
0.599
0.624
0.662
0.737
0.808
0.836
0.874
0.951
1.026
1.102
1.126
1.166
1.240
1.314
1.387
1.460
1.485
1.524
1.596
1.723
1.785
1.857
1.882
1.919
1.991
2.051
2.122
2.182
2.208
2.247
2.320
2.393
2.469
2.596
2.622
2.661
2.733
2.795
2.869
2.953
2.979
3.018
3.092
3.165
3.237
3.311
3.335
3.373
3.445
3.517
3.578
3.652
3.676
3.715
3.775
3.834
3.906
3.975
4.000
4.025
4.099
4.173
4.248
4.322
4.356
4.392
4.469
4.541
4.616
4.689
4.713
4.738
4.812
4.888
4.963
5.036
5.061
5.098
5.173
5.245
5.320
5.393
5.418
5.458
5.530
0.006
0.010
0.015
0.023
0.096
0.169
0.242
0.274
0.348
0.378
0.430
0.459
0.508
0.535
0.573
0.651
0.676
0.727
0.777
0.803
0.853
0.926
1.003
1.031
1.076
1.151
1.199
1.273
1.347
1.374
1.423
1.497
1.548
1.622
1.695
1.721
1.767
1.845
1.894
1.972
2.046
2.072
2.120
2.197
2.246
2.319
2.392
2.418
2.467
2.540
2.589
2.663
2.794
2.821
2.871
2.945
2.994
3.068
3.145
3.173
3.221
3.297
3.345
3.421
0.009
0.014
0.019
0.027
0.096
0.168
0.241
0.274
0.350
0.389
0.414
0.463
0.499
0.526
0.574
0.610
0.683
0.707
0.755
0.791
0.864
0.938
0.963
1.039
1.079
1.154
1.227
1.299
1.326
1.398
1.438
1.511
1.582
1.660
1.685
1.757
1.795
1.867
1.941
2.012
2.037
2.111
2.149
2.224
2.298
2.373
2.398
2.471
2.509
2.586
2.663
2.738
2.763
2.833
2.871
2.943
3.015
3.085
3.112
3.188
3.226
3.301
0.009
0.015
0.020
0.028
0.143
0.217
0.287
0.319
0.391
0.438
0.476
0.554
0.602
0.629
0.678
0.728
0.776
0.851
0.900
0.927
0.978
1.049
1.097
1.147
1.222
1.247
1.295
1.342
1.391
1.463
1.535
1.560
1.607
1.653
1.701
1.777
1.849
1.874
1.926
1.973
2.022
2.094
2.165
2.189
2.237
2.285
2.336
2.467
2.545
2.570
2.615
2.663
2.713
2.774
2.846
2.871
2.919
2.968
3.018
3.089
3.166
3.191
3.241
3.289
3.337
3.410
3.472
3.497
3.546
3.593
3.641
3.713
3.785
3.811
3.862
3.898
3.947
0.006
0.011
0.015
0.023
0.095
0.168
0.240
0.276
0.355
0.404
0.440
0.489
0.563
0.592
0.640
0.740
0.777
0.825
0.899
0.924
0.961
1.009
1.081
1.154
1.226
1.251
1.287
1.332
1.406
1.476
1.548
1.572
1.609
1.657
1.731
1.804
1.875
1.899
1.935
1.982
2.053
2.125
2.198
2.224
2.260
2.311
2.383
2.457
2.531
2.556
2.593
2.641
2.718
2.791
2.864
2.887
2.923
2.973
3.102
3.178
3.251
3.276
3.312
3.361
3.433
3.505
3.581
3.605
3.642
3.690
3.749
3.821
3.894
3.920
3.958
4.005
4.077
4.150
4.223
0.008
0.014
0.019
0.027
0.097
0.170
0.242
0.271
0.344
0.417
0.488
0.561
0.637
0.667
0.740
0.812
0.885
1.016
1.075
1.105
1.179
1.251
1.323
1.405
1.478
1.507
1.583
1.655
1.731
1.806
1.880
1.910
1.983
2.056
2.132
2.206
2.278
2.308
2.381
2.443
2.515
2.577
2.651
2.682
2.742
2.815
2.875
2.947
3.019
3.048
3.107
3.181
3.253
3.382
3.450
3.478
3.550
3.622
3.696
3.758
0.009
0.014
0.019
0.027
0.101
0.174
0.247
0.277
0.351
0.426
0.451
0.490
0.565
0.616
0.642
0.717
0.751
0.829
0.902
0.930
1.003
1.079
1.116
1.188
1.261
1.287
1.361
1.435
1.472
1.545
1.617
1.644
1.720
1.827
1.864
1.991
2.075
2.100
2.177
2.252
2.290
2.365
2.438
2.465
2.539
2.616
2.655
2.783
2.861
2.887
3.019
3.064
3.146
3.224
3.301
3.342
3.422
3.459
3.535
3.610
3.687
3.727
3.802
3.837
3.912
3.988
4.064
4.104
4.186
4.222
4.297
4.377
4.455
4.496
4.572
4.607
4.683
4.758
4.834
4.875
5.011
5.046
5.108
5.190
5.263
5.304
5.373
5.408
0.010
0.016
0.021
0.030
0.101
0.177
0.253
0.291
0.366
0.443
0.515
0.563
0.635
0.665
0.737
0.812
0.911
0.959
1.036
1.073
1.146
1.220
1.292
1.341
1.415
1.443
1.515
1.587
1.664
1.711
1.783
1.810
1.883
1.957
2.029
2.079
2.156
2.192
2.266
2.338
2.410
2.460
2.535
0.004
0.008
0.011
0.016
0.548
0.625
0.697
0.730
0.806
0.836
0.908
0.939
1.012
1.042
1.092
1.119
1.250
1.301
1.397
1.458
1.513
1.550
1.630
1.666
1.746
1.797
1.843
1.922
1.955
2.000
2.080
2.130
2.177
2.257
2.337
2.376
2.419
2.463
2.521
2.601
2.684
2.715
2.757
2.801
2.855
2.934
3.012
3.043
3.086
3.129
3.180
3.258
3.336
3.370
3.412
3.455
3.512
3.591
3.670
3.703
3.747
3.789
3.843
3.924
4.003
4.034
4.078
4.122
4.176
4.255
4.333
4.366
4.410
4.456
4.510
4.591
4.669
0.006
0.012
0.017
0.027
0.694
0.770
1.460
1.522
1.563
1.590
1.649
1.672
1.730
1.792
1.814
1.873
1.933
1.954
1.987
2.097
2.139
2.165
2.188
2.222
2.298
2.345
2.375
2.437
2.474
2.537
2.597
2.621
2.647
2.715
2.752
2.813
2.874
2.898
2.925
2.989
3.025
3.088
3.149
3.174
3.199
3.316
3.365
3.431
3.459
3.521
3.552
3.618
3.650
3.678
3.716
3.775
3.871
3.899
3.932
3.969
4.035
4.098
4.139
4.166
4.196
4.234
4.297
4.359
4.398
4.424
4.455
4.492
4.553
4.619
4.660
4.687
4.719
4.758
4.822
4.888
4.928
4.955
4.987
5.059
5.125
5.188
5.229
5.256
5.290
5.328
5.394
5.457
5.498
5.526
5.557
5.594
5.657
5.775
5.818
5.845
5.877
5.915
5.964
6.031
6.071
6.097
6.130
6.169
6.237
0.007
0.013
0.019
0.028
0.758
1.509
2.099
2.133
2.927
2.951
3.010
3.045
3.585
3.627
3.691
3.720
3.781
3.807
3.868
3.899
3.961
3.987
4.047
4.073
4.134
4.160
4.183
4.220
4.282
4.307
4.342
4.368
4.429
4.454
4.490
4.551
4.612
4.638
4.697
4.720
4.755
4.820
4.884
4.911
4.974
4.997
5.030
5.095
5.157
5.183
5.244
5.268
5.305
5.371
5.433
5.459
5.581
5.628
5.671
5.735
5.800
5.831
5.896
5.927
5.967
6.032
6.096
6.127
6.191
6.222
6.259
6.322
6.442
6.474
6.537
6.570
6.608
6.658
6.725
6.756
6.820
6.853
6.893
6.960
7.013
7.044
7.107
7.140
7.180
7.247
7.310
7.341
0.009
0.015
0.020
0.030
0.719
1.314
1.861
1.899
2.500
2.524
2.642
2.692
3.272
3.299
3.364
3.399
3.464
3.495
3.560
3.586
3.647
3.673
4.357
4.388
4.425
4.458
5.026
5.079
5.113
5.150
5.227
5.260
5.339
5.381
5.411
5.451
5.531
5.560
5.616
5.666
5.697
5.761
5.790
5.922
5.974
6.033
6.110
6.196
6.278
6.330
6.378
6.459
6.520
6.580
6.614
6.695
6.743
6.822
6.886
6.971
7.007
7.088
7.133
7.215
7.278
7.361
7.395
7.477
7.526
7.608
7.668
7.812
7.881
7.957
8.018
8.056
8.108
8.190
8.242
8.315
8.353
8.411
8.463
8.545
8.597
8.668
8.706
8.766
8.818
8.901
8.953
9.024
9.059
9.134
9.209
9.363
9.404
9.477
9.520
9.579
9.646
9.737
9.779
9.852
9.893
9.942
10.009
10.104
10.149
10.223
10.265
10.314
10.380
10.473
10.517
10.590
10.632
10.691
10.838
10.929
10.973
11.050
11.091
11.154
11.221
11.304
11.345
11.419
11.459
11.518
11.580
11.677
11.721
11.795
11.834
11.895
11.962
12.072
12.117
12.193
12.233
12.293
12.356
0.011
0.019
0.025
0.038
0.120
0.209
0.358
0.417
0.557
0.661
0.687
0.736
0.772
0.846
0.895
0.921
0.997
1.093
1.141
1.221
1.275
1.352
1.428
1.466
1.502
1.581
1.634
1.707
1.785
1.825
1.861
1.935
1.987
2.063
2.139
2.178
2.215
2.291
2.342
2.417
2.495
2.595
2.656
2.737
2.793
2.898
2.973
3.072
3.125
3.206
3.262
3.341
3.418
3.452
3.500
3.564
3.618
3.699
3.778
3.820
3.867
3.931
3.984
4.064
4.131
4.173
4.222
4.303
4.360
4.433
4.516
4.560
4.608
4.673
4.715
4.779
4.854
4.898
4.950
5.018
5.074
5.151
5.229
5.258
5.306
5.384
5.441
5.520
5.659
5.724
5.773
5.858
5.930
6.000
6.092
6.130
6.178
6.269
6.332
6.395
6.487
6.523
6.571
6.656
6.715
6.778
6.867
6.903
6.949
7.035
7.094
7.158
7.247
7.283
7.329
7.413
7.472
7.533
7.625
7.660
7.709
7.794
7.854
7.941
8.036
8.073
8.126
8.212
8.271
8.335
8.426
8.465
8.513
8.605
8.667
8.730
8.819
8.857
8.903
8.990
9.049
9.112
9.202
9.241
9.289
9.375
9.434
9.492
9.583
9.618
9.666
9.751
9.810
9.871
9.962
10.000
10.046
10.135
10.194
10.254
10.344
10.382
10.428
10.516
10.636
10.695
10.785
10.821
10.870
10.954
10.999
11.062
11.138
11.175
11.223
11.308
11.354
11.417
11.513
11.551
0.008
0.015
0.021
0.032
0.118
0.263
0.346
0.404
0.489
0.518
0.596
0.629
0.706
0.746
0.772
0.809
0.917
0.993
1.023
1.100
1.151
1.225
1.272
1.351
1.378
1.447
1.499
1.572
1.624
1.697
1.724
1.797
1.845
1.919
1.967
2.045
2.072
2.145
2.195
2.268
2.317
2.394
2.422
2.498
2.546
2.624
2.671
2.745
2.774
0.006
0.011
0.015
0.024
0.098
0.171
0.246
0.281
0.426
0.484
0.533
0.614
0.691
0.770
0.848
0.900
0.943
1.024
1.162
1.242
1.321
1.369
1.413
1.493
1.571
1.651
1.730
1.782
1.827
1.905
1.986
2.051
2.134
2.186
2.230
2.310
2.392
2.473
2.557
2.605
2.651
0.011
0.018
0.024
0.035
0.116
0.194
0.331
0.397
0.432
0.467
0.521
0.555
0.609
0.649
0.700
0.729
0.781
0.812
0.867
0.903
0.956
0.986
1.040
1.071
1.122
1.153
1.181
1.233
1.276
1.305
1.382
1.413
1.466
1.497
1.549
1.684
1.737
1.784
1.918
1.960
2.000
2.078
2.130
2.177
2.255
2.297
2.351
2.430
2.476
2.522
2.606
2.651
2.705
2.784
2.826
2.873
2.951
2.990
3.034
3.113
3.156
3.202
3.282
3.325
3.379
3.458
3.501
3.545
0.008
0.013
0.018
0.032
0.110
0.188
0.271
0.314
0.451
0.502
0.586
0.618
0.693
0.775
0.806
0.837
0.913
1.003
1.033
1.112
1.152
1.184
1.319
1.380
1.467
1.547
1.592
1.637
1.716
1.761
1.840
1.921
1.964
2.009
2.087
2.130
2.206
2.285
2.330
2.374
2.453
2.500
2.575
2.660
2.704
2.751
2.831
2.875
2.962
3.048
3.093
3.158
3.211
3.256
3.335
3.413
3.458
3.505
3.555
3.594
3.677
3.753
3.795
3.843
3.889
3.927
4.010
4.088
4.133
4.178
4.227
4.265
4.343
4.422
4.463
4.510
4.558
4.594
4.672
0.011
0.017
0.023
0.034
0.114
0.193
0.305
0.350
0.440
0.471
0.521
0.548
0.587
0.613
0.661
0.713
0.739
0.788
0.838
0.865
0.915
0.990
1.122
1.231
1.268
1.291
1.340
1.400
1.475
1.510
1.547
1.573
1.625
1.702
1.763
1.799
1.838
1.862
1.915
1.989
2.065
2.116
2.155
2.180
2.232
2.306
2.382
2.419
2.459
2.483
2.533
0.006
0.010
0.014
0.023
0.098
0.170
0.249
0.281
0.359
0.432
0.458
0.532
0.605
0.645
0.719
0.745
0.796
0.874
0.948
0.987
1.060
1.086
1.135
1.210
1.284
1.323
1.397
1.422
1.474
1.550
1.625
1.663
1.737
1.762
1.812
1.888
1.962
2.001
2.075
2.101
2.149
2.256
2.334
2.432
2.476
2.583
2.634
2.714
2.795
2.839
2.872
3.201
3.245
3.325
3.405
3.448
3.480
3.559
3.607
3.685
3.750
3.795
3.826
3.907
3.954
4.030
4.114
4.158
4.190
4.256
4.303
4.368
0.010
0.017
0.022
0.033
0.111
0.189
0.272
0.317
0.395
0.420
0.459
0.487
0.618
0.668
0.744
0.823
0.852
0.926
1.008
1.043
1.123
1.153
1.205
1.282
1.357
1.392
1.471
1.500
1.555
1.689
1.770
1.803
1.884
1.914
1.966
2.030
2.106
2.138
2.216
2.245
2.297
2.405
2.484
2.520
2.600
2.629
2.680
2.759
2.840
2.875
2.948
0.010
0.016
0.022
0.031
0.106
0.183
0.262
0.303
0.384
0.413
0.462
0.492
0.568
0.596
0.633
0.672
0.696
0.723
0.797
0.845
0.881
0.917
0.965
0.992
1.070
1.148
1.186
1.223
1.273
1.323
1.398
1.475
1.514
1.553
1.602
1.652
1.728
1.806
1.843
1.881
1.932
1.977
2.052
2.127
2.165
2.204
2.253
2.303
2.378
2.453
2.491
2.529
2.638
2.686
2.764
2.843
2.872
2.910
2.963
2.992
3.067
3.143
3.171
3.213
3.267
3.298
3.374
3.450
3.480
3.516
3.568
3.599
3.679
3.758
3.787
3.828
3.880
3.910
3.989
4.065
4.094
4.135
4.187
4.218
4.295
4.374
4.403
4.444
4.495
4.526
4.606
4.686
4.715
4.758
4.812
4.843
4.919
4.999
0.009
0.015
0.020
0.029
0.105
0.182
0.258
0.296
0.377
0.427
0.479
0.532
0.608
0.638
0.687
0.763
0.839
0.888
0.939
0.965
1.041
1.173
1.220
1.276
1.327
1.359
1.436
1.514
1.544
1.598
1.629
1.684
1.760
1.839
1.869
1.920
1.950
2.001
2.084
2.160
2.192
2.247
2.278
2.331
2.413
2.487
2.516
2.571
2.603
2.658
2.735
2.870
2.900
2.953
2.985
3.037
3.117
3.195
3.227
3.282
3.314
3.365
3.475
3.553
3.583
3.635
3.666
3.720
0.009
0.015
0.021
0.031
0.107
0.183
0.259
0.295
0.374
0.448
0.474
0.549
0.624
0.666
0.692
0.766
0.844
0.921
0.995
1.035
1.061
1.134
1.204
1.280
1.412
1.461
1.501
1.582
1.659
1.710
1.787
1.824
1.863
1.940
2.016
2.067
2.142
2.178
2.221
2.302
2.374
2.425
2.504
2.542
2.583
2.660
2.737
2.788
2.870
2.907
2.946
3.024
3.102
3.155
3.236
3.270
3.311
3.388
3.466
3.518
3.595
3.631
3.671
3.748
3.828
3.880
3.957
3.992
4.033
4.112
4.188
4.272
4.405
4.443
0.010
0.016
0.022
0.030
0.107
0.183
0.320
0.377
0.410
0.441
0.481
0.514
0.595
0.633
0.684
0.716
0.766
0.796
0.885
0.924
0.975
1.029
1.057
1.112
1.168
1.203
1.283
1.332
1.373
1.412
1.464
1.495
1.573
1.629
1.671
1.713
1.767
1.798
1.877
1.929
1.970
2.010
2.064
2.097
2.178
2.231
2.271
2.313
2.367
2.398
2.474
2.529
2.571
2.612
2.667
2.698
2.775
2.828
2.871
2.913
2.968
2.998
3.076
3.129
3.171
0.008
0.014
0.019
0.029
0.105
0.181
0.255
0.290
0.422
0.467
0.549
0.656
0.694
0.745
0.822
0.856
0.933
1.295
1.335
1.389
1.467
1.503
1.579
1.657
1.697
1.747
1.827
1.863
1.939
2.022
2.061
2.111
2.186
2.223
2.359
2.414
2.458
2.512
2.545
2.591
2.673
2.711
2.752
2.809
2.841
2.884
2.949
2.987
3.032
3.088
3.119
3.165
3.243
3.282
3.326
3.380
3.412
3.456
3.535
3.571
3.609
3.662
3.695
3.740
3.818
3.854
3.896
3.951
3.984
4.028
4.105
4.141
4.244
4.305
4.376
4.423
4.504
4.556
4.602
4.655
4.726
4.774
4.853
4.903
4.950
5.000
5.073
5.119
5.202
5.253
5.297
5.351
5.423
5.470
5.553
5.602
5.667
5.718
5.790
5.839
5.920
5.970
6.015
6.070
6.141
6.188
6.269
6.320
6.366
6.416
6.485
6.532
6.612
0.007
0.013
0.019
0.031
0.111
0.190
0.272
0.324
0.405
0.454
0.483
0.536
0.610
0.637
0.677
0.748
0.774
0.824
0.899
0.924
0.963
1.014
1.087
1.114
1.189
1.632
1.670
1.733
1.807
1.833
1.949
2.027
2.067
2.144
2.208
2.234
2.295
2.357
2.397
2.472
2.545
2.571
2.631
2.712
2.750
2.824
2.898
2.924
2.998
3.073
3.113
3.189
3.263
3.290
3.364
3.438
3.476
3.584
3.657
3.681
3.754
4.195
4.235
4.312
4.427
4.452
4.498
5.092
5.188
5.266
5.340
5.365
5.413
5.461
5.487
5.534
0.008
0.013
0.018
0.026
0.098
0.171
0.243
0.275
0.348
0.426
0.499
0.528
0.577
0.654
0.727
0.854
0.930
0.957
1.008
1.081
1.151
1.228
1.288
1.318
1.369
1.445
1.518
1.587
1.663
1.692
1.742
1.815
1.890
1.963
2.036
2.063
2.111
2.184
2.257
2.331
2.405
0.004
0.007
0.010
0.015
0.726
0.799
0.871
0.902
0.976
1.006
1.078
1.110
1.182
1.215
1.289
1.319
1.432
1.471
1.497
1.536
1.610
1.649
1.674
1.713
1.786
1.858
1.897
1.922
1.995
2.068
2.140
2.165
2.203
2.277
2.353
2.426
2.498
2.524
2.562
2.635
2.707
2.779
2.853
2.878
2.918
2.991
3.068
3.178
3.255
3.279
3.317
3.390
3.460
3.536
3.609
3.635
3.672
3.745
3.819
3.893
3.966
3.998
4.036
4.111
4.183
4.256
0.009
0.015
0.020
0.030
0.591
0.674
0.758
0.809
0.886
0.913
0.985
1.011
1.057
1.085
1.157
1.184
1.220
1.244
1.292
1.330
1.457
1.514
1.584
1.621
1.724
1.797
1.870
1.942
1.979
2.003
2.050
2.122
2.195
2.221
2.259
2.333
2.381
2.453
2.478
2.552
2.588
2.670
2.717
2.795
2.820
2.892
2.928
3.055
3.104
3.178
3.202
3.275
3.310
3.371
3.421
3.480
3.505
3.575
3.612
3.686
3.734
3.794
3.819
3.895
3.932
4.004
4.039
4.114
4.140
4.215
4.251
4.324
4.372
4.436
4.460
4.521
4.556
4.629
4.679
4.739
4.764
4.836
4.874
4.935
4.981
5.054
0.006
0.010
0.015
0.022
0.095
0.207
0.278
0.307
0.380
0.406
0.445
0.573
0.597
0.634
0.706
0.754
0.783
0.912
0.962
1.034
1.069
1.106
1.129
1.203
1.276
1.311
1.384
1.409
1.458
1.527
1.565
1.637
1.710
1.736
1.784
1.856
1.892
1.965
2.036
2.061
2.109
2.181
2.216
2.290
2.420
2.469
2.521
2.597
2.673
2.748
2.826
2.866
2.970
3.046
3.120
3.196
3.325
3.362
3.413
3.488
3.563
3.638
3.666
3.701
3.750
3.827
3.903
3.930
4.006
4.039
4.089
4.116
4.190
4.265
4.340
4.377
4.425
4.498
4.573
4.601
4.732
4.765
4.816
4.845
4.923
4.998
5.024
5.064
5.174
5.213
5.288
5.363
5.390
5.422
5.473
5.547
5.574
5.647
5.724
5.755
5.784
5.913
5.965
6.048
6.089
6.132
6.185
6.262
6.307
6.349
6.426
6.469
6.505
6.582
6.617
6.659
6.690
6.738
6.783
6.862
6.900
6.935
7.014
7.115
7.156
7.199
7.243
7.286
7.366
7.413
7.468
7.548
7.593
7.648
7.723
7.771
7.850
7.902
7.948
7.998
8.071
8.168
8.210
8.288
8.331
8.395
8.531
8.563
8.604
8.668
8.711
8.774
8.851
8.893
8.933
8.996
9.039
9.103
9.181
9.226
9.278
9.342
9.386
9.465
9.543
9.587
9.641
9.719
9.762
9.839
9.918
9.964
10.017
10.094
10.140
10.248
10.326
10.369
10.435
10.510
10.553
10.630
10.707
10.752
10.805
10.881
10.925
11.002
11.080
11.125
11.176
11.254
11.297
11.374
11.451
11.496
11.550
11.631
11.675
11.752
11.828
11.874
11.927
12.005
12.048
12.123
12.200
0.007
0.012
0.018
0.031
0.110
0.188
0.265
0.311
0.390
0.426
0.453
0.490
0.562
0.588
0.624
0.696
0.743
0.768
0.840
0.874
0.944
0.969
1.017
1.091
1.164
1.199
1.268
1.292
1.338
1.461
1.507
1.548
1.575
1.651
1.681
1.770
1.822
1.860
1.935
2.013
2.069
2.100
2.144
2.186
2.265
2.338
2.392
2.422
2.465
2.504
2.581
2.657
2.709
2.742
2.784
2.823
2.931
3.007
3.061
3.093
3.134
3.174
3.253
3.331
3.387
3.418
3.462
3.503
3.582
3.663
3.716
3.748
3.792
3.837
3.914
3.992
4.045
4.077
4.121
0.007
0.012
0.018
0.027
0.105
0.184
0.262
0.305
0.384
0.409
0.456
0.483
0.614
0.663
0.755
0.808
0.879
0.952
1.085
1.141
1.220
1.255
1.305
1.337
1.415
1.461
1.538
1.578
1.656
1.690
1.767
1.817
1.896
1.932
1.986
2.016
2.098
2.145
2.201
2.237
2.313
2.345
2.397
2.444
2.522
2.558
2.637
2.670
2.751
2.793
2.822
2.865
2.999
3.060
3.132
3.177
3.257
3.306
3.341
3.385
3.456
3.509
3.542
3.648
3.730
3.776
3.845
3.930
4.011
4.060
4.148
4.194
4.262
4.310
4.390
4.441
4.520
4.564
4.634
4.681
4.762
4.808
4.887
4.932
5.002
5.048
5.127
5.170
5.250
5.296
5.369
5.415
5.497
5.544
5.622
5.667
5.736
5.787
5.867
5.914
5.994
6.040
6.111
6.158
6.296
6.344
6.425
6.469
6.541
6.586
6.667
6.714
6.783
6.829
6.899
6.947
7.027
7.061
7.143
7.189
7.257
7.302
7.382
7.431
7.510
7.553
7.624
7.672
7.757
7.803
7.882
7.926
7.997
8.043
8.123
8.170
8.252
8.296
8.366
8.414
8.494
8.539
8.615
8.661
8.727
8.772
8.853
8.916
8.998
9.044
9.112
9.160
9.240
9.287
9.365
9.409
9.478
9.524
9.605
9.654
9.733
9.779
9.848
9.897
9.978
10.026
10.105
10.148
10.218
10.266
10.348
10.395
10.471
10.518
10.588
10.636
10.715
10.764
10.846
10.889
10.925
10.978
11.061
11.108
11.143
11.186
11.255
11.308
11.343
11.389
11.524
11.577
11.646
11.699
11.737
11.784
11.864
11.909
11.947
12.001
12.086
12.134
12.213
12.255
12.291
12.344
12.400
12.445
12.526
12.571
12.610
12.664
12.719
12.769
12.849
12.889
12.925
12.979
13.037
13.083
13.163
13.205
13.239
13.294
13.350
13.397
13.476
13.517
13.555
13.611
13.703
13.749
13.828
13.873
13.910
13.962
14.018
14.061
14.142
14.185
14.220
14.274
14.329
14.377
14.458
14.502
14.539
14.650
14.706
0.007
0.014
0.020
0.032
0.115
0.204
0.339
0.387
0.467
0.505
0.580
0.611
0.684
0.720
0.768
0.794
0.842
0.893
0.942
0.969
1.043
1.115
1.163
1.211
1.238
1.311
1.385
1.515
1.563
1.669
1.717
1.796
1.870
1.946
1.997
2.055
2.090
2.165
2.240
2.316
2.367
2.417
2.455
2.531
2.603
2.678
2.730
2.781
2.820
2.894
2.967
3.045
3.096
3.147
3.185
3.256
3.330
3.405
3.456
3.508
3.545
3.621
3.696
3.772
3.848
3.900
3.938
4.024
4.100
4.175
4.281
4.332
4.370
4.446
4.524
4.782
4.852
4.906
4.956
5.031
5.106
5.180
5.231
5.284
5.322
5.384
5.458
5.519
5.570
5.608
5.644
5.706
5.785
5.862
5.912
5.963
6.000
6.074
0.006
0.012
0.017
0.026
0.161
0.242
0.322
0.375
0.456
0.501
0.550
0.586
0.665
0.696
0.736
0.775
0.809
0.850
0.948
1.003
1.084
1.126
1.171
1.250
1.329
1.374
1.461
1.504
1.550
1.628
1.706
1.750
1.832
1.876
1.924
2.001
2.078
2.122
2.200
2.241
2.287
2.363
2.441
2.487
2.565
2.623
2.668
2.744
2.884
2.926
3.003
3.047
3.092
3.171
3.235
3.276
3.353
3.397
3.431
3.512
3.589
3.633
3.711
3.753
3.801
3.879
3.957
4.001
0.007
0.013
0.021
0.032
0.119
0.199
0.276
0.320
0.399
0.426
0.499
0.530
0.603
0.630
0.678
0.703
0.780
0.808
0.883
0.958
0.985
1.058
1.131
1.159
1.232
1.284
1.357
1.430
1.456
1.492
1.565
1.613
1.686
1.760
1.785
1.822
1.895
1.944
2.019
2.093
2.117
2.154
2.227
2.279
2.348
2.423
2.447
2.485
2.560
2.611
2.685
2.758
2.783
2.821
2.901
2.949
3.021
3.095
3.121
3.159
3.232
3.280
3.356
3.430
3.454
3.528
3.602
3.651
3.783
3.856
3.881
3.917
3.983
4.033
4.107
4.182
4.206
4.242
4.317
4.368
4.441
4.516
4.542
4.579
4.640
4.691
4.765
4.839
0.006
0.010
0.015
0.024
0.098
0.173
0.248
0.281
0.355
0.383
0.431
0.461
0.534
0.564
0.614
0.641
0.680
0.718
0.769
0.796
0.847
0.894
0.920
0.994
1.042
1.066
1.138
1.176
1.250
1.289
1.339
1.387
1.460
1.499
1.571
1.607
1.656
1.706
1.782
1.820
1.895
1.933
1.983
2.034
2.107
2.143
2.218
2.255
2.307
2.356
2.429
2.466
2.595
2.632
2.680
2.728
2.803
2.840
2.915
2.951
2.985
3.033
3.106
3.143
3.219
3.255
0.006
0.011
0.015
0.025
0.116
0.190
0.263
0.292
0.367
0.393
0.466
0.492
0.529
0.603
0.626
0.699
0.735
0.807
0.848
0.920
0.968
1.005
1.081
1.155
1.193
1.269
1.317
1.355
1.427
1.499
1.539
1.612
1.660
1.699
1.769
1.841
1.879
1.951
2.000
2.035
2.108
2.182
2.220
2.294
2.357
2.393
2.467
2.541
2.580
2.653
2.702
0.006
0.010
0.015
0.024
0.100
0.233
0.307
0.337
0.411
0.484
0.565
0.590
0.627
0.677
0.749
0.775
0.851
0.927
0.966
0.993
1.066
1.140
1.213
1.343
1.395
1.470
1.546
1.623
1.701
1.730
1.799
1.874
1.949
2.026
2.101
2.128
2.164
2.240
2.349
2.425
2.500
2.527
2.563
2.639
2.714
2.789
2.864
2.892
2.929
3.004
3.078
3.153
3.228
3.256
3.292
3.367
3.442
3.516
3.592
3.620
3.656
3.733
3.808
3.884
3.958
3.987
4.021
4.096
4.172
4.247
4.322
4.351
4.384
4.461
4.592
4.655
4.730
4.758
4.795
4.857
4.932
5.010
5.081
5.111
5.147
5.222
5.297
5.372
5.449
5.476
5.512
5.583
5.658
5.733
5.808
5.836
5.872
5.947
6.023
6.099
0.007
0.012
0.017
0.027
0.108
0.183
0.258
0.300
0.376
0.444
0.468
0.518
0.553
0.580
0.652
0.724
0.751
0.823
0.859
0.885
0.953
1.025
1.100
1.124
1.161
1.233
1.305
1.378
1.406
1.478
1.514
1.586
1.658
1.731
1.758
1.831
1.867
1.940
2.009
2.082
2.108
2.182
2.218
2.291
2.364
2.437
2.464
2.536
2.573
2.645
2.718
2.790
2.817
2.890
2.926
2.998
3.070
3.143
3.171
3.243
3.279
3.352
3.425
3.498
3.525
3.598
3.634
3.706
3.779
3.907
3.932
3.991
4.027
4.100
4.174
4.246
4.272
4.344
4.381
0.006
0.010
0.015
0.024
0.098
0.172
0.244
0.274
0.348
0.373
0.412
0.441
0.516
0.555
0.582
0.655
0.784
0.813
0.873
0.948
0.974
1.013
1.058
1.133
1.170
1.218
1.256
1.328
1.377
1.413
1.486
1.534
1.596
1.673
1.724
1.817
1.889
1.936
1.974
2.047
2.098
2.136
2.209
2.258
2.296
2.369
2.419
2.457
2.530
2.581
2.619
2.679
2.715
2.754
2.828
2.876
2.915
2.990
3.039
3.077
3.139
3.186
3.225
3.299
3.347
3.386
3.463
3.514
3.551
3.610
3.658
0.006
0.011
0.015
0.025
0.102
0.177
0.249
0.279
0.354
0.425
0.497
0.571
0.595
0.636
0.708
0.780
0.855
0.930
0.954
0.994
1.069
1.142
1.212
1.287
1.311
1.350
1.424
1.496
1.569
1.642
1.666
1.705
1.778
1.852
1.926
1.998
2.022
2.059
2.133
2.208
2.281
2.354
2.379
2.420
2.490
2.614
2.691
2.807
2.833
2.871
2.961
3.033
3.107
3.181
3.206
3.243
3.304
3.367
0.006
0.011
0.015
0.023
0.096
0.172
0.244
0.275
0.350
0.424
0.497
0.570
0.642
0.672
0.744
0.816
0.890
0.962
1.039
1.076
1.148
1.222
1.294
1.367
1.440
1.469
1.542
1.615
1.689
1.762
1.834
1.864
1.936
2.066
2.141
0.006
0.011
0.015
0.023
0.096
0.170
0.244
0.273
0.348
0.371
0.444
0.482
0.507
0.580
0.653
0.725
0.750
0.789
0.863
0.934
1.006
1.031
1.140
1.179
1.251
1.325
1.398
1.423
1.473
1.511
1.588
1.664
1.741
1.767
1.815
1.852
1.924
2.030
2.104
2.127
2.175
2.211
2.284
2.359
2.432
2.465
2.513
2.549
2.624
2.698
2.770
2.795
2.830
2.867
2.940
3.013
0.006
0.010
0.015
0.023
0.097
0.171
0.243
0.275
0.348
0.420
0.450
0.524
0.596
0.726
0.758
0.831
0.882
0.955
1.030
1.066
1.103
1.175
1.223
1.299
1.370
1.407
1.445
1.517
1.566
1.638
1.711
1.745
1.782
1.855
1.902
1.975
2.048
2.084
2.123
2.196
2.244
2.318
2.390
2.427
2.465
2.538
2.586
2.658
2.732
2.768
2.805
2.878
2.925
3.000
3.072
3.110
3.150
3.223
3.273
3.345
3.417
3.453
3.490
3.563
0.006
0.011
0.015
0.023
0.095
0.210
0.333
0.363
0.435
0.508
0.580
0.653
0.712
0.741
0.801
0.874
0.932
0.993
1.052
1.082
1.151
1.226
1.296
1.369
1.442
1.472
1.546
1.619
1.694
1.766
1.838
1.868
1.937
2.011
2.084
2.157
2.229
2.259
2.348
2.407
2.474
2.533
2.606
2.636
2.695
2.767
2.827
2.900
2.975
3.005
3.067
3.143
3.218
0.006
0.011
0.015
0.025
0.099
0.173
0.246
0.281
0.355
0.428
0.501
0.576
0.607
0.681
0.752
0.825
0.902
0.977
1.008
1.079
1.153
1.226
1.298
1.372
1.402
1.475
1.550
1.623
1.697
1.771
1.800
1.906
1.980
2.054
2.137
2.211
2.240
2.316
2.390
2.463
2.536
2.608
2.638
2.712
2.785
2.856
2.930
3.003
3.033
3.105
3.178
3.251
3.324
3.396
3.427
3.500
0.004
0.008
0.011
0.016
0.456
0.531
0.603
0.635
0.709
0.736
0.808
0.835
0.868
0.896
0.968
1.000
1.072
1.099
1.136
1.164
1.214
1.241
1.314
1.340
1.376
1.447
1.471
1.519
1.567
1.641
1.668
1.741
1.815
1.864
1.912
1.982
2.009
2.089
2.164
2.215
2.264
2.336
2.363
2.439
2.512
2.560
2.607
2.709
2.736
2.809
2.884
2.934
2.982
3.056
3.084
3.160
3.234
3.284
3.334
3.407
3.434
3.507
3.579
0.007
0.013
0.018
0.026
0.487
0.576
0.667
0.717
0.748
0.821
0.846
0.919
0.946
0.982
1.008
1.134
1.158
1.228
1.276
1.303
1.374
1.446
1.471
1.546
1.593
1.631
1.702
1.726
1.803
1.863
1.909
1.945
2.071
2.095
2.167
2.225
2.274
2.322
2.384
2.408
2.466
2.538
2.586
2.622
2.697
2.721
2.794
2.865
2.900
2.935
3.009
3.033
3.091
3.159
3.195
3.231
3.303
3.327
3.386
3.460
0.006
0.010
0.015
0.024
0.155
0.227
0.303
0.334
0.411
0.439
0.512
0.561
0.589
0.662
0.738
0.776
0.848
0.922
0.952
1.024
1.097
1.144
1.179
1.252
1.277
1.351
1.387
1.436
1.508
1.580
1.605
1.695
1.768
1.816
1.891
1.965
1.990
2.025
2.098
2.134
2.207
2.271
2.300
2.338
2.400
2.448
2.509
2.581
2.607
2.645
2.721
2.771
2.900
2.972
2.996
3.032
3.105
3.153
3.225
3.297
3.320
3.355
3.426
3.476
3.550
3.623
3.646
3.682
3.816
3.851
3.922
3.988
4.014
4.049
4.121
4.171
4.229
4.301
4.327
4.365
4.424
4.459
4.516
4.646
4.692
4.732
4.807
4.857
4.990
5.044
5.089
5.130
5.177
5.234
5.306
5.375
5.418
5.458
5.488
5.535
5.600
5.665
5.711
5.755
5.786
5.834
5.901
5.967
6.065
6.094
6.141
6.204
6.280
6.365
6.443
6.475
6.510
6.569
6.642
6.720
6.786
6.830
6.864
6.921
6.992
7.072
7.154
7.198
7.233
7.289
7.364
7.443
7.509
7.556
7.588
7.643
7.713
7.791
7.859
7.905
7.940
7.999
8.069
8.154
8.233
8.275
8.310
8.367
8.439
8.519
8.598
8.642
8.676
8.733
8.821
8.900
8.979
9.035
9.068
9.127
9.201
9.280
9.359
9.406
9.441
9.500
9.571
9.650
9.732
9.777
9.809
9.864
9.934
10.000
10.070
10.102
0.007
0.013
0.019
0.030
0.112
0.194
0.271
0.321
0.401
0.428
0.499
0.528
0.578
0.652
0.690
0.715
0.765
0.801
0.872
0.945
0.973
1.020
1.096
1.134
1.204
1.231
1.281
1.331
1.404
1.440
1.511
1.536
1.606
1.638
1.764
1.808
1.885
1.958
1.987
2.026
2.105
2.135
2.163
2.240
2.317
2.357
2.431
2.463
2.492
2.569
2.644
2.684
2.761
2.793
2.820
2.893
2.967
3.006
3.081
3.111
3.138
3.214
3.287
3.325
3.399
3.430
3.457
3.529
3.639
3.678
3.752
3.786
3.813
3.888
3.962
4.000
4.074
4.106
4.135
4.210
4.285
4.327
4.458
4.491
4.520
4.594
4.655
4.756
4.810
4.857
4.930
5.006
5.083
5.124
5.165
5.211
5.285
5.361
5.440
5.537
5.581
5.626
5.688
5.767
5.844
5.889
5.934
5.982
6.060
6.136
6.213
6.250
6.294
6.328
6.406
6.483
6.562
6.605
6.649
6.697
6.773
6.852
6.928
6.959
6.999
7.043
7.120
7.201
7.279
7.320
7.364
7.408
7.487
7.564
7.645
7.687
7.728
7.772
7.852
7.929
8.010
8.053
8.097
8.143
8.218
8.295
8.369
8.402
8.438
8.485
8.564
8.661
8.693
8.735
8.778
8.826
8.903
8.934
9.011
9.054
9.092
9.137
9.216
9.248
9.327
9.366
9.411
9.456
9.538
9.570
9.654
9.759
9.827
9.871
9.956
10.035
10.129
10.172
10.227
10.270
10.353
10.432
10.511
10.559
10.616
10.659
10.741
10.821
10.905
10.952
0.007
0.013
0.020
0.032
0.112
0.195
0.273
0.323
0.403
0.440
0.465
0.593
0.643
0.697
0.771
0.845
0.915
0.954
0.990
1.038
1.110
1.186
1.260
1.299
1.333
1.383
1.459
1.538
1.674
1.712
1.748
1.796
1.870
1.946
2.038
2.077
2.113
2.164
2.241
2.316
2.390
2.427
2.462
2.515
2.626
2.703
2.776
2.816
2.853
2.905
2.982
3.056
3.130
3.169
3.205
3.255
3.389
3.452
3.531
3.572
3.606
3.716
3.778
3.852
3.912
3.951
3.986
4.039
4.146
4.221
4.295
4.336
4.371
4.411
4.475
4.538
4.615
4.653
4.688
4.727
4.804
4.880
4.951
4.978
5.012
5.075
5.149
5.228
5.304
5.344
5.379
5.432
5.512
5.578
5.825
6.121
6.180
6.219
6.295
6.358
6.431
6.458
6.493
6.531
6.607
6.669
6.736
6.762
6.799
6.848
0.006
0.011
0.017
0.027
0.103
0.178
0.252
0.290
0.366
0.395
0.442
0.470
0.502
0.530
0.580
0.607
0.678
0.705
0.744
0.769
0.845
0.871
0.921
0.995
1.021
1.069
1.140
1.211
1.261
1.389
1.439
1.515
1.648
1.715
1.765
1.843
1.884
1.956
2.022
2.101
2.140
2.214
2.251
2.326
2.404
2.483
2.533
2.611
2.649
2.724
2.798
2.875
2.926
3.002
3.043
3.213
3.334
3.408
3.448
3.521
3.561
3.640
3.711
3.784
3.835
3.909
3.949
4.028
4.104
4.183
4.222
4.298
4.338
4.515
4.590
4.661
4.713
4.790
4.829
4.905
4.979
5.055
5.106
5.181
5.220
5.282
0.006
0.011
0.016
0.026
0.100
0.174
0.248
0.284
0.360
0.401
0.474
0.514
0.644
0.676
0.710
0.783
0.807
0.871
0.947
0.972
1.012
1.084
1.160
1.233
1.305
1.330
1.367
1.440
1.513
1.584
1.656
1.681
1.721
1.795
1.867
1.942
2.015
2.040
2.080
2.151
2.223
2.294
2.365
2.391
2.428
2.499
2.571
2.647
2.721
2.746
2.783
2.855
2.928
3.002
3.078
3.103
3.139
3.211
3.286
3.360
0.006
0.011
0.015
0.025
0.156
0.229
0.301
0.332
0.405
0.435
0.483
0.560
0.585
0.623
0.677
0.704
0.740
0.813
0.873
0.899
0.971
1.043
1.116
1.189
1.226
1.252
1.322
1.397
1.470
1.542
1.582
1.607
1.680
1.755
1.829
1.901
1.938
1.963
2.066
2.138
2.212
2.284
2.324
2.350
2.424
2.496
2.569
2.645
2.685
2.709
2.781
2.851
2.927
3.001
3.038
3.062
3.190
3.253
3.329
3.401
3.439
3.464
3.525
3.598
3.670
3.745
3.785
3.810
3.885
3.960
4.033
4.101
4.138
4.165
0.006
0.010
0.015
0.023
0.096
0.169
0.243
0.274
0.346
0.374
0.446
0.478
0.550
0.579
0.706
0.735
0.810
0.839
0.913
0.939
1.010
1.081
1.108
1.157
1.258
1.283
1.359
1.431
1.461
1.507
1.580
1.605
1.652
1.722
1.769
1.795
1.869
1.941
1.992
2.065
2.113
2.140
2.211
2.289
2.335
2.406
2.454
2.480
2.552
2.624
2.675
2.751
2.798
2.826
2.898
2.972
3.019
3.091
3.139
3.164
3.235
3.305
3.355
3.481
3.530
3.557
3.633
3.693
3.730
3.801
3.847
3.873
3.935
4.008
4.055
4.127
0.006
0.010
0.015
0.024
0.103
0.230
0.356
0.387
0.449
0.496
0.568
0.640
0.685
0.714
0.785
0.856
0.909
0.983
1.109
1.136
1.207
1.279
1.326
1.399
1.470
1.498
1.572
1.644
1.691
1.764
1.836
1.864
1.938
2.038
2.087
2.158
2.231
2.260
2.335
2.397
2.446
2.504
2.576
2.604
2.663
2.735
2.769
2.841
2.915
2.943
3.000
3.072
3.120
3.192
3.264
3.290
3.361
3.433
3.484
3.555
3.629
3.658
3.734
3.809
0.006
0.010
0.015
0.024
0.099
0.172
0.244
0.272
0.345
0.372
0.445
0.472
0.521
0.596
0.633
0.705
0.774
0.802
0.849
0.921
0.993
1.031
1.105
1.132
1.182
1.253
1.291
1.367
1.439
1.462
1.509
1.581
1.618
1.691
1.767
1.792
1.840
1.914
1.950
2.023
2.094
2.119
2.169
2.243
2.284
2.354
2.429
2.454
2.505
2.577
2.612
2.685
2.757
2.783
2.831
2.902
2.940
3.012
3.116
3.141
3.189
3.263
3.299
3.373
3.447
3.472
3.521
3.594
0.006
0.010
0.015
0.024
0.097
0.173
0.244
0.275
0.348
0.420
0.456
0.529
0.601
0.629
0.703
0.784
0.820
0.893
0.965
0.992
1.064
1.191
1.229
1.303
1.363
1.389
1.461
1.532
1.570
1.642
1.714
1.741
1.801
1.861
1.896
1.971
2.041
2.067
2.126
2.199
2.238
2.312
2.380
2.408
2.481
2.554
2.592
2.668
2.731
2.758
2.830
2.903
2.941
3.014
3.072
3.099
3.173
3.253
3.287
3.358
3.430
3.457
3.529
3.598
3.678
3.804
3.878
0.006
0.010
0.015
0.024
0.096
0.225
0.306
0.351
0.426
0.500
0.528
0.603
0.678
0.714
0.789
0.817
0.892
0.969
1.046
1.079
1.154
1.180
1.258
1.335
1.410
1.443
1.519
1.545
1.620
1.697
1.771
1.804
1.878
1.906
1.980
2.054
2.125
2.159
2.231
2.260
2.334
2.407
2.481
2.515
2.589
2.617
2.690
2.765
2.841
2.877
2.952
2.979
3.053
3.130
3.204
3.238
3.315
3.343
3.418
3.494
3.569
3.604
3.678
3.706
3.781
3.855
3.932
3.966
4.041
4.067
4.141
4.218
4.294
4.328
0.006
0.012
0.017
0.026
0.130
0.233
0.319
0.356
0.431
0.456
0.492
0.518
0.589
0.630
0.655
0.726
0.799
0.826
0.899
0.947
1.020
1.045
1.119
1.155
1.227
1.277
1.349
1.372
1.445
1.481
1.553
1.601
1.672
1.698
1.771
1.807
1.878
1.926
1.998
2.022
2.093
2.129
2.202
2.249
2.321
2.344
2.415
2.450
2.523
2.571
2.719
2.769
2.845
2.922
3.054
3.105
3.180
3.219
3.281
3.389
3.466
3.517
3.591
3.631
3.712
3.786
3.863
3.937
4.015
4.055
4.119
4.198
4.273
4.323
0.006
0.011
0.016
0.025
0.103
0.177
0.250
0.287
0.367
0.439
0.466
0.540
0.587
0.660
0.684
0.722
0.825
0.898
0.947
1.018
1.042
1.079
1.152
1.229
1.275
1.346
1.371
1.407
1.481
1.553
1.603
1.672
1.696
1.731
1.802
1.873
1.920
1.994
2.019
2.055
2.124
2.194
2.240
2.313
2.336
2.372
0.006
0.011
0.015
0.023
0.096
0.170
0.243
0.274
0.348
0.373
0.445
0.484
0.508
0.584
0.657
0.729
0.755
0.791
0.865
0.937
1.010
1.035
1.084
1.120
1.195
1.269
1.342
1.366
1.414
1.450
1.522
1.591
1.667
1.692
1.739
1.776
1.848
1.920
1.992
2.025
2.073
2.108
2.181
2.258
2.334
2.360
2.410
2.446
2.523
2.595
2.670
2.695
2.742
2.779
2.851
2.924
3.051
3.077
3.128
3.164
3.236
3.339
3.399
3.425
3.475
3.510
3.584
3.657
3.730
3.755
3.803
3.839
3.913
3.986
4.058
0.006
0.011
0.015
0.025
0.099
0.178
0.255
0.286
0.414
0.452
0.501
0.531
0.602
0.680
0.719
0.847
0.871
0.944
0.980
1.052
1.100
1.173
1.198
1.272
1.307
1.380
1.428
1.501
1.527
1.599
1.637
1.713
1.761
1.835
1.860
1.932
1.968
2.039
2.088
2.158
2.183
2.255
2.290
2.368
2.418
2.491
2.516
2.588
2.627
2.700
2.747
2.820
2.846
2.919
2.956
3.030
3.077
3.149
3.175
3.309
0.006
0.011
0.015
0.023
0.096
0.170
0.246
0.281
0.352
0.378
0.507
0.559
0.587
0.687
0.760
0.784
0.820
0.871
0.944
1.017
1.041
1.117
1.155
1.206
1.282
1.355
1.380
1.453
1.491
1.538
1.614
1.687
1.711
1.785
1.821
1.872
1.944
2.018
2.044
2.116
2.154
2.202
2.329
2.390
2.416
2.475
2.511
2.561
2.635
2.695
2.720
0.006
0.010
0.015
0.023
0.097
0.170
0.242
0.273
0.349
0.388
0.460
0.501
0.573
0.601
0.640
0.715
0.787
0.860
0.901
0.925
1.000
1.050
1.123
1.200
1.236
1.262
1.334
1.406
1.479
1.553
1.592
1.618
1.689
1.765
1.834
1.907
1.946
1.971
2.044
2.115
2.186
2.258
2.295
2.319
2.392
2.463
2.535
2.664
0.004
0.008
0.011
0.016
0.448
0.524
0.595
0.626
0.700
0.730
0.802
0.832
0.901
0.932
1.006
1.037
1.109
1.138
1.243
1.267
1.305
1.331
1.378
1.453
1.478
1.516
1.592
1.667
1.694
1.766
1.841
1.877
1.950
2.024
2.051
2.127
2.196
2.228
2.301
2.369
2.401
2.478
2.553
2.590
2.661
2.735
2.762
2.835
2.910
2.945
3.020
3.093
3.120
3.197
3.270
3.305
3.375
3.446
3.473
3.546
0.008
0.013
0.018
0.026
0.637
0.718
0.819
0.888
0.937
0.968
1.017
1.050
1.123
1.166
1.205
1.234
1.290
1.347
1.434
1.471
1.505
1.534
1.610
1.646
1.678
1.720
1.754
1.784
1.866
1.902
1.983
2.021
2.055
2.193
2.270
2.306
2.385
2.422
2.456
2.538
2.603
2.637
2.715
2.754
2.788
2.868
2.948
2.981
3.046
3.084
3.118
3.251
3.310
3.355
3.468
3.516
3.562
3.641
3.687
3.725
3.807
3.853
3.901
3.981
4.026
4.065
4.146
4.195
4.242
4.325
4.373
4.414
4.498
4.544
4.593
4.672
4.720
4.762
4.846
0.007
0.013
0.024
0.035
0.115
0.199
0.281
0.329
0.444
0.516
0.544
0.672
0.744
0.792
0.869
0.929
0.956
1.030
1.104
1.151
1.225
1.300
1.329
1.406
1.479
1.529
1.603
1.733
1.763
1.823
1.885
1.935
2.009
2.082
2.110
2.172
2.234
2.270
2.347
2.416
2.444
2.516
2.578
2.629
2.704
2.776
2.805
2.872
2.949
2.998
3.074
3.136
3.164
3.227
3.303
3.338
0.006
0.010
0.015
0.023
0.095
0.169
0.241
0.272
0.399
0.428
0.516
0.555
0.604
0.643
0.716
0.744
0.817
0.853
0.878
0.916
0.991
1.020
1.092
1.141
1.168
1.243
1.317
1.355
1.381
1.452
1.488
1.589
1.661
1.700
1.726
1.835
1.879
1.921
2.000
2.046
2.119
2.149
2.181
2.255
2.308
2.387
2.440
2.468
2.500
2.553
2.631
2.681
2.759
2.788
2.820
2.872
2.946
2.998
3.072
3.099
3.131
3.183
3.258
3.311
3.389
3.417
3.449
3.494
3.626
3.676
3.749
3.777
3.807
3.860
3.935
3.985
4.063
4.091
4.124
4.177
4.256
4.308
4.383
4.410
4.442
4.495
4.569
4.621
4.698
4.726
4.758
4.810
4.883
4.937
5.039
5.066
5.097
5.155
5.218
5.271
5.344
5.370
5.421
5.471
5.532
5.583
5.662
5.690
5.722
5.761
5.834
5.883
5.944
0.006
0.011
0.016
0.026
0.104
0.182
0.258
0.296
0.375
0.451
0.481
0.556
0.634
0.711
0.782
0.809
0.846
0.920
0.997
1.069
1.145
1.172
1.209
1.284
1.359
1.665
1.727
1.754
1.793
1.867
1.924
1.995
2.067
2.094
2.131
2.204
2.259
2.317
2.392
2.417
2.455
2.531
2.592
2.667
2.799
2.846
2.889
2.952
3.029
3.057
3.132
3.164
3.205
3.265
3.349
3.377
3.455
3.487
3.529
3.602
3.676
3.703
3.780
3.813
3.854
3.970
4.034
4.060
4.136
4.168
4.206
4.283
4.361
4.391
4.455
0.006
0.012
0.017
0.027
0.114
0.194
0.273
0.310
0.448
0.692
0.781
0.917
0.986
1.193
1.453
1.550
1.810
1.924
1.982
2.032
2.118
2.177
2.260
2.320
2.368
2.415
2.498
2.552
2.608
2.692
2.741
2.812
2.949
2.996
3.054
3.132
3.185
3.257
3.327
3.387
3.431
3.507
3.555
3.628
3.711
3.767
3.822
3.896
3.946
4.014
4.097
4.156
4.212
4.296
4.349
4.418
4.501
4.561
4.606
4.685
4.737
4.809
4.893
4.953
5.011
5.095
5.145
5.215
5.299
5.356
5.400
5.483
5.536
5.604
5.687
5.747
5.804
0.007
0.013
0.019
0.032
0.113
0.192
0.270
0.321
0.408
0.482
0.542
0.570
0.641
0.772
0.809
0.883
0.957
0.983
1.057
1.079
1.141
1.211
1.286
1.314
1.390
1.427
1.498
1.571
1.648
1.674
1.749
1.787
1.863
1.935
2.006
2.031
2.115
2.151
2.225
2.296
2.367
2.397
2.470
2.564
2.637
2.698
2.773
2.800
2.875
2.899
2.970
3.046
3.119
3.146
3.274
3.324
3.402
3.480
3.557
3.607
3.683
3.721
3.801
3.875
3.950
4.000
4.075
4.114
4.190
4.268
4.342
4.393
4.467
4.505
4.576
4.655
4.731
4.783
4.860
0.006
0.011
0.017
0.027
0.101
0.181
0.262
0.297
0.371
0.397
0.435
0.464
0.573
0.600
0.638
0.667
0.744
0.789
0.825
0.852
0.922
0.972
1.009
1.048
1.098
1.147
1.182
1.257
1.306
1.342
1.416
1.441
1.516
1.565
1.636
1.671
1.742
1.767
1.843
1.890
1.966
2.003
2.079
2.105
2.180
2.230
2.304
2.342
2.418
2.441
2.512
2.562
2.637
2.676
2.749
2.774
2.849
2.898
2.975
3.012
3.088
3.113
3.189
3.238
3.312
3.349
3.421
3.446
3.518
3.568
3.644
3.681
3.755
3.781
3.852
3.899
3.970
4.005
4.082
0.006
0.010
0.015
0.024
0.096
0.170
0.244
0.275
0.350
0.378
0.508
0.539
0.611
0.638
0.687
0.725
0.762
0.788
0.862
0.889
0.936
1.007
1.035
1.059
1.134
1.184
1.218
1.265
1.378
1.414
1.488
1.526
1.575
1.645
1.691
1.727
1.806
1.841
1.889
1.963
2.012
2.049
2.120
2.159
2.208
2.283
2.332
2.369
2.440
2.476
2.523
2.594
2.644
2.682
2.756
2.794
2.843
2.919
2.969
3.004
3.079
3.117
3.166
3.240
3.290
3.326
3.401
3.436
3.485
3.557
3.603
3.637
3.712
3.749
3.798
3.873
3.916
3.951
4.023
4.058
4.108
4.179
4.229
4.267
4.338
4.375
4.420
4.491
4.541
4.579
0.006
0.010
0.015
0.024
0.099
0.172
0.246
0.276
0.353
0.378
0.416
0.492
0.517
0.556
0.635
0.685
0.710
0.748
0.824
0.895
0.970
0.996
1.034
1.103
1.178
1.253
1.324
1.351
1.387
1.459
1.529
1.605
1.680
1.707
1.742
1.818
1.889
1.965
2.041
2.068
2.105
2.177
2.252
2.328
2.401
2.427
2.465
2.541
2.614
2.682
2.753
2.779
2.817
2.889
2.961
3.034
3.104
3.131
3.167
3.241
3.311
3.382
3.453
3.480
3.514
3.585
3.656
3.726
3.800
3.825
3.861
0.006
0.010
0.015
0.024
0.098
0.175
0.246
0.278
0.349
0.387
0.458
0.488
0.563
0.612
0.651
0.677
0.748
0.821
0.895
0.922
0.960
1.031
1.102
1.174
1.246
1.273
1.308
1.381
1.454
1.529
1.604
1.631
1.666
1.739
1.810
1.879
1.952
1.979
2.017
2.093
2.166
2.242
2.313
2.341
2.378
2.454
2.529
2.600
2.674
2.699
2.737
2.808
2.879
2.956
3.026
3.053
3.087
3.161
3.232
3.304
3.375
3.402
3.440
3.516
3.590
3.661
0.006
0.020
0.025
0.034
0.108
0.181
0.251
0.282
0.359
0.434
0.509
0.582
0.656
0.686
0.762
0.837
0.912
0.984
1.056
1.086
1.158
1.232
1.305
1.377
1.451
1.481
1.554
1.629
1.704
1.775
1.850
1.880
1.952
2.027
2.099
2.170
2.241
2.270
2.342
2.413
2.483
2.558
2.631
2.661
2.734
2.808
0.006
0.010
0.015
0.024
0.094
0.167
0.239
0.272
0.345
0.417
0.444
0.521
0.595
0.634
0.671
0.782
0.822
0.893
0.967
1.009
1.048
1.122
1.171
1.242
1.317
1.344
1.416
1.489
1.537
1.664
1.707
1.751
1.829
1.904
1.978
2.054
2.088
2.131
2.210
2.288
2.365
2.438
2.474
2.517
2.595
2.673
2.751
2.826
2.862
2.904
2.979
3.054
3.127
3.206
3.242
3.284
3.358
3.432
3.511
3.584
3.619
3.660
3.734
3.864
3.942
4.004
4.039
4.067
4.128
4.201
4.276
4.350
4.386
4.429
4.506
4.584
4.654
4.716
4.750
0.006
0.012
0.017
0.026
0.103
0.179
0.259
0.293
0.373
0.449
0.497
0.574
0.647
0.675
0.726
0.802
0.879
0.952
1.025
1.055
1.127
1.202
1.278
1.355
1.427
1.457
1.531
1.659
1.732
1.803
1.862
1.891
1.967
2.039
2.102
2.175
2.237
2.267
2.343
2.419
2.495
2.569
2.632
2.663
2.739
2.811
2.887
2.949
3.026
3.056
3.130
3.202
3.273
3.333
3.409
3.438
3.512
3.586
3.661
3.737
3.810
3.840
3.917
3.994
4.056
4.127
4.187
4.217
4.292
4.368
4.444
4.518
0.006
0.010
0.015
0.024
0.099
0.171
0.289
0.321
0.414
0.495
0.531
0.558
0.608
0.646
0.724
0.755
0.827
0.865
0.916
0.994
1.019
1.091
1.130
1.206
1.283
1.356
1.380
1.452
1.487
1.560
1.607
1.680
1.705
1.777
1.812
1.886
1.936
2.011
2.036
2.112
2.149
2.218
2.265
2.337
2.362
2.434
2.469
2.541
2.588
2.660
2.684
2.759
2.795
2.867
2.914
2.984
3.008
3.080
3.117
3.189
3.238
3.308
3.333
3.405
3.442
3.518
3.564
3.637
3.663
3.738
3.776
3.851
0.006
0.010
0.015
0.024
0.105
0.182
0.256
0.287
0.363
0.439
0.514
0.587
0.664
0.695
0.768
0.842
0.917
0.991
1.063
1.091
1.158
1.229
1.303
1.436
1.511
1.541
1.603
1.664
1.736
1.812
0.006
0.010
0.015
0.023
0.097
0.169
0.240
0.271
0.382
0.407
0.442
0.471
0.518
0.548
0.625
0.662
0.687
0.762
0.799
0.824
0.900
0.937
0.962
1.038
1.085
1.119
1.143
1.218
1.290
1.325
1.351
1.422
1.497
1.569
1.643
1.680
1.706
1.779
1.853
1.927
2.002
2.039
2.066
2.142
2.217
2.293
2.363
2.401
2.428
2.496
2.567
2.637
2.711
2.749
2.776
2.850
2.921
2.996
3.072
3.107
3.163
3.237
3.304
3.375
3.445
3.480
3.506
3.577
3.649
3.723
3.797
3.835
3.861
3.937
4.010
4.083
0.006
0.010
0.015
0.023
0.099
0.169
0.239
0.276
0.353
0.425
0.453
0.528
0.601
0.631
0.704
0.777
0.800
0.836
0.910
0.935
1.009
1.113
1.149
1.175
1.247
1.297
1.369
1.440
1.467
1.538
1.663
1.708
1.781
1.857
1.883
1.956
2.015
2.051
2.125
2.199
2.227
2.298
2.358
2.406
2.478
2.549
2.575
2.637
2.712
2.762
2.837
2.911
2.938
2.999
3.070
3.103
3.178
3.253
3.281
3.351
3.425
3.459
3.530
3.602
3.629
3.697
3.757
3.806
3.878
3.952
3.979
4.054
4.123
4.159
0.006
0.010
0.015
0.023
0.099
0.175
0.251
0.280
0.354
0.383
0.432
0.461
0.534
0.560
0.599
0.672
0.697
0.733
0.807
0.834
0.872
0.948
0.974
1.047
1.082
1.129
1.154
1.227
1.301
1.337
1.361
1.414
1.486
1.559
1.631
1.668
1.692
1.743
1.839
1.915
1.991
2.026
2.051
2.102
2.178
2.250
2.330
2.366
2.392
2.439
2.513
2.588
2.660
2.698
2.724
2.774
2.845
2.922
2.998
3.035
3.060
3.110
3.186
3.264
3.338
3.376
3.401
3.451
3.526
3.596
3.669
3.704
3.728
3.777
3.853
3.925
4.001
4.035
4.061
4.111
4.184
4.255
4.331
4.369
4.394
4.444
4.520
4.650
4.696
4.732
4.808
4.861
4.938
4.970
5.000
5.041
5.115
5.164
5.239
5.268
5.297
5.338
5.415
5.469
5.543
5.572
5.601
5.641
5.721
5.768
5.842
5.869
5.899
5.937
6.011
6.064
6.143
6.171
6.202
6.242
6.320
6.370
6.443
6.470
6.500
6.540
6.614
6.667
6.746
6.773
6.803
6.852
6.931
6.984
7.059
7.087
7.118
7.158
7.236
7.289
7.368
7.396
0.004
0.007
0.010
0.015
0.054
0.381
0.534
0.678
0.792
0.903
0.992
1.063
1.130
1.195
1.290
1.375
1.449
1.508
1.576
1.663
1.742
1.861
1.968
2.103
2.241
2.321
2.394
2.488
2.677
2.931
3.062
3.141
3.214
3.310
3.420
0.019
0.026
0.033
0.048
0.521
0.703
0.848
1.050
1.204
1.305
1.411
1.508
1.629
1.749
1.835
1.924
2.020
2.112
2.207
2.297
2.404
2.513
2.616
2.716
2.795
2.896
3.008
3.197
3.296
3.395
3.545
3.693
3.785
3.896
3.995
4.111
4.194
4.306
4.397
4.505
4.602
4.718
4.801
0.010
0.019
0.027
0.046
0.270
0.418
0.549
0.710
0.843
0.930
1.053
1.185
1.276
1.356
1.460
1.580
1.700
1.822
1.914
1.992
2.163
2.287
2.408
2.549
2.643
2.720
2.828
2.941
3.068
3.204
3.301
3.377
3.468
3.654
3.771
3.906
4.001
4.080
4.170
4.291
4.402
4.545
4.639
4.719
4.823
4.942
5.062
5.196
5.294
5.374
5.479
5.595
5.726
5.863
5.957
6.032
6.130
6.249
6.355
6.490
6.582
6.663
6.768
6.883
7.003
7.140
0.009
0.017
0.025
0.041
0.323
0.474
0.603
0.737
0.861
0.953
1.038
1.125
1.206
1.289
1.385
1.471
1.570
1.652
1.789
1.891
2.051
2.142
2.240
2.329
2.468
2.570
2.666
2.758
0.013
0.021
0.029
0.045
0.543
0.680
0.806
0.969
1.120
1.261
1.399
1.535
1.652
1.779
1.894
1.989
2.104
2.225
2.330
2.452
2.579
2.674
2.793
2.922
3.030
3.142
3.279
3.404
3.520
3.648
3.771
3.909
4.031
4.144
4.245
4.363
4.452
4.547
4.659
4.771
4.876
4.982
5.075
5.181
5.292
5.401
5.508
5.613
5.709
5.819
5.928
6.035
6.143
6.249
6.337
6.447
6.554
6.666
6.771
6.876
6.965
7.143
7.254
7.363
7.473
7.578
7.661
7.769
7.882
7.992
8.098
8.203
8.299
8.396
8.506
8.617
8.722
8.826
8.923
9.025
9.133
9.244
9.348
9.454
9.544
9.654
9.766
9.878
9.983
10.088
10.180
10.291
10.403
10.512
10.636
0.010
0.019
0.028
0.046
0.638
0.784
0.925
1.166
1.371
1.555
1.685
1.782
1.892
1.995
2.107
2.224
2.337
2.425
2.503
2.604
2.700
2.844
2.959
3.045
3.122
3.222
3.320
3.466
3.581
3.669
3.746
3.848
3.942
4.085
4.198
4.285
4.361
4.462
4.557
0.010
0.018
0.026
0.044
1.106
1.331
1.464
1.747
1.986
2.197
2.394
2.570
2.742
2.914
3.082
3.230
3.351
3.509
3.655
3.812
3.965
4.133
4.283
4.417
4.561
4.687
4.847
5.003
5.126
5.239
5.370
5.504
5.641
5.781
5.899
6.021
6.131
6.256
6.410
6.531
6.634
6.775
6.899
7.012
7.151
7.286
7.413
7.558
7.683
7.801
7.940
8.078
8.202
8.344
8.468
8.577
8.715
8.858
8.983
9.123
9.247
9.365
9.508
9.646
9.770
9.915
10.039
10.176
10.316
10.455
10.577
10.722
10.847
10.960
11.098
11.242
11.369
11.512
11.637
11.748
11.886
12.024
12.154
12.301
12.424
12.537
12.676
12.888
13.041
13.226
13.396
13.530
13.699
13.864
13.982
14.117
14.250
14.395
14.565
14.723
14.845
15.000
15.130
15.279
15.436
15.591
15.721
15.876
16.007
16.160
16.318
16.471
16.605
16.770
16.899
17.043
17.202
17.354
17.487
17.642
17.772
17.917
18.076
18.228
18.357
18.512
18.642
18.794
18.953
19.109
19.244
19.399
19.529
19.675
19.833
20.176
20.319
20.473
20.603
20.750
20.907
21.059
21.186
21.341
21.481
21.631
21.789
21.940
22.076
22.229
22.359
22.504
22.661
22.812
22.942
23.095
23.224
23.378
23.536
23.686
23.819
23.973
24.108
24.253
24.411
24.562
24.693
24.847
24.977
25.124
25.282
25.435
25.564
25.720
25.857
26.007
26.164
26.314
26.443
26.597
26.726
26.883
27.040
27.193
27.319
27.475
27.606
27.757
27.914
28.064
28.202
28.357
28.489
28.640
28.800
28.956
29.087
29.245
29.378
29.526
29.687
29.840
29.970
30.127
30.259
30.405
30.566
30.721
30.848
31.005
31.137
31.293
31.454
31.606
31.738
31.896
32.028
32.176
32.338
32.491
0.012
0.026
0.036
0.057
0.601
0.856
0.984
1.327
1.637
1.922
2.212
2.481
2.741
3.012
3.260
3.522
3.769
4.021
4.276
4.522
4.765
5.009
5.230
5.452
5.658
5.873
6.071
6.265
6.469
6.688
6.891
7.073
7.274
7.470
7.679
7.905
8.112
8.313
8.504
8.702
8.909
9.099
9.292
9.483
9.643
9.815
10.015
10.183
10.384
10.540
10.686
10.851
11.041
11.211
11.404
11.552
11.711
11.882
12.072
12.241
12.422
12.582
12.741
12.910
13.105
13.274
13.454
13.595
13.759
13.929
14.118
0.013
0.023
0.034
0.057
0.276
0.408
0.546
0.799
1.022
1.205
1.381
1.538
1.722
1.883
2.074
2.248
2.382
2.521
2.661
2.796
2.960
3.121
3.296
3.463
3.624
3.777
3.935
4.081
4.226
4.382
4.548
4.698
4.855
5.002
5.144
5.308
5.459
5.609
5.768
5.916
6.058
6.220
6.388
6.539
6.696
6.842
6.984
7.149
7.315
7.464
7.621
7.772
7.914
8.075
8.272
0.012
0.022
0.031
0.053
0.204
0.320
0.458
0.648
0.828
1.024
1.213
1.396
1.584
1.773
1.966
2.143
2.323
2.496
2.651
2.825
2.987
3.137
3.291
3.419
3.527
3.667
3.829
3.983
4.128
4.251
4.418
4.566
4.726
4.898
5.041
5.156
5.269
5.418
5.581
5.735
5.880
5.995
6.103
6.256
6.418
6.571
6.713
6.828
6.937
7.089
7.251
7.401
7.542
0.005
0.008
0.011
0.016
0.054
0.369
0.520
0.662
0.787
0.886
0.998
1.058
1.120
1.208
1.288
1.359
1.436
1.539
1.732
1.822
1.894
2.000
2.072
2.175
2.433
2.522
2.597
2.726
2.803
2.901
3.082
3.171
3.244
3.343
3.411
0.010
0.017
0.024
0.039
0.343
0.482
0.629
0.806
0.958
1.103
1.233
1.375
1.468
1.603
1.742
1.866
1.994
2.107
2.218
2.340
2.456
2.580
2.694
2.815
2.918
3.005
3.109
3.291
3.455
3.576
3.692
3.799
3.943
4.064
4.188
4.291
4.387
4.522
4.633
4.745
4.876
4.981
5.091
5.204
5.313
5.431
5.580
5.685
5.794
5.897
6.006
6.117
6.259
6.366
6.472
6.590
6.699
6.808
6.967
7.070
7.177
7.280
7.388
7.504
7.653
7.758
7.888
7.999
8.106
8.212
8.346
8.682
8.824
8.974
9.099
9.223
9.347
9.477
9.598
9.736
9.849
9.959
10.063
10.206
10.347
10.487
10.599
10.711
10.816
10.970
11.121
11.260
11.372
11.485
11.606
11.755
11.896
12.079
12.192
12.302
12.403
12.547
12.689
12.828
12.942
13.055
13.158
13.308
13.446
13.584
13.696
13.810
13.911
14.061
0.011
0.023
0.032
0.052
0.470
0.613
0.824
1.076
1.302
1.460
1.592
1.717
1.827
1.970
2.098
2.234
2.355
2.478
2.590
2.722
2.852
2.992
3.109
3.222
3.337
3.461
3.590
3.728
3.839
3.949
4.072
4.200
4.304
4.432
4.556
4.669
4.790
4.912
5.017
5.157
5.266
5.372
5.519
5.648
5.759
5.898
5.999
6.115
6.255
6.363
6.459
6.601
6.711
6.827
6.969
7.100
7.232
7.363
7.469
7.585
7.722
7.841
7.953
8.078
8.182
8.300
8.436
8.558
8.671
8.795
8.899
9.019
9.148
9.276
9.387
0.011
0.020
0.029
0.049
0.633
0.783
0.922
1.205
1.456
1.668
1.877
2.048
2.178
2.318
2.462
2.614
2.774
2.930
3.089
3.233
3.366
3.499
3.664
3.823
3.983
4.120
4.243
4.348
4.500
4.630
4.774
4.886
5.006
5.107
5.255
5.385
5.538
5.651
5.769
5.867
6.019
6.149
6.295
6.432
6.562
6.664
6.814
6.965
7.119
7.231
7.377
7.497
7.649
7.791
7.908
8.016
8.158
8.270
8.421
8.572
8.722
8.850
8.983
9.110
9.273
9.423
9.573
9.691
9.835
9.955
10.108
10.314
10.467
10.588
10.730
10.849
11.002
11.142
11.292
11.420
11.575
11.694
11.847
11.998
12.153
12.268
12.421
12.533
0.011
0.021
0.030
0.050
0.941
1.078
1.217
1.454
1.628
1.797
1.969
2.108
2.232
2.332
2.444
2.565
2.687
2.844
2.945
3.044
3.158
3.281
3.400
3.513
3.638
3.764
3.893
4.009
4.155
4.275
4.406
4.529
4.638
4.767
4.886
5.031
5.155
5.297
5.415
5.528
5.644
5.779
5.882
6.002
6.108
6.228
6.353
6.456
6.576
6.687
6.793
6.898
7.010
7.111
7.238
7.354
7.464
7.581
7.691
7.818
7.936
8.028
8.137
8.253
8.362
8.488
8.607
8.699
8.812
8.926
9.035
9.159
9.277
0.011
0.020
0.028
0.051
0.198
0.343
0.490
0.642
0.782
0.902
1.025
1.132
1.249
1.366
1.481
1.599
1.708
1.828
1.948
2.066
2.164
2.263
2.368
2.462
2.571
2.683
2.790
2.893
3.010
3.144
3.235
3.362
3.464
3.567
3.685
3.815
3.908
4.040
4.148
4.250
4.370
4.498
4.596
4.729
4.831
4.934
5.052
5.182
5.283
5.414
5.521
5.627
5.745
5.885
5.980
6.108
6.214
6.316
6.433
6.563
6.664
6.792
6.898
7.003
7.363
7.522
7.660
7.770
7.898
8.029
8.137
8.247
8.379
8.472
8.594
8.716
8.830
8.954
9.066
9.151
9.274
9.390
9.505
9.638
9.749
9.834
9.956
10.075
10.191
10.319
10.428
10.513
10.635
10.754
10.865
10.993
11.105
11.190
11.313
0.011
0.019
0.028
0.047
0.624
0.760
1.124
1.386
1.640
1.866
2.074
2.285
2.471
2.657
2.842
3.016
3.197
3.379
3.562
3.737
3.902
4.089
4.273
4.473
4.635
4.801
4.968
5.148
5.310
5.473
5.656
5.825
5.980
6.142
6.305
6.470
6.610
6.775
6.911
7.083
7.243
7.412
7.545
7.720
7.875
8.020
8.164
8.336
8.480
8.634
8.774
8.940
9.088
9.265
9.414
9.585
9.717
9.856
10.008
10.178
10.331
10.494
10.629
10.780
10.900
11.064
11.214
11.363
11.473
11.620
11.748
11.904
12.054
12.203
12.346
12.491
12.638
12.791
12.938
13.089
13.216
13.350
13.481
13.632
13.772
13.908
14.032
14.144
14.282
14.435
14.598
14.716
14.841
14.989
15.121
15.242
15.391
15.540
15.661
15.778
15.911
16.035
16.177
16.284
16.414
16.550
16.674
16.805
16.945
17.072
17.219
17.355
17.493
17.642
17.778
17.903
18.053
18.193
18.349
18.481
18.616
18.761
18.890
19.040
19.171
19.308
19.451
19.574
19.709
19.852
19.998
20.122
20.264
20.388
20.525
20.666
20.806
20.930
21.066
21.182
21.312
21.452
21.591
21.716
21.851
21.970
22.102
22.243
22.383
22.508
22.643
22.762
22.892
0.012
0.022
0.032
0.053
0.807
0.955
1.077
1.405
1.689
1.934
2.158
2.383
2.581
2.810
3.038
3.246
3.473
3.689
3.898
4.104
4.303
4.513
4.703
4.919
5.137
5.332
5.515
5.730
5.895
6.113
6.320
6.522
6.675
6.864
7.013
7.194
7.391
7.577
7.728
7.906
8.062
8.305
8.490
8.674
8.814
8.967
9.129
9.306
9.483
9.645
9.793
9.958
10.116
10.298
10.471
10.651
10.808
10.972
11.150
11.332
11.498
11.669
11.820
11.991
12.143
12.320
12.487
12.641
12.794
12.963
13.116
13.294
13.461
13.616
13.768
13.936
14.089
0.013
0.023
0.034
0.057
1.256
1.403
1.529
1.978
2.355
2.659
2.929
3.178
3.441
3.695
3.942
4.200
4.457
4.701
4.934
5.171
5.400
5.646
5.884
6.119
6.340
6.543
6.762
6.987
7.188
7.421
7.616
7.823
8.001
8.209
8.390
8.613
8.789
8.966
9.139
9.319
9.508
9.736
9.964
10.174
10.372
10.590
10.784
10.990
11.203
11.399
11.604
11.825
12.038
12.227
12.433
12.634
12.815
13.012
13.210
13.382
13.586
13.784
13.961
14.151
14.345
14.512
14.710
14.900
15.072
15.261
15.454
15.625
15.829
16.020
16.191
16.381
16.574
16.742
16.945
17.138
17.310
17.499
17.693
0.013
0.024
0.035
0.059
0.678
0.818
0.949
1.310
1.608
1.864
2.086
2.316
2.564
2.789
3.013
3.243
3.454
3.670
3.884
4.116
4.339
4.551
4.772
4.996
5.204
5.406
5.601
5.820
6.028
6.239
6.402
6.564
6.748
6.939
7.138
7.324
7.485
7.659
7.840
8.023
8.202
8.385
8.525
8.697
8.867
9.028
9.208
9.398
9.582
9.765
9.938
10.141
10.337
10.541
10.704
10.877
11.050
11.244
11.445
11.623
11.775
11.938
12.103
12.295
12.494
12.699
12.874
13.064
13.237
13.428
13.613
13.805
13.971
14.133
14.275
14.452
14.634
14.833
14.996
15.166
15.299
15.481
15.662
15.870
16.026
16.195
16.328
16.506
16.688
16.879
17.027
17.211
17.348
17.527
17.704
17.906
18.075
18.272
18.429
18.606
18.814
19.012
19.174
19.343
19.511
19.694
19.891
20.082
20.233
20.396
20.552
20.731
20.925
21.098
21.246
21.405
21.561
21.729
21.925
22.099
22.252
22.408
22.567
22.737
22.930
23.112
23.268
23.431
23.589
23.758
23.952
24.127
24.280
24.440
24.595
24.764
24.958
25.132
25.288
25.447
25.601
25.772
25.968
26.140
26.289
26.451
26.594
26.763
26.958
27.129
27.279
27.437
27.581
27.751
27.945
28.117
28.271
28.430
28.574
28.743
28.943
29.112
29.275
0.012
0.023
0.034
0.057
0.429
0.649
0.778
1.075
1.320
1.537
1.768
1.990
2.229
2.447
2.646
2.836
2.991
3.143
3.305
3.469
3.635
3.801
3.966
4.107
4.245
4.413
4.566
4.732
4.866
5.016
5.157
5.316
5.469
5.612
5.749
5.864
5.977
6.134
6.293
6.436
6.575
6.724
6.847
7.009
7.168
7.311
7.457
7.616
7.730
7.887
8.048
8.191
8.337
8.500
8.613
8.770
8.930
9.072
9.216
9.373
9.485
9.695
9.853
9.999
10.138
10.304
10.416
10.574
10.743
10.886
11.027
11.192
11.305
11.463
11.623
11.766
11.908
12.065
12.178
12.335
12.493
12.636
12.778
12.936
13.056
13.213
13.373
13.519
13.659
13.814
13.927
14.084
14.242
14.387
14.528
14.705
14.817
14.974
15.137
15.280
15.423
15.584
15.697
15.855
16.021
16.166
16.313
16.471
16.586
16.743
16.907
17.050
17.186
17.342
17.454
17.611
17.768
17.911
18.053
18.215
18.327
18.489
18.651
18.805
18.948
19.103
19.221
0.012
0.021
0.031
0.053
0.194
0.411
0.558
0.787
0.976
1.147
1.309
1.461
1.611
1.772
1.912
2.031
2.154
2.284
2.418
2.568
2.711
2.807
2.929
3.043
3.195
3.337
3.480
3.576
3.699
3.817
3.974
4.117
4.260
4.359
4.481
4.596
4.757
4.900
5.044
5.142
5.265
5.395
5.549
5.693
5.840
5.939
6.065
6.210
6.351
6.508
6.661
6.769
6.889
7.034
7.165
7.329
7.480
7.636
7.761
7.879
8.010
8.137
8.276
8.417
8.544
8.665
8.797
8.936
9.094
9.204
9.353
9.453
9.575
9.719
9.884
10.400
10.571
10.733
10.880
11.045
11.204
11.322
11.484
11.642
11.781
11.932
12.093
12.211
12.388
12.531
12.681
12.814
12.980
13.100
13.265
13.405
13.557
13.690
13.855
13.981
14.155
14.299
14.448
14.580
14.748
14.866
15.043
15.184
15.337
0.012
0.021
0.031
0.053
0.201
0.324
0.472
0.659
0.825
0.972
1.149
1.304
1.442
1.602
1.742
1.878
2.025
2.153
2.290
2.433
2.561
2.691
2.846
2.970
3.086
3.216
3.344
3.453
3.603
3.735
3.845
3.980
4.109
4.223
4.374
4.494
4.609
0.011
0.021
0.030
0.051
0.296
0.495
0.624
0.855
1.055
1.246
1.432
1.629
1.816
1.996
2.173
2.335
2.497
2.682
2.861
3.005
3.156
3.307
3.445
3.602
3.765
4.024
4.240
4.430
4.600
4.783
4.968
5.145
5.315
5.486
5.649
5.852
6.044
6.230
6.369
6.549
6.712
6.890
7.057
7.242
7.401
7.573
7.736
7.922
8.095
8.249
8.420
8.598
8.749
8.947
9.118
9.271
9.442
9.622
9.775
9.961
10.126
10.280
10.446
10.620
10.774
10.960
11.131
11.284
11.454
11.645
11.787
11.972
12.155
12.309
12.480
12.668
12.815
13.001
13.186
13.339
13.503
13.692
13.835
14.022
14.212
14.366
14.533
14.726
14.870
15.055
15.242
15.442
15.606
15.794
15.939
16.123
16.313
16.466
16.637
16.822
16.976
17.161
17.354
17.508
17.673
17.866
18.011
18.197
18.388
18.540
18.709
18.898
19.044
0.012
0.023
0.033
0.056
0.203
0.335
0.482
0.690
0.874
1.071
1.265
1.449
1.692
1.828
1.991
2.154
2.310
2.469
2.631
2.776
2.902
3.063
3.229
3.392
3.551
3.691
3.816
3.990
4.169
4.330
4.459
4.613
4.732
4.895
5.061
5.207
5.335
5.493
5.614
5.790
5.944
6.099
6.240
6.376
6.517
6.682
6.839
7.001
7.165
7.339
7.511
7.677
7.816
7.944
8.067
8.224
8.377
8.539
8.667
8.793
8.920
9.069
9.225
9.387
9.514
9.640
9.759
9.917
10.074
10.238
10.367
10.493
10.612
10.767
10.922
11.088
11.216
11.343
11.463
11.617
11.769
11.930
12.062
12.190
12.309
12.464
12.618
12.779
12.907
13.034
13.153
13.305
13.464
13.626
13.805
13.932
14.050
14.203
14.357
14.518
14.645
0.012
0.022
0.032
0.053
0.195
0.320
0.471
0.662
0.845
1.046
1.231
1.406
1.559
1.701
1.862
2.010
2.189
2.338
2.507
2.636
2.790
2.944
3.123
3.276
3.441
3.570
3.719
3.871
4.044
4.195
4.356
4.485
4.635
4.789
4.960
5.104
5.271
5.403
5.557
5.720
5.890
6.029
6.194
6.334
6.485
6.638
6.809
6.954
7.124
7.273
7.412
7.583
7.743
7.898
8.067
8.216
8.353
8.500
8.668
8.808
8.933
9.059
9.196
9.341
9.505
9.647
9.768
9.891
10.027
10.178
10.342
0.012
0.022
0.031
0.053
0.193
0.387
0.532
0.764
0.966
1.169
1.362
1.514
1.672
1.886
2.072
2.275
2.467
2.618
2.795
2.960
3.133
3.331
3.514
3.649
3.814
3.976
4.145
4.317
4.487
4.624
4.782
4.940
5.114
5.292
5.446
5.591
5.754
5.932
6.107
6.284
6.437
6.583
6.749
6.926
7.100
7.277
7.430
7.576
7.742
7.919
8.093
8.270
8.424
8.570
8.745
8.933
9.106
9.286
9.440
9.585
9.741
9.922
10.095
10.273
10.426
10.571
10.741
10.915
11.090
11.266
11.419
11.564
11.732
11.908
12.082
12.259
12.412
12.557
12.732
12.913
13.086
13.267
13.421
13.567
13.733
13.911
14.084
14.263
14.417
14.563
14.737
14.910
15.083
15.261
15.415
15.561
15.726
15.904
0.013
0.023
0.033
0.056
0.200
0.331
0.475
0.687
0.879
1.058
1.244
1.427
1.608
1.780
1.933
2.092
2.247
2.409
2.577
2.747
2.917
3.068
3.219
3.365
3.505
3.638
3.778
3.913
4.057
4.207
4.346
4.463
4.617
4.755
4.900
5.056
5.206
5.334
5.483
5.608
5.750
5.907
6.057
6.186
6.298
6.422
6.566
6.725
6.877
7.005
7.123
7.246
7.390
7.548
7.699
7.826
7.942
8.066
8.208
8.362
8.512
8.639
8.753
8.880
9.021
9.180
9.330
9.458
9.578
9.706
9.850
10.006
10.156
10.284
10.402
10.525
10.669
10.825
0.012
0.022
0.032
0.053
0.207
0.327
0.477
0.664
0.846
1.041
1.212
1.358
1.515
1.685
1.859
2.043
2.177
2.316
2.449
2.603
2.767
2.929
3.063
3.217
3.363
3.509
3.672
3.833
3.972
4.122
4.263
4.409
4.572
4.735
4.869
5.022
5.169
5.315
5.476
5.638
5.773
5.917
6.060
6.207
6.370
6.531
6.666
6.811
6.962
7.108
7.271
7.433
