1000.000
2000.000
3000.000
5000.000
1650.766 998.265 989.998 911.848 449.123
722.137 552.076 507.632 489.195 489.135 479.630 435.630 431.374 412.427 356.657 73.332 31.940 18.836 0.000
744.837 516.997 491.366 483.781 482.332 441.993 435.937 429.923 287.652 279.160 251.143 88.984 47.228 18.666 0.000 0.000
766.492 521.252 479.378 477.126 470.041 443.016 439.120 428.656 367.245 290.476 247.981 69.217 0.000
806.665 528.837 479.563 475.423 454.639 445.643 441.087 432.457 309.997 290.418 245.113 90.156
831.282 516.659 478.061 472.569 448.949 446.492 441.141 433.477 297.009 288.808 241.449 104.105
844.743 506.442 476.508 470.078 446.982 446.732 441.233 433.729 295.654 286.977 238.769 112.154
849.943 501.805 475.493 467.952 447.013 446.983 441.671 433.783 295.175 285.712 236.982 117.488
850.523 501.111 474.674 466.697 447.015 446.888 442.268 433.738 295.855 285.642 235.733 119.856
849.970 500.780 474.058 466.014 447.009 446.791 442.804 433.640 297.201 285.566 234.941 121.225
849.245 500.530 473.687 465.559 446.884 446.488 443.379 433.572 298.526 285.344 234.375 122.410
848.642 500.264 473.438 465.242 446.702 446.302 443.758 433.541 299.504 284.801 233.960 123.849
848.225 499.979 473.294 465.110 446.457 446.177 443.934 433.505 300.107 284.356 233.625 125.232
847.935 499.667 473.217 465.060 446.246 446.105 444.006 433.484 300.702 284.028 233.387 126.162
847.792 499.338 473.216 465.027 446.107 445.955 443.956 433.487 301.424 283.810 233.230 126.659
847.791 499.013 473.259 464.956 446.202 445.630 443.778 433.504 302.662 283.604 233.138 126.464
847.961 498.696 473.328 464.853 446.363 445.174 443.469 433.531 304.516 283.379 233.051 125.679
848.331 498.441 473.432 464.612 446.624 444.538 443.020 433.573 306.509 282.957 232.875 125.087
848.782 498.228 473.517 464.421 446.892 444.081 442.687 433.603 308.030 282.529 232.687 124.544
849.278 498.053 473.651 464.094 447.143 443.656 442.408 433.667 309.722 281.941 232.488 123.899
849.804 497.868 473.823 463.620 447.415 443.204 442.128 433.739 310.377 281.326 232.283 124.413
850.284 497.754 473.945 463.184 447.619 442.977 441.907 433.772 310.077 280.901 232.152 125.430
850.682 497.701 474.056 462.821 447.764 442.826 441.749 433.784 309.767 280.512 232.104 126.233
850.963 497.673 474.149 462.489 447.855 442.744 441.646 433.782 309.518 280.202 232.100 126.879
851.161 497.659 474.240 462.164 447.905 442.693 441.582 433.776 309.346 279.923 232.113 127.437
851.300 497.650 474.321 461.853 447.937 442.666 441.540 433.771 309.222 279.668 232.144 127.929
851.385 497.646 474.407 461.583 447.953 442.659 441.510 433.765 309.131 279.413 232.197 128.350
851.433 497.642 474.501 461.300 447.959 442.657 441.488 433.759 309.073 279.186 232.241 128.761
851.451 497.640 474.602 461.071 447.958 442.661 441.471 433.752 309.031 278.976 232.294 129.096
851.456 497.637 474.709 460.825 447.958 442.672 441.458 433.746 308.996 278.770 232.342 129.432
497.636 474.825 460.601 447.957 442.688 441.446 433.740 429.482 421.953 308.972 278.578 232.379 129.742 0.000
498.655 474.874 460.379 447.777 441.734 441.414 433.680 423.437 421.670 315.531 278.395 232.410 130.045
499.044 475.283 460.313 447.922 441.594 441.493 433.612 419.254 414.136 326.220 278.201 232.430 130.498
499.200 475.842 460.269 447.907 441.661 441.630 433.615 417.354 406.547 334.676 278.018 232.452 130.827
499.233 476.326 460.234 447.852 441.796 441.749 433.627 416.109 402.763 338.913 277.843 232.473 131.082
499.223 476.670 460.198 447.875 441.953 441.859 433.652 415.105 400.664 341.324 277.650 232.490 131.336
499.183 476.897 460.168 447.927 442.083 441.936 433.676 414.312 399.625 342.667 277.456 232.509 131.561
499.157 477.055 460.138 448.012 442.190 441.992 433.701 413.591 399.097 343.527 277.241 232.518 131.782
499.143 477.165 460.115 448.083 442.281 442.029 433.722 412.991 398.840 344.097 277.028 232.526 131.980
499.134 477.257 460.090 448.172 442.382 442.058 433.742 412.365 398.704 344.604 276.759 232.534 132.199
499.131 477.326 460.074 448.256 442.494 442.082 433.760 411.791 398.650 345.027 276.464 232.535 132.411
499.126 477.387 460.047 448.335 442.672 442.100 433.778 411.214 398.623 345.445 276.109 232.536 132.627
499.127 477.436 460.035 448.406 442.922 442.117 433.793 410.663 398.621 345.850 275.665 232.526 132.837
499.124 477.485 459.992 448.483 443.448 442.133 433.809 410.043 398.625 346.314 275.022 232.515 133.007
499.104 477.541 459.889 448.577 444.334 442.152 433.831 409.324 398.645 346.897 274.308 232.474 132.925
499.087 477.596 459.717 448.667 445.143 442.171 433.854 408.549 398.644 347.527 273.370 232.372 133.304
499.081 477.645 459.578 448.751 445.551 442.190 433.875 407.843 398.645 348.105 272.459 232.291 133.985
499.082 477.703 459.500 448.856 445.839 442.210 433.900 406.997 398.659 348.775 271.745 232.214 134.521
499.088 477.762 459.466 448.964 446.065 442.228 433.923 406.190 398.680 349.397 271.194 232.143 134.902
499.100 477.806 459.466 449.041 446.207 442.239 433.938 405.600 398.695 349.851 270.755 232.092 135.210
499.111 477.855 459.480 449.126 446.340 442.252 433.953 405.015 398.715 350.274 270.396 232.036 135.447
499.123 477.899 459.506 449.204 446.462 442.263 433.966 404.532 398.734 350.604 270.096 231.977 135.634
499.134 477.934 459.535 449.267 446.561 442.269 433.975 404.189 398.746 350.831 269.875 231.927 135.757
499.141 477.964 459.571 449.320 446.643 442.275 433.983 403.907 398.760 351.007 269.668 231.878 135.884
499.148 477.986 459.607 449.361 446.710 442.279 433.990 403.703 398.771 351.136 269.492 231.828 135.989
499.156 478.002 459.646 449.392 446.771 442.281 433.994 403.556 398.778 351.230 269.339 231.789 136.066
499.164 478.016 459.684 449.417 446.826 442.282 433.997 403.449 398.782 351.297 269.208 231.750 136.128
499.169 478.026 459.721 449.435 446.871 442.283 433.999 403.369 398.786 351.349 269.082 231.716 136.192
499.175 478.035 459.760 449.451 446.916 442.283 434.000 403.308 398.789 351.389 268.979 231.681 136.232
499.179 478.041 459.799 449.464 446.961 442.283 434.002 403.260 398.792 351.418 268.882 231.651 136.268
499.184 478.046 459.836 449.473 447.002 442.283 434.003 403.229 398.793 351.439 268.799 231.627 136.287
499.188 478.049 459.874 449.481 447.042 442.283 434.004 403.202 398.795 351.454 268.722 231.605 136.301
499.191 478.052 459.909 449.487 447.079 442.282 434.004 403.185 398.796 351.466 268.652 231.584 136.312
499.194 478.054 459.948 449.492 447.119 442.282 434.004 403.170 398.796 351.474 268.590 231.565 136.313
499.196 478.055 459.986 449.495 447.161 442.281 434.005 403.159 398.797 351.479 268.534 231.547 136.303
499.198 478.057 460.024 449.498 447.204 442.281 434.005 403.151 398.797 351.481 268.484 231.532 136.288
499.199 478.057 460.064 449.501 447.248 442.280 434.005 403.145 398.797 351.481 268.437 231.517 136.267
499.201 478.058 460.105 449.503 447.296 442.280 434.005 403.141 398.797 351.478 268.399 231.505 136.232
499.201 478.059 460.146 449.504 447.343 442.280 434.004 403.138 398.797 351.473 268.364 231.494 136.197
499.201 478.059 460.185 449.505 447.388 442.279 434.004 403.136 398.797 351.466 268.331 231.483 136.165
499.201 478.059 460.229 449.505 447.442 442.279 434.004 403.134 398.797 351.457 268.304 231.473 136.115
499.201 478.059 460.278 449.506 447.498 442.279 434.004 403.133 398.797 351.446 268.277 231.463 136.060
499.199 478.059 460.330 449.506 447.562 442.278 434.003 403.132 398.797 351.433 268.253 231.454 135.993
499.198 478.060 460.385 449.506 447.628 442.278 434.003 403.132 398.796 351.419 268.230 231.445 135.922
499.195 478.060 460.443 449.506 447.703 442.278 434.002 403.131 398.795 351.403 268.209 231.436 135.839
499.193 478.060 460.509 449.505 447.788 442.278 434.001 403.131 398.795 351.383 268.188 231.426 135.742
499.190 478.060 460.583 449.505 447.875 442.277 434.000 403.131 398.795 351.362 268.168 231.418 135.637
499.187 478.060 460.670 449.504 447.986 442.277 433.999 403.131 398.794 351.337 268.147 231.407 135.502
499.182 478.060 460.763 449.504 448.098 442.277 433.998 403.132 398.793 351.309 268.126 231.396 135.362
499.177 478.060 460.881 449.503 448.241 442.277 433.997 403.132 398.792 351.273 268.100 231.381 135.187
499.171 478.059 461.037 449.503 448.414 442.276 433.996 403.132 398.790 351.233 268.069 231.363 134.956
499.163 478.059 461.206 449.502 448.605 442.276 433.994 403.134 398.789 351.186 268.040 231.347 134.699
499.155 478.059 461.413 449.503 448.838 442.275 433.992 403.134 398.788 351.129 268.001 231.326 134.386
499.146 478.058 461.661 449.504 449.099 442.274 433.990 403.134 398.787 351.056 267.959 231.301 134.034
499.133 478.057 461.965 449.507 449.400 442.272 433.986 403.131 398.786 350.971 267.906 231.264 133.622
499.119 478.056 462.280 449.692 449.512 442.271 433.982 403.131 398.783 350.874 267.850 231.221 133.228
499.103 478.054 462.606 449.988 449.519 442.268 433.978 403.131 398.782 350.775 267.788 231.166 132.842
499.084 478.051 462.930 450.240 449.528 442.265 433.973 403.128 398.784 350.660 267.733 231.107 132.518
499.066 478.047 463.250 450.456 449.543 442.261 433.966 403.124 398.789 350.547 267.677 231.034 132.240
499.049 478.042 463.544 450.621 449.565 442.254 433.960 403.116 398.788 350.447 267.637 230.947 132.029
499.029 478.035 463.839 450.744 449.588 442.248 433.953 403.108 398.795 350.349 267.592 230.838 131.884
499.011 478.030 464.077 450.821 449.609 442.242 433.948 403.101 398.797 350.248 267.566 230.684 131.865
498.991 478.022 464.329 450.890 449.642 442.233 433.941 403.088 398.796 350.164 267.541 230.496 131.867
498.971 478.013 464.595 450.950 449.673 442.224 433.935 403.075 398.802 350.065 267.518 230.234 131.947
498.949 478.003 464.837 451.005 449.712 442.211 433.927 403.058 398.799 349.978 267.504 229.897 132.119
498.928 477.993 465.149 451.060 449.750 442.198 433.919 403.038 398.803 349.876 267.489 229.494 132.302
498.908 477.980 465.471 451.109 449.791 442.182 433.911 403.016 398.797 349.767 267.496 229.028 132.545
498.889 477.963 465.886 451.155 449.843 442.161 433.899 402.987 398.792 349.641 267.483 228.635 132.665
498.873 477.951 466.323 451.216 449.882 442.145 433.890 402.964 398.805 349.506 267.444 228.329 132.673
498.858 477.930 466.686 451.278 449.934 442.116 433.876 402.930 398.796 349.380 267.424 228.132 132.661
498.850 477.915 466.973 451.340 449.980 442.093 433.864 402.904 398.798 349.253 267.398 227.996 132.636
498.843 477.896 467.213 451.397 450.037 442.062 433.851 402.867 398.787 349.145 267.381 227.908 132.613
498.833 477.874 467.455 451.439 450.108 442.018 433.836 402.823 398.755 349.026 267.377 227.859 132.597
498.824 477.851 467.732 451.471 450.208 441.962 433.818 402.771 398.706 348.878 267.377 227.823 132.580
498.813 477.841 468.056 451.490 450.318 441.915 433.806 402.737 398.665 348.615 267.379 227.799 132.566
498.804 477.819 468.346 451.504 450.446 441.844 433.785 402.669 398.593 348.476 267.380 227.782 132.551
498.788 477.794 468.535 451.510 450.624 441.751 433.758 402.590 398.493 348.477 267.381 227.770 132.529
498.782 477.783 468.593 451.521 450.803 441.677 433.738 402.543 398.425 348.487 267.380 227.761 132.508
498.780 477.779 468.606 451.536 450.940 441.628 433.725 402.521 398.388 348.472 267.377 227.755 132.494
498.779 477.778 468.600 451.548 451.039 441.594 433.715 402.513 398.365 348.460 267.375 227.750 132.485
498.779 477.779 468.591 451.558 451.115 441.573 433.708 402.509 398.352 348.439 267.372 227.746 132.479
498.780 477.780 468.581 451.565 451.174 441.556 433.703 402.509 398.344 348.419 267.370 227.744 132.475
498.781 477.781 468.571 451.570 451.219 441.545 433.699 402.511 398.339 348.400 267.368 227.741 132.473
498.781 477.782 468.563 451.574 451.252 441.537 433.697 402.513 398.336 348.386 267.366 227.740 132.472
498.782 477.782 468.557 451.576 451.275 441.532 433.695 402.515 398.334 348.375 267.365 227.738 132.472
3.016 54.222 23.477 325.500 0.017 8.086 86.117 63.424 36.653 394.490 0.001 0.000 4.996
3.415 133.844 81.110 604.448 0.017 11.279 233.367 150.326 144.573 624.145 0.001 0.000 13.475
3.739 233.706 191.325 848.615 0.017 12.196 391.774 248.236 269.159 778.549 0.001 0.000 22.684
1351.461 990.655 714.059 529.385 486.134 468.575 388.175 48.224 19.174 4.139 0.017 0.001 0.000
474.184 468.723 460.237 459.937 457.172 436.003 396.523 379.291 352.380 328.770 204.315 190.980 186.696 83.735 51.997 27.437 15.720 10.419 9.547 5.395 0.541 0.000 0.000 0.000
491.963 478.041 469.723 461.988 442.659 440.315 438.381 412.217 311.675 238.807 196.464 195.274 162.164 128.956 52.298 39.332 24.994 6.838 3.473 2.608 1.831 0.000 0.000 0.000 0.000 0.000
495.789 479.650 470.440 467.955 460.736 460.612 441.536 411.904 298.739 252.854 201.422 174.979 171.068 103.150 37.151 35.834 21.828 6.705 2.994 2.663 1.990 0.000 0.000 0.000 0.000 0.000
496.523 481.945 475.534 470.830 470.203 463.367 457.724 441.406 412.938 294.417 174.650 171.434 127.863 46.310 6.856 3.000 3.000 2.000 0.000
496.431 481.418 481.178 479.680 469.720 462.418 455.985 442.467 416.152 297.132 290.055 177.571 34.842 6.950 3.000 3.000 2.000
498.436 492.685 486.183 484.474 470.217 461.905 454.792 452.880 428.716 287.951 262.403 179.859 31.499 3.000 3.000 2.000
499.324 498.713 490.455 487.231 486.715 471.527 459.619 452.931 431.079 287.374 249.816 182.216 3.000
499.292 498.067 487.984 487.795 486.049 471.840 463.937 451.679 433.329 284.523 248.348 184.157 3.000
499.289 497.389 489.057 488.128 484.067 471.659 467.213 450.400 434.884 283.163 246.328 185.424 3.000
499.342 496.879 489.857 488.278 483.381 471.360 469.248 449.656 435.830 282.521 247.670 185.978
499.465 496.093 490.495 488.537 483.337 471.319 470.792 449.482 437.014 282.199 244.949 186.319
499.453 495.926 491.038 488.534 483.552 472.417 470.304 449.180 437.358 281.994 243.741 186.503
499.418 495.652 491.436 488.512 483.846 473.328 469.857 448.967 437.553 281.892 242.931 186.609
499.380 495.354 491.897 488.504 484.301 474.032 469.411 448.798 437.639 281.846 242.162 186.675
499.347 494.997 492.432 488.510 484.873 474.535 468.987 448.647 437.640 281.841 241.479 186.710
499.306 494.578 493.150 488.551 485.458 474.772 468.584 448.485 437.559 281.873 240.956 186.728
499.267 494.079 493.954 488.602 485.801 474.902 468.238 448.302 437.451 281.937 240.731 186.736
499.248 494.564 493.613 488.644 485.988 474.978 467.933 448.117 437.348 282.018 240.811 186.739
499.264 494.942 493.218 488.697 486.135 474.949 467.670 447.972 437.257 282.115 241.039 186.743
499.282 495.215 492.884 488.740 486.301 474.929 467.467 447.883 437.198 282.194 241.167 186.741
499.351 495.398 492.468 488.828 486.752 474.776 467.271 447.850 437.162 282.241 241.166 186.737
499.444 495.534 492.106 488.898 487.280 474.649 467.066 447.805 437.135 282.286 241.065 186.733
499.688 495.621 491.597 489.014 487.486 474.479 466.866 447.778 437.184 282.293 241.274 186.721
499.952 495.673 491.206 489.113 487.521 474.367 466.719 447.783 437.237 282.300 241.411 186.719
500.230 495.703 490.914 489.192 487.519 474.293 466.626 447.781 437.279 282.305 241.440 186.719
500.537 495.732 490.665 489.248 487.512 474.240 466.559 447.775 437.308 282.307 241.399 186.717
500.859 495.756 490.433 489.292 487.506 474.197 466.517 447.756 437.323 282.304 241.341 186.716
501.148 495.776 490.229 489.326 487.498 474.163 466.489 447.740 437.335 282.299 241.282 186.715
501.385 495.796 490.026 489.357 487.492 474.134 466.475 447.724 437.350 282.292 241.255 186.714
501.544 495.816 489.840 489.382 487.488 474.114 466.471 447.714 437.364 282.286 241.267 186.714
501.632 495.835 489.698 489.407 487.487 474.103 466.473 447.708 437.377 282.282 241.286 186.714
501.690 495.850 489.567 489.431 487.484 474.096 466.478 447.704 437.382 282.279 241.324 186.715
501.725 495.864 489.453 489.448 487.483 474.093 466.487 447.702 437.389 282.278 241.363 186.715
501.748 495.878 489.476 489.331 487.482 474.092 466.498 447.703 437.396 282.278 241.403 186.716
501.761 495.889 489.499 489.228 487.480 474.094 466.509 447.705 437.404 282.278 241.438 186.716
501.769 495.898 489.523 489.134 487.479 474.094 466.520 447.705 437.409 282.279 241.475 186.717
501.774 495.905 489.547 489.043 487.478 474.095 466.530 447.705 437.414 282.280 241.510 186.717
501.778 495.911 489.569 488.962 487.476 474.096 466.539 447.706 437.419 282.281 241.545 186.717
501.781 495.917 489.586 488.887 487.476 474.097 466.547 447.706 437.424 282.282 241.579 186.718
501.783 495.921 489.608 488.815 487.475 474.099 466.555 447.706 437.428 282.283 241.610 186.718
501.784 495.924 489.626 488.752 487.474 474.099 466.563 447.705 437.432 282.284 241.639 186.718
501.785 495.928 489.647 488.688 487.473 474.100 466.569 447.706 437.435 282.285 241.668 186.718
501.786 495.931 489.661 488.633 487.472 474.101 466.576 447.705 437.438 282.286 241.694 186.719
501.786 495.933 489.679 488.576 487.471 474.101 466.581 447.704 437.442 282.287 241.720 186.719
501.787 495.935 489.698 488.524 487.470 474.102 466.586 447.704 437.444 282.288 241.743 186.719
501.787 495.937 489.716 488.475 487.470 474.102 466.590 447.705 437.446 282.289 241.765 186.719
501.787 495.939 489.729 488.432 487.469 474.103 466.594 447.705 437.448 282.289 241.785 186.719
501.787 495.940 489.745 488.392 487.469 474.103 466.597 447.704 437.450 282.290 241.803 186.719
501.788 495.941 489.761 488.355 487.468 474.103 466.599 447.704 437.451 282.291 241.819 186.719
501.788 495.942 489.774 488.322 487.468 474.103 466.602 447.704 437.452 282.291 241.833 186.720
501.788 495.944 489.788 488.288 487.467 474.103 466.604 447.704 437.454 282.292 241.848 186.720
501.789 495.944 489.802 488.259 487.467 474.103 466.606 447.704 437.454 282.292 241.860 186.720
501.789 495.945 489.815 488.235 487.467 474.102 466.607 447.705 437.454 282.293 241.869 186.720
501.789 495.945 489.828 488.211 487.466 474.102 466.608 447.705 437.454 282.293 241.878 186.720
501.789 495.946 489.840 488.188 487.466 474.102 466.609 447.705 437.455 282.294 241.887 186.720
93.399 94.463 102.709 99.459 83.651 100.035 83.443 92.286 92.710 65.670 54.287 37.889
197.040 202.823 203.700 178.728 182.859 187.132 185.454 186.470 173.286 124.812 100.392 77.303
285.324 302.928 319.823 257.578 275.113 289.205 290.907 272.326 265.024 183.056 148.141 110.575
519.596 502.297 497.981 481.506 477.282 475.201 459.675 439.487 428.877 300.343 232.402 185.353
520.396 500.480 497.671 483.238 481.232 479.274 469.717 443.463 429.624 296.960 203.697 194.249
520.400 500.634 497.051 483.207 482.743 480.504 473.606 445.042 429.638 293.112 200.663 193.402
520.409 501.157 496.612 483.415 482.942 480.680 475.182 446.124 429.898 289.723 205.825 188.034
520.456 501.487 496.401 483.483 482.782 480.525 475.793 446.657 429.983 288.274 208.781 185.378
520.505 501.756 496.316 483.381 482.680 480.383 476.125 447.047 430.079 287.500 210.220 184.009
520.574 501.918 496.280 483.238 482.635 480.278 476.307 447.290 430.139 287.159 210.867 183.316
520.651 502.034 496.264 483.100 482.613 480.219 476.416 447.426 430.190 287.004 211.183 182.899
520.742 502.114 496.255 482.983 482.607 480.190 476.469 447.495 430.226 286.962 211.318 182.640
520.834 502.168 496.251 482.883 482.610 480.176 476.500 447.527 430.250 286.954 211.382 182.464
520.914 502.202 496.251 482.787 482.620 480.167 476.526 447.543 430.268 286.957 211.414 182.352
521.008 502.230 496.251 482.690 482.631 480.164 476.538 447.549 430.286 286.963 211.431 182.258
521.104 502.246 496.251 482.651 482.575 480.161 476.546 447.543 430.304 286.971 211.439 182.208
521.198 502.257 496.253 482.669 482.445 480.168 476.558 447.538 430.325 286.980 211.445 182.164
521.282 502.264 496.257 482.687 482.240 480.180 476.582 447.542 430.352 286.988 211.449 182.178
521.369 502.259 496.263 482.710 481.840 480.214 476.637 447.562 430.397 287.000 211.454 182.294
521.452 502.240 496.278 482.737 480.729 480.299 476.761 447.642 430.482 287.018 211.461 182.900
521.553 502.203 496.304 482.792 480.484 479.051 477.038 447.814 430.680 287.058 211.494 183.529
521.672 502.192 496.348 482.855 480.718 478.137 477.415 447.986 430.957 287.110 211.544 183.067
521.756 502.206 496.355 482.889 480.835 477.671 477.657 448.054 431.105 287.146 211.572 182.753
521.825 502.223 496.363 482.909 480.898 477.798 477.409 448.075 431.194 287.172 211.587 182.545
521.882 502.241 496.365 482.922 480.925 477.893 477.241 448.079 431.241 287.187 211.597 182.428
521.929 502.254 496.367 482.933 480.937 477.950 477.136 448.077 431.271 287.198 211.603 182.346
521.972 502.266 496.368 482.940 480.939 477.987 477.062 448.070 431.290 287.205 211.607 182.292
522.008 502.274 496.368 482.946 480.937 478.008 477.014 448.063 431.301 287.211 211.608 182.261
522.041 502.280 496.369 482.952 480.931 478.021 476.980 448.054 431.309 287.216 211.609 182.239
522.070 502.286 496.370 482.956 480.927 478.027 476.957 448.048 431.313 287.219 211.609 182.219
522.096 502.290 496.370 482.958 480.923 478.031 476.940 448.042 431.315 287.222 211.609 182.205
522.121 502.293 496.371 482.960 480.917 478.032 476.926 448.036 431.317 287.224 211.609 182.195
522.142 502.295 496.371 482.962 480.911 478.032 476.915 448.030 431.318 287.226 211.608 182.189
522.164 502.297 496.372 482.964 480.907 478.032 476.906 448.026 431.319 287.228 211.608 182.179
522.185 502.298 496.372 482.965 480.902 478.032 476.898 448.021 431.320 287.230 211.608 182.171
522.203 502.298 496.372 482.967 480.897 478.031 476.891 448.016 431.320 287.232 211.607 182.167
522.221 502.299 496.373 482.968 480.893 478.030 476.886 448.012 431.320 287.233 211.607 182.158
522.238 502.299 496.373 482.969 480.890 478.029 476.880 448.008 431.321 287.235 211.606 182.154
522.253 502.299 496.373 482.970 480.887 478.028 476.875 448.005 431.321 287.235 211.606 182.147
522.269 502.299 496.374 482.971 480.883 478.027 476.870 448.001 431.321 287.236 211.605 182.143
522.286 502.299 496.374 482.971 480.879 478.026 476.865 447.997 431.322 287.237 211.605 182.139
522.302 502.299 496.374 482.972 480.875 478.025 476.860 447.994 431.322 287.239 211.604 182.133
522.316 502.299 496.374 482.973 480.873 478.024 476.856 447.991 431.322 287.240 211.604 182.128
522.332 502.299 496.375 482.974 480.868 478.023 476.851 447.987 431.322 287.241 211.603 182.124
522.346 502.298 496.375 482.974 480.866 478.022 476.848 447.984 431.323 287.242 211.603 182.119
522.362 502.298 496.375 482.975 480.862 478.022 476.843 447.981 431.323 287.243 211.603 182.114
522.376 502.298 496.376 482.976 480.860 478.021 476.839 447.978 431.323 287.244 211.602 182.107
522.393 502.297 496.376 482.976 480.856 478.020 476.835 447.975 431.323 287.245 211.602 182.100
522.409 502.297 496.376 482.977 480.852 478.020 476.831 447.972 431.324 287.246 211.601 182.096
522.427 502.296 496.377 482.978 480.848 478.019 476.826 447.968 431.324 287.248 211.601 182.090
522.442 502.296 496.377 482.979 480.846 478.018 476.822 447.965 431.324 287.249 211.600 182.083
522.459 502.296 496.377 482.979 480.842 478.017 476.818 447.962 431.324 287.250 211.600 182.076
522.478 502.295 496.378 482.980 480.838 478.016 476.812 447.958 431.324 287.251 211.599 182.070
522.498 502.294 496.378 482.981 480.834 478.016 476.808 447.955 431.324 287.253 211.599 182.060
522.519 502.294 496.378 482.981 480.830 478.015 476.803 447.952 431.325 287.254 211.599 182.050
522.542 502.293 496.379 482.982 480.826 478.014 476.798 447.948 431.325 287.255 211.598 182.040
522.566 502.292 496.379 482.983 480.819 478.013 476.791 447.942 431.325 287.257 211.597 182.033
522.591 502.291 496.380 482.984 480.813 478.013 476.785 447.937 431.326 287.259 211.597 182.024
522.618 502.290 496.380 482.985 480.809 478.012 476.778 447.933 431.326 287.261 211.596 182.012
522.646 502.290 496.381 482.986 480.805 478.011 476.772 447.929 431.326 287.262 211.596 181.997
522.678 502.289 496.381 482.987 480.797 478.010 476.764 447.922 431.326 287.265 211.595 181.985
522.715 502.287 496.382 482.988 480.790 478.010 476.757 447.918 431.327 287.267 211.594 181.964
522.756 502.286 496.383 482.990 480.780 478.009 476.747 447.910 431.327 287.270 211.593 181.949
522.801 502.284 496.384 482.991 480.772 478.009 476.737 447.903 431.327 287.272 211.592 181.928
522.853 502.283 496.384 482.993 480.761 478.008 476.726 447.895 431.328 287.277 211.591 181.900
522.905 502.281 496.386 482.995 480.751 478.007 476.715 447.887 431.328 287.281 211.590 181.875
522.970 502.279 496.386 482.996 480.738 478.007 476.701 447.878 431.330 287.284 211.588 181.841
523.045 502.276 496.388 482.998 480.723 478.008 476.685 447.868 431.330 287.288 211.587 181.803
523.122 502.273 496.390 483.000 480.711 478.007 476.670 447.857 431.331 287.293 211.586 181.761
523.212 502.269 496.392 483.003 480.691 478.007 476.649 447.843 431.331 287.298 211.584 181.719
523.319 502.265 496.395 483.006 480.666 478.009 476.625 447.828 431.332 287.304 211.582 181.669
523.421 502.262 496.397 483.010 480.643 478.008 476.600 447.810 431.332 287.314 211.581 181.623
523.526 502.257 496.399 483.013 480.623 478.010 476.576 447.797 431.335 287.322 211.578 181.563
523.637 502.251 496.402 483.017 480.595 478.015 476.548 447.780 431.339 287.331 211.575 181.510
523.726 502.247 496.405 483.022 480.570 478.016 476.520 447.762 431.341 287.343 211.574 181.474
523.808 502.243 496.409 483.026 480.546 478.021 476.492 447.748 431.344 287.351 211.571 181.441
523.870 502.241 496.411 483.030 480.528 478.023 476.468 447.734 431.346 287.360 211.569 181.420
523.920 502.239 496.414 483.033 480.514 478.026 476.447 447.725 431.347 287.365 211.567 181.402
523.955 502.238 496.416 483.036 480.504 478.027 476.430 447.717 431.348 287.369 211.566 181.395
523.983 502.238 496.418 483.038 480.493 478.030 476.414 447.710 431.349 287.374 211.565 181.389
524.000 502.238 496.419 483.040 480.487 478.031 476.402 447.705 431.350 287.376 211.565 181.387
524.014 502.239 496.420 483.042 480.481 478.033 476.393 447.700 431.350 287.379 211.564 181.386
524.023 502.239 496.421 483.043 480.478 478.034 476.386 447.698 431.351 287.380 211.564 181.384
98.995 103.672 113.396 96.090 92.549 83.109 96.829 76.698 95.681 51.693 50.790 40.498
192.625 215.349 209.154 199.708 180.479 170.962 190.348 141.996 189.458 116.906 95.430 97.586
293.047 319.593 301.603 299.965 268.015 253.134 280.289 236.275 280.151 179.072 142.791 146.064
542.127 509.308 497.808 476.821 462.563 458.883 452.695 422.801 407.770 293.760 246.814 228.651
539.971 509.408 498.432 478.885 465.109 459.104 454.735 427.493 409.650 294.108 233.705 229.400
539.354 509.584 498.672 479.461 466.496 458.631 455.563 427.124 410.503 294.698 234.180 225.733
539.281 509.647 498.799 479.880 467.564 458.377 456.126 425.067 411.272 295.284 234.143 224.558
539.307 509.653 498.820 480.134 468.068 458.282 456.465 424.430 411.844 295.681 234.153 223.162
539.336 509.670 498.786 480.286 468.358 458.200 456.653 424.174 412.271 296.012 234.164 222.090
539.361 509.686 498.652 480.363 468.498 458.164 456.766 424.064 412.555 296.235 234.230 221.425
539.378 509.696 498.444 480.401 468.582 458.141 456.841 424.009 412.751 296.436 234.288 221.033
539.392 509.702 498.170 480.423 468.628 458.128 456.892 423.984 412.885 296.593 234.345 220.860
539.404 509.711 497.735 480.427 468.665 458.125 456.932 423.976 412.973 296.729 234.396 220.927
539.415 509.722 497.065 480.423 468.704 458.160 456.990 423.992 413.053 296.829 234.462 221.185
539.447 509.735 496.423 480.420 468.734 458.189 457.043 424.002 413.106 296.914 234.517 221.470
539.480 509.748 495.888 480.424 468.760 458.233 457.103 424.023 413.148 296.982 234.581 221.629
539.514 509.762 495.601 480.417 468.783 458.260 457.146 424.034 413.179 297.045 234.644 221.615
539.543 509.776 495.436 480.412 468.797 458.277 457.177 424.040 413.200 297.103 234.720 221.518
539.564 509.790 495.351 480.409 468.805 458.286 457.196 424.046 413.215 297.159 234.811 221.369
539.576 509.802 495.308 480.406 468.804 458.287 457.206 424.049 413.227 297.204 234.913 221.218
539.582 509.817 495.286 480.402 468.798 458.284 457.213 424.054 413.236 297.247 235.049 221.031
539.585 509.834 495.275 480.398 468.789 458.280 457.219 424.059 413.245 297.299 235.203 220.814
539.584 509.858 495.268 480.394 468.773 458.272 457.222 424.072 413.257 297.354 235.389 220.556
539.582 509.887 495.264 480.390 468.756 458.266 457.225 424.082 413.267 297.409 235.554 220.318
539.576 509.925 495.262 480.384 468.731 458.257 457.226 424.091 413.280 297.466 235.713 220.088
539.572 509.968 495.259 480.380 468.700 458.247 457.227 424.109 413.299 297.530 235.822 219.887
539.566 510.006 495.258 480.376 468.672 458.238 457.225 424.120 413.316 297.583 235.872 219.767
539.563 510.043 495.258 480.373 468.640 458.230 457.221 424.132 413.334 297.629 235.885 219.693
539.558 510.073 495.257 480.370 468.613 458.223 457.217 424.140 413.351 297.660 235.884 219.653
539.556 510.096 495.257 480.369 468.589 458.219 457.213 424.146 413.365 297.682 235.881 219.628
539.554 510.115 495.258 480.368 468.570 458.216 457.210 424.150 413.375 297.697 235.876 219.613
539.552 510.129 495.258 480.366 468.554 458.214 457.207 424.153 413.384 297.708 235.873 219.602
539.551 510.140 495.258 480.366 468.541 458.211 457.204 424.156 413.392 297.716 235.871 219.594
539.550 510.148 495.258 480.365 468.531 458.210 457.203 424.158 413.398 297.722 235.870 219.588
99.239 102.164 88.184 100.704 99.017 90.881 94.818 93.438 91.021 57.386 40.311 42.838
207.659 198.563 192.524 205.129 189.945 180.431 189.859 167.556 169.956 114.690 87.599 96.088
324.519 295.978 272.938 303.801 288.908 281.930 283.258 236.835 257.713 178.850 129.830 145.441
532.527 509.535 490.819 480.901 474.408 470.985 452.823 438.235 397.305 297.951 233.735 220.774
533.698 505.678 495.895 480.719 476.521 476.329 457.210 441.784 406.123 304.504 219.293 202.246
534.000 503.536 496.287 480.228 478.234 476.459 459.055 443.406 412.170 307.400 217.702 191.524
533.779 502.790 495.231 479.554 479.540 475.522 460.140 443.951 416.263 309.107 216.342 187.782
533.382 502.580 494.256 480.388 478.957 474.229 460.676 444.129 418.767 310.248 215.462 186.928
533.026 502.651 493.338 480.879 478.551 472.880 461.026 444.195 420.776 311.232 214.826 186.621
532.777 502.764 492.601 481.258 478.255 471.944 461.162 444.212 422.688 311.870 214.390 186.079
532.553 502.883 491.903 481.660 478.079 471.419 461.200 444.179 424.645 312.209 214.080 185.189
532.373 502.940 491.318 481.933 477.987 471.224 461.171 444.107 426.206 312.374 213.889 184.479
532.245 502.974 490.815 482.161 477.944 471.173 461.126 444.032 427.443 312.472 213.772 183.844
532.143 502.985 490.476 482.321 477.924 471.184 461.081 443.969 428.227 312.539 213.693 183.458
532.038 502.983 490.167 482.431 477.911 471.242 461.030 443.920 428.815 312.585 213.640 183.237
531.964 502.979 489.956 482.507 477.897 471.290 460.987 443.885 429.171 312.617 213.605 183.141
531.892 502.982 489.771 482.564 477.893 471.338 460.958 443.859 429.412 312.640 213.584 183.107
531.837 502.984 489.630 482.606 477.887 471.376 460.938 443.843 429.580 312.655 213.570 183.095
531.790 502.986 489.514 482.638 477.881 471.405 460.922 443.834 429.696 312.666 213.561 183.106
531.760 502.988 489.434 482.658 477.875 471.425 460.913 443.831 429.770 312.673 213.556 183.118
531.732 502.990 489.364 482.675 477.869 471.441 460.906 443.831 429.825 312.677 213.554 183.136
531.710 502.992 489.303 482.687 477.864 471.453 460.903 443.833 429.864 312.680 213.552 183.158
531.692 502.994 489.251 482.697 477.860 471.462 460.900 443.836 429.892 312.682 213.552 183.181
531.679 502.996 489.213 482.704 477.856 471.468 460.900 443.838 429.911 312.683 213.552 183.202
531.668 502.997 489.177 482.710 477.852 471.473 460.899 443.841 429.926 312.684 213.553 183.222
531.659 502.998 489.139 482.715 477.848 471.478 460.899 443.845 429.939 312.685 213.553 183.242
531.651 502.999 489.110 482.718 477.845 471.482 460.900 443.848 429.949 312.686 213.554 183.259
531.645 502.999 489.079 482.722 477.842 471.486 460.900 443.852 429.958 312.686 213.555 183.277
531.640 503.000 489.051 482.724 477.839 471.489 460.901 443.856 429.965 312.687 213.556 183.293
531.636 503.000 489.024 482.726 477.836 471.492 460.903 443.859 429.972 312.688 213.556 183.307
531.632 503.001 489.002 482.728 477.834 471.495 460.904 443.861 429.977 312.688 213.557 183.321
531.629 503.001 488.980 482.730 477.832 471.497 460.905 443.864 429.982 312.689 213.558 183.333
531.627 503.001 488.961 482.731 477.830 471.499 460.906 443.866 429.987 312.689 213.558 183.345
123.813 101.540 80.101 104.319 102.661 83.002 83.926 85.786 96.924 54.847 42.957 40.124
235.221 207.771 164.000 193.407 191.960 171.050 182.483 171.684 189.090 121.200 81.506 90.628
338.295 292.435 253.331 301.281 286.619 270.069 272.715 263.976 276.819 183.145 120.218 141.097
570.999 497.855 490.739 486.403 477.326 444.588 441.224 430.237 426.547 309.322 230.752 194.009
567.494 494.735 493.397 487.113 480.695 450.174 444.389 436.665 421.377 311.739 216.105 196.119
566.034 494.125 493.470 487.130 481.910 452.768 444.693 438.104 419.270 312.884 213.159 196.454
565.215 494.395 492.609 487.142 482.758 454.641 444.647 438.742 417.759 313.341 212.137 196.614
564.816 494.516 492.054 487.127 483.371 455.987 444.532 439.021 416.568 313.471 211.475 197.061
564.556 494.573 491.736 487.094 483.763 456.924 444.387 439.184 415.762 313.440 211.047 197.534
564.351 494.602 491.558 487.055 484.012 457.625 444.254 439.273 415.114 313.377 210.779 197.999
564.198 494.625 491.424 487.009 484.146 458.171 444.136 439.318 414.679 313.297 210.578 198.419
564.068 494.637 491.343 486.970 484.196 458.565 444.065 439.345 414.407 313.217 210.415 198.773
563.946 494.646 491.281 486.935 484.211 458.876 444.014 439.354 414.228 313.159 210.271 199.078
563.817 494.651 491.237 486.906 484.217 459.106 443.993 439.349 414.102 313.126 210.167 199.330
563.707 494.654 491.207 486.881 484.216 459.291 443.983 439.347 414.012 313.079 210.100 199.522
563.605 494.657 491.186 486.866 484.211 459.431 443.992 439.348 413.931 313.046 210.070 199.658
563.513 494.659 491.171 486.853 484.208 459.550 444.004 439.352 413.877 313.011 210.049 199.753
563.430 494.661 491.158 486.846 484.204 459.653 444.025 439.359 413.827 312.982 210.034 199.821
563.356 494.663 491.149 486.841 484.202 459.740 444.049 439.367 413.786 312.958 210.021 199.868
563.294 494.665 491.142 486.840 484.199 459.810 444.075 439.376 413.745 312.942 210.013 199.900
563.237 494.666 491.136 486.840 484.198 459.874 444.102 439.387 413.709 312.928 209.999 199.924
563.194 494.668 491.132 486.839 484.198 459.926 444.129 439.398 413.675 312.917 209.982 199.942
563.154 494.669 491.129 486.840 484.198 459.972 444.151 439.407 413.649 312.908 209.969 199.955
563.123 494.670 491.127 486.840 484.198 460.010 444.175 439.417 413.618 312.902 209.955 199.965
563.092 494.671 491.125 486.842 484.199 460.047 444.200 439.427 413.583 312.898 209.944 199.973
563.070 494.671 491.123 486.843 484.200 460.076 444.224 439.435 413.550 312.895 209.934 199.979
563.048 494.673 491.121 486.844 484.201 460.104 444.249 439.446 413.515 312.892 209.922 199.985
563.031 494.673 491.120 486.846 484.203 460.129 444.274 439.455 413.474 312.890 209.914 199.990
563.015 494.674 491.119 486.848 484.204 460.154 444.300 439.464 413.429 312.889 209.911 199.994
563.004 494.675 491.118 486.850 484.206 460.174 444.325 439.475 413.383 312.889 209.904 199.998
562.995 494.677 491.118 486.851 484.208 460.194 444.355 439.489 413.326 312.890 209.896 200.002
562.988 494.677 491.117 486.854 484.210 460.215 444.385 439.502 413.258 312.891 209.898 200.005
562.984 494.678 491.118 486.856 484.212 460.237 444.424 439.519 413.173 312.893 209.897 200.009
562.983 494.680 491.118 486.859 484.217 460.259 444.470 439.538 413.075 312.896 209.892 200.014
562.983 494.680 491.118 486.861 484.220 460.280 444.513 439.554 412.984 312.898 209.891 200.018
562.983 494.682 491.118 486.864 484.225 460.300 444.559 439.571 412.880 312.901 209.895 200.023
562.984 494.685 491.118 486.866 484.230 460.320 444.610 439.595 412.769 312.904 209.891 200.028
562.987 494.687 491.120 486.868 484.235 460.342 444.667 439.621 412.645 312.907 209.886 200.033
562.994 494.688 491.121 486.872 484.240 460.367 444.733 439.649 412.511 312.913 209.871 200.040
562.996 494.692 491.122 486.874 484.247 460.388 444.797 439.676 412.401 312.916 209.842 200.046
563.001 494.694 491.124 486.875 484.251 460.409 444.857 439.701 412.303 312.920 209.813 200.052
563.004 494.696 491.125 486.876 484.256 460.424 444.913 439.722 412.229 312.923 209.777 200.056
563.006 494.697 491.126 486.876 484.260 460.435 444.959 439.738 412.175 312.924 209.742 200.060
563.008 494.698 491.127 486.875 484.263 460.445 445.005 439.753 412.131 312.926 209.706 200.063
563.008 494.700 491.128 486.875 484.266 460.450 445.043 439.766 412.101 312.927 209.672 200.066
563.008 494.700 491.128 486.874 484.267 460.455 445.074 439.775 412.077 312.927 209.646 200.069
563.007 494.701 491.129 486.872 484.268 460.457 445.102 439.784 412.061 312.927 209.620 200.070
118.452 94.475 117.794 95.453 108.602 107.794 71.172 85.118 68.484 64.057 28.873 39.726
228.221 182.555 223.532 188.319 194.613 209.544 135.276 189.953 171.146 128.401 66.227 82.212
320.458 289.830 310.466 283.215 314.636 305.756 221.701 273.172 256.595 203.473 97.334 123.365
533.735 532.092 522.825 493.909 485.985 471.592 441.683 408.962 404.841 316.698 203.456 184.222
530.871 527.791 525.048 497.435 488.806 470.851 443.986 413.728 408.557 313.681 208.325 170.921
529.278 526.232 524.807 498.755 490.060 470.038 445.546 417.835 408.538 312.041 209.983 166.887
527.664 526.791 523.570 499.783 490.482 469.689 446.737 420.265 408.570 311.114 210.781 164.555
527.044 526.929 523.123 500.714 490.597 469.503 447.327 421.395 408.477 310.475 211.261 163.155
527.187 526.608 522.880 501.548 490.643 469.380 447.643 421.929 408.400 310.018 211.581 162.182
527.291 526.467 522.743 502.069 490.655 469.327 447.828 422.171 408.352 309.664 211.818 161.614
527.361 526.382 522.645 502.362 490.669 469.311 447.955 422.280 408.329 309.371 212.033 161.301
527.405 526.333 522.580 502.492 490.675 469.318 448.027 422.323 408.323 309.158 212.205 161.161
527.433 526.305 522.533 502.553 490.685 469.330 448.083 422.340 408.319 308.991 212.347 161.081
527.451 526.289 522.506 502.582 490.693 469.341 448.125 422.344 408.312 308.874 212.452 161.032
527.464 526.278 522.486 502.599 490.700 469.355 448.150 422.344 408.308 308.800 212.520 160.998
527.472 526.271 522.474 502.608 490.704 469.367 448.168 422.343 408.304 308.752 212.565 160.973
527.477 526.266 522.466 502.614 490.709 469.378 448.179 422.341 408.302 308.720 212.595 160.952
527.480 526.263 522.461 502.618 490.713 469.387 448.189 422.339 408.300 308.699 212.615 160.936
527.482 526.261 522.458 502.621 490.716 469.395 448.195 422.337 408.298 308.686 212.627 160.923
120.288 97.196 105.861 96.975 74.624 96.878 96.748 102.332 69.665 51.078 43.321 45.034
213.221 190.591 199.592 179.605 160.511 207.036 189.796 191.244 151.584 120.369 93.674 102.777
301.432 296.904 306.377 278.996 260.173 293.782 286.990 285.013 228.184 192.526 125.013 144.610
526.058 513.165 489.878 478.864 468.738 456.831 451.397 450.707 397.334 319.899 241.958 205.172
522.612 511.774 492.185 482.121 468.585 458.416 455.500 454.631 400.578 325.744 228.316 199.539
520.173 510.868 492.706 483.233 468.381 461.546 457.628 453.349 401.863 328.023 225.538 196.692
518.706 509.948 492.905 483.784 468.321 463.466 458.706 452.917 402.617 329.317 224.221 195.092
517.898 509.018 492.959 484.059 468.301 464.817 459.416 452.806 403.093 329.921 223.420 194.291
517.445 508.061 492.976 484.213 468.315 465.903 459.829 452.752 403.380 330.390 222.987 193.748
517.187 507.326 492.982 484.313 468.337 466.659 460.185 452.715 403.618 330.674 222.569 193.438
517.108 506.720 492.981 484.374 468.353 467.200 460.413 452.699 403.784 330.912 222.266 193.191
517.120 506.353 492.979 484.399 468.357 467.505 460.542 452.693 403.880 331.100 222.085 192.988
517.157 506.115 492.977 484.411 468.359 467.693 460.625 452.691 403.945 331.263 221.954 192.810
517.191 505.971 492.975 484.417 468.359 467.800 460.678 452.687 403.996 331.391 221.859 192.677
517.223 505.878 492.973 484.416 468.357 467.867 460.711 452.687 404.026 331.517 221.815 192.529
517.246 505.820 492.972 484.413 468.356 467.908 460.733 452.685 404.048 331.609 221.783 192.429
517.263 505.783 492.971 484.410 468.355 467.933 460.747 452.685 404.061 331.688 221.771 192.333
517.276 505.758 492.970 484.408 468.354 467.949 460.757 452.685 404.070 331.743 221.767 192.263
517.285 505.742 492.970 484.406 468.354 467.959 460.764 452.685 404.076 331.777 221.765 192.217
517.291 505.732 492.969 484.405 468.354 467.966 460.768 452.685 404.079 331.794 221.765 192.192
517.295 505.726 492.969 484.404 468.354 467.970 460.771 452.685 404.081 331.803 221.767 192.174
517.298 505.722 492.969 484.403 468.354 467.973 460.774 452.686 404.082 331.807 221.771 192.161
113.618 112.886 81.208 97.689 99.485 87.519 77.593 93.651 86.673 61.907 46.786 40.985
228.011 210.067 170.713 184.396 205.730 179.558 171.164 195.042 171.338 118.772 91.407 73.802
325.825 309.496 270.957 287.904 289.695 271.380 261.629 289.678 256.770 182.637 132.944 121.086
541.935 535.171 493.226 485.392 474.914 455.970 453.726 411.076 409.271 302.677 235.474 201.167
542.461 535.063 492.966 485.025 475.894 461.192 453.742 411.540 411.293 307.523 221.411 201.891
542.162 535.465 492.637 485.236 476.236 463.273 453.346 411.328 410.332 310.020 217.137 202.829
541.456 536.272 492.463 485.499 476.469 464.361 452.903 410.570 409.092 311.486 215.623 203.806
540.734 537.118 492.398 485.804 476.589 465.114 452.689 409.858 407.955 312.246 214.809 204.685
540.211 537.880 492.374 486.057 476.680 465.631 452.514 408.951 406.908 312.735 214.822 205.237
539.811 538.587 492.382 486.280 476.724 465.988 452.418 408.275 406.091 312.985 214.838 205.620
539.501 539.204 492.399 486.481 476.752 466.226 452.368 407.674 405.477 313.035 214.967 205.916
539.719 539.201 492.421 486.647 476.767 466.359 452.292 407.250 405.097 313.014 215.108 206.126
540.116 538.939 492.438 486.796 476.777 466.440 452.236 406.968 404.839 312.968 215.198 206.285
540.407 538.728 492.450 486.916 476.783 466.499 452.192 406.786 404.671 312.926 215.240 206.402
540.661 538.517 492.463 487.032 476.786 466.532 452.137 406.657 404.558 312.881 215.286 206.492
540.839 538.346 492.472 487.128 476.787 466.557 452.091 406.577 404.487 312.844 215.317 206.553
540.971 538.210 492.479 487.211 476.788 466.571 452.053 406.524 404.441 312.813 215.336 206.602
541.075 538.093 492.484 487.280 476.789 466.582 452.020 406.488 404.411 312.787 215.351 206.638
541.155 537.993 492.488 487.342 476.789 466.590 451.993 406.463 404.391 312.767 215.363 206.666
541.212 537.918 492.490 487.389 476.789 466.595 451.974 406.448 404.379 312.753 215.372 206.683
541.255 537.857 492.491 487.427 476.789 466.598 451.957 406.438 404.370 312.742 215.379 206.697
541.288 537.806 492.492 487.461 476.789 466.600 451.945 406.430 404.364 312.734 215.383 206.707
541.312 537.764 492.493 487.489 476.789 466.602 451.936 406.425 404.360 312.727 215.387 206.715
541.329 537.734 492.494 487.510 476.789 466.603 451.929 406.421 404.358 312.723 215.389 206.720
541.344 537.708 492.494 487.528 476.789 466.604 451.924 406.418 404.356 312.720 215.391 206.724
541.355 537.685 492.494 487.545 476.788 466.605 451.920 406.416 404.354 312.717 215.393 206.727
541.364 537.668 492.494 487.557 476.788 466.605 451.917 406.415 404.353 312.715 215.394 206.729
93.253 109.860 90.927 98.393 104.061 85.824 86.668 99.628 82.249 62.409 36.244 50.482
193.124 202.487 163.816 205.622 191.678 173.606 202.959 179.923 193.443 124.465 73.951 94.926
294.122 307.843 259.343 305.421 304.356 277.489 282.636 268.372 271.689 182.010 118.279 128.440
513.100 499.830 498.277 485.985 473.421 449.192 445.490 444.621 441.517 309.635 223.256 215.675
515.951 497.465 495.012 484.557 472.764 448.444 447.396 446.660 443.701 306.798 230.277 210.974
517.209 496.014 493.065 483.901 471.904 450.550 448.519 445.792 444.628 305.227 232.976 210.216
517.857 494.671 492.073 483.795 471.661 451.812 449.442 445.329 445.038 304.504 234.064 209.754
518.100 493.343 491.643 483.835 471.860 452.686 450.328 445.210 444.969 304.225 234.467 209.334
518.202 492.778 491.472 483.946 472.089 453.152 451.174 445.310 444.697 304.089 234.652 208.440
518.269 492.482 491.403 484.021 472.403 453.539 451.891 445.347 444.522 304.029 234.754 207.341
518.327 492.224 491.395 484.093 472.692 453.820 452.481 445.371 444.442 303.993 234.832 206.328
518.360 492.012 491.399 484.135 472.887 454.052 452.900 445.382 444.419 303.976 234.901 205.577
518.403 491.813 491.413 484.177 473.041 454.303 453.159 445.384 444.414 303.961 234.961 204.971
518.446 491.633 491.436 484.207 473.150 454.542 453.337 445.378 444.410 303.953 235.016 204.490
518.483 491.463 491.453 484.235 473.227 454.795 453.451 445.374 444.415 303.946 235.067 204.092
518.511 491.467 491.313 484.252 473.275 455.028 453.540 445.366 444.420 303.942 235.109 203.777
518.545 491.479 491.150 484.273 473.310 455.234 453.589 445.359 444.427 303.938 235.144 203.552
518.575 491.493 490.994 484.289 473.340 455.426 453.625 445.353 444.436 303.935 235.171 203.364
518.602 491.504 490.847 484.303 473.363 455.602 453.652 445.347 444.444 303.932 235.191 203.215
518.623 491.512 490.718 484.312 473.384 455.733 453.675 445.344 444.454 303.931 235.205 203.109
518.639 491.518 490.607 484.321 473.402 455.848 453.692 445.340 444.461 303.930 235.217 203.024
518.658 491.524 490.507 484.329 473.416 455.950 453.703 445.337 444.467 303.929 235.226 202.954
518.670 491.527 490.437 484.336 473.427 456.034 453.710 445.334 444.472 303.929 235.232 202.892
518.682 491.531 490.381 484.341 473.437 456.096 453.713 445.331 444.477 303.928 235.237 202.847
518.691 491.535 490.338 484.345 473.445 456.146 453.717 445.330 444.481 303.928 235.240 202.805
518.697 491.537 490.308 484.348 473.451 456.189 453.720 445.328 444.484 303.927 235.243 202.767
518.703 491.538 490.285 484.350 473.457 456.224 453.723 445.327 444.487 303.927 235.245 202.735
518.707 491.539 490.268 484.352 473.461 456.251 453.725 445.327 444.488 303.927 235.246 202.709
518.710 491.539 490.256 484.353 473.464 456.270 453.728 445.326 444.490 303.927 235.247 202.690
