0
0
0
0
1 3 2 4 0
7 18 14 13 10 5 9 6 17 0 1 2 3 4
7 5 14 10 13 9 17 6 89 0 90 1 2 3 4 18
7 5 10 13 14 9 17 6 0 89 90 2 4
7 5 10 13 14 9 17 6 0 89 90 2
7 5 10 13 14 9 17 6 0 89 90 2
7 5 10 13 14 9 17 6 0 89 90 2
7 5 10 13 9 14 17 6 0 89 90 2
7 5 10 13 9 14 17 6 0 89 90 2
7 5 10 13 14 9 17 6 0 89 90 2
7 5 10 13 14 9 17 6 0 89 90 2
7 5 10 13 14 9 17 6 0 89 90 2
7 5 10 13 14 9 17 6 0 89 90 2
7 5 10 13 14 9 17 6 0 89 90 2
7 5 10 13 9 14 17 6 0 89 90 2
7 5 10 13 9 14 17 6 0 89 90 2
7 5 10 13 9 14 17 6 0 89 90 2
7 5 10 13 9 14 17 6 0 89 90 2
7 5 10 13 9 14 17 6 0 89 90 2
7 5 10 13 9 14 17 6 0 89 90 2
7 5 10 13 9 14 17 6 0 89 90 2
7 5 10 13 9 14 17 6 0 89 90 2
7 5 10 13 9 14 17 6 0 89 90 2
7 5 10 13 9 14 17 6 0 89 90 2
7 5 10 13 9 14 17 6 0 89 90 2
7 5 10 13 9 14 17 6 0 89 90 2
7 5 10 13 9 14 17 6 0 89 90 2
7 5 10 13 9 14 17 6 0 89 90 2
7 5 10 13 9 14 17 6 0 89 90 2
7 5 10 13 9 14 17 6 0 89 90 2
5 10 13 9 14 17 6 321 322 0 89 90 2 7
5 10 13 9 14 17 6 321 322 0 89 90 2
5 10 13 9 14 17 6 322 321 0 89 90 2
5 10 13 9 14 17 6 322 321 0 89 90 2
5 10 13 9 14 17 6 322 321 0 89 90 2
5 10 13 9 14 17 6 322 321 0 89 90 2
5 10 13 9 14 17 6 322 321 0 89 90 2
5 10 13 9 14 17 6 322 321 0 89 90 2
5 10 13 9 14 17 6 322 321 0 89 90 2
5 10 13 9 14 17 6 322 321 0 89 90 2
5 10 13 9 14 17 6 322 321 0 89 90 2
5 10 13 9 14 17 6 322 321 0 89 90 2
5 10 13 9 14 17 6 322 321 0 89 90 2
5 10 13 9 14 17 6 322 321 0 89 90 2
5 10 13 9 14 17 6 322 321 0 89 90 2
5 10 13 9 14 17 6 322 321 0 89 90 2
5 10 13 9 14 17 6 322 321 0 89 90 2
5 10 13 9 14 17 6 322 321 0 89 90 2
5 10 13 9 14 17 6 322 321 0 89 90 2
5 10 13 9 14 17 6 322 321 0 89 90 2
5 10 13 9 14 17 6 322 321 0 89 90 2
5 10 13 9 14 17 6 322 321 0 89 90 2
5 10 13 9 14 17 6 322 321 0 89 90 2
5 10 13 9 14 17 6 322 321 0 89 90 2
5 10 13 9 14 17 6 322 321 0 89 90 2
5 10 13 9 14 17 6 322 321 0 89 90 2
5 10 13 9 14 17 6 322 321 0 89 90 2
5 10 13 9 14 17 6 322 321 0 89 90 2
5 10 13 9 14 17 6 322 321 0 89 90 2
5 10 13 9 14 17 6 322 321 0 89 90 2
5 10 13 9 14 17 6 322 321 0 89 90 2
5 10 13 9 14 17 6 322 321 0 89 90 2
5 10 13 9 14 17 6 322 321 0 89 90 2
5 10 13 9 14 17 6 322 321 0 89 90 2
5 10 13 9 14 17 6 322 321 0 89 90 2
5 10 13 9 14 17 6 322 321 0 89 90 2
5 10 13 9 14 17 6 322 321 0 89 90 2
5 10 13 9 14 17 6 322 321 0 89 90 2
5 10 13 9 14 17 6 322 321 0 89 90 2
5 10 13 9 14 17 6 322 321 0 89 90 2
5 10 13 9 14 17 6 322 321 0 89 90 2
5 10 13 9 14 17 6 322 321 0 89 90 2
5 10 13 9 14 17 6 322 321 0 89 90 2
5 10 13 9 14 17 6 322 321 0 89 90 2
5 10 13 9 14 17 6 322 321 0 89 90 2
5 10 13 9 14 17 6 322 321 0 89 90 2
5 10 13 9 14 17 6 322 321 0 89 90 2
5 10 13 9 14 17 6 322 321 0 89 90 2
5 10 13 9 14 17 6 322 321 0 89 90 2
5 10 13 9 14 17 6 322 321 0 89 90 2
5 10 13 9 14 17 6 322 321 0 89 90 2
5 10 13 9 14 17 6 322 321 0 89 90 2
5 10 13 9 14 17 6 322 321 0 89 90 2
5 10 13 9 14 17 6 322 321 0 89 90 2
5 10 13 9 14 17 6 322 321 0 89 90 2
5 10 13 14 9 17 6 322 321 0 89 90 2
5 10 13 14 9 17 6 322 321 0 89 90 2
5 10 13 14 9 17 6 322 321 0 89 90 2
5 10 13 14 9 17 6 322 321 0 89 90 2
5 10 13 14 9 17 6 322 321 0 89 90 2
5 10 13 14 9 17 6 322 321 0 89 90 2
5 10 13 14 9 17 6 322 321 0 89 90 2
5 10 13 14 9 17 6 322 321 0 89 90 2
5 10 13 14 9 17 6 322 321 0 89 90 2
5 10 13 14 9 17 6 322 321 0 89 90 2
5 10 13 14 9 17 6 322 321 0 89 90 2
5 10 13 14 9 17 6 322 321 0 89 90 2
5 10 13 14 9 17 6 322 321 0 89 90 2
5 10 13 14 9 17 6 322 321 0 89 90 2
5 10 13 14 9 17 6 322 321 0 89 90 2
5 10 13 14 9 17 6 322 321 0 89 90 2
5 10 13 14 9 17 6 322 321 0 89 90 2
5 10 13 14 9 17 6 322 321 0 89 90 2
5 10 13 14 9 17 6 322 321 0 89 90 2
5 10 13 14 9 17 6 322 321 0 89 90 2
5 10 13 14 9 17 6 322 321 0 89 90 2
5 10 13 14 9 17 6 322 321 0 89 90 2
5 10 13 14 9 17 6 322 321 0 89 90 2
5 10 13 14 9 17 6 322 321 0 89 90 2
5 10 13 14 9 17 6 322 321 0 89 90 2
5 10 13 14 9 17 6 322 321 0 89 90 2
5 10 13 14 9 17 6 322 321 0 89 90 2
5 10 13 14 9 17 6 322 321 0 89 90 2
5 10 13 14 9 17 6 322 321 0 89 90 2
5 10 13 14 9 17 6 322 321 0 89 90 2
0 1 2 3 4 5 6 7 8 9 10 11 12
0 1 2 3 4 5 6 7 8 9 10 11 12
0 1 2 3 4 5 6 7 8 9 10 11 12
3 9 6 8 7 2 1 12 5 0 4 10 11
13 25 17 21 1 15 18 29 22 9 31 14 26 12 3 5 6 7 2 8 0 4 10 11
21 13 17 1 15 22 29 18 109 26 31 9 110 14 12 3 5 6 7 2 8 0 4 10 11 25
21 13 17 22 29 1 15 18 109 26 31 9 110 14 3 12 5 6 7 2 8 25 0 4 10 11
21 13 22 29 17 26 1 15 18 109 110 9 3 5 6 2 7 0 10
21 22 13 29 17 26 1 15 18 3 109 110 5 6 2 7 0
21 29 13 22 17 26 1 15 6 109 3 110 5 2 7 0
7 21 5 13 22 17 15 1 6 0 3 110 2
7 21 22 13 5 17 15 1 6 0 3 110 2
7 21 22 13 5 17 15 1 6 0 3 110 2
7 21 22 13 5 17 15 1 6 0 2 110
7 21 22 13 5 15 17 1 6 0 2 110
7 21 22 13 5 15 17 1 6 0 2 110
7 21 22 13 5 15 17 1 6 0 2 110
7 21 22 13 5 15 17 1 6 0 2 110
7 21 22 13 5 15 17 1 6 0 2 110
7 21 22 13 5 15 17 1 6 0 2 110
7 21 22 13 5 15 17 1 6 0 2 110
7 22 21 13 5 15 17 1 6 0 2 110
7 22 21 13 5 15 17 1 6 0 2 110
7 22 21 13 5 15 17 1 6 0 2 110
7 22 21 13 5 15 17 1 6 0 2 110
7 22 21 13 5 15 17 1 6 0 2 110
7 22 21 13 5 15 17 1 6 0 2 110
7 22 21 13 5 15 17 1 6 0 2 110
7 22 21 13 5 15 17 1 6 0 2 110
7 22 21 13 5 15 17 1 6 0 2 110
7 22 21 13 5 15 17 1 6 0 2 110
7 22 21 13 5 15 17 1 6 0 2 110
7 22 21 13 5 15 17 1 6 0 2 110
7 22 21 13 5 15 17 1 6 0 2 110
7 22 21 13 5 15 17 1 6 0 2 110
7 22 21 13 5 15 17 1 6 0 2 110
7 22 13 21 5 15 17 1 6 0 2 110
7 22 13 21 5 15 17 1 6 0 2 110
7 22 13 21 5 15 17 1 6 0 2 110
7 22 13 21 5 15 17 1 6 0 2 110
7 22 13 21 5 15 17 1 6 0 2 110
7 22 13 21 5 15 17 1 6 0 2 110
7 22 13 21 5 15 17 1 6 0 2 110
7 22 13 21 5 15 17 1 6 0 2 110
7 22 13 21 5 15 17 1 6 0 2 110
7 22 13 21 5 15 17 1 6 0 2 110
7 22 13 21 5 15 17 1 6 0 2 110
7 22 13 21 5 15 17 1 6 0 2 110
7 22 13 21 5 15 17 1 6 0 2 110
7 22 13 21 5 15 17 1 6 0 2 110
7 22 13 21 5 15 17 1 6 0 2 110
7 22 13 21 5 15 17 1 6 0 2 110
7 22 13 21 5 15 17 1 6 0 2 110
7 22 13 21 5 15 17 1 6 0 2 110
7 22 13 21 5 15 17 1 6 0 2 110
7 22 13 21 5 15 17 1 6 0 2 110
7 22 13 21 5 15 17 1 6 0 2 110
7 22 13 21 5 15 17 1 6 0 2 110
7 22 13 21 5 15 17 1 6 0 2 110
0 1 2 3 4 5 6 7 8 9 10 11
0 1 2 3 4 5 6 7 8 9 10 11
0 1 2 3 4 5 6 7 8 9 10 11
2 1 0 4 6 5 7 8 3 9 10 11
2 1 0 4 6 5 7 8 3 9 10 11
2 1 0 4 6 5 7 8 3 9 11 10
2 1 0 6 4 5 7 8 3 9 11 10
2 1 0 6 4 5 7 8 3 9 11 10
2 1 0 6 4 5 7 8 3 9 11 10
2 1 0 6 4 5 7 8 3 9 11 10
2 1 0 6 4 5 7 8 3 9 11 10
2 1 0 6 4 5 7 8 3 9 11 10
2 1 0 6 4 5 7 8 3 9 11 10
2 1 0 6 4 5 7 8 3 9 11 10
2 1 0 6 4 5 7 8 3 9 11 10
2 1 0 4 6 5 7 8 3 9 11 10
2 1 0 4 6 5 7 8 3 9 11 10
2 1 0 4 6 5 7 8 3 9 11 10
2 1 0 4 6 5 7 8 3 9 11 10
2 1 0 4 6 5 7 8 3 9 11 10
2 1 0 4 5 6 7 8 3 9 11 10
2 1 0 4 5 6 7 8 3 9 11 10
2 1 0 4 5 6 7 8 3 9 11 10
2 1 0 4 5 7 6 8 3 9 11 10
2 1 0 4 5 7 6 8 3 9 11 10
2 1 0 4 5 7 6 8 3 9 11 10
2 1 0 4 5 7 6 8 3 9 11 10
2 1 0 4 5 7 6 8 3 9 11 10
2 1 0 4 5 7 6 8 3 9 11 10
2 1 0 4 5 7 6 8 3 9 11 10
2 1 0 4 5 7 6 8 3 9 11 10
2 1 0 4 5 7 6 8 3 9 11 10
2 1 0 4 5 7 6 8 3 9 11 10
2 1 0 4 5 7 6 8 3 9 11 10
2 1 0 4 5 7 6 8 3 9 11 10
2 1 0 4 5 7 6 8 3 9 11 10
2 1 0 4 5 7 6 8 3 9 11 10
2 1 0 4 5 7 6 8 3 9 11 10
2 1 0 4 5 7 6 8 3 9 11 10
2 1 0 4 5 7 6 8 3 9 11 10
2 1 0 4 5 7 6 8 3 9 11 10
2 1 0 4 5 7 6 8 3 9 11 10
2 1 0 4 5 7 6 8 3 9 11 10
2 1 0 4 5 7 6 8 3 9 11 10
2 1 0 4 5 7 6 8 3 9 11 10
2 1 0 4 5 7 6 8 3 9 11 10
2 1 0 4 5 7 6 8 3 9 11 10
2 1 0 4 5 7 6 8 3 9 11 10
2 1 0 4 5 7 6 8 3 9 11 10
2 1 0 4 5 7 6 8 3 9 11 10
2 1 0 4 5 7 6 8 3 9 11 10
2 1 0 4 5 7 6 8 3 9 11 10
2 1 0 4 5 7 6 8 3 9 11 10
2 1 0 4 5 7 6 8 3 9 11 10
2 1 0 4 5 7 6 8 3 9 11 10
2 1 0 4 5 7 6 8 3 9 11 10
2 1 0 4 5 7 6 8 3 9 11 10
2 1 0 4 5 7 6 8 3 9 11 10
2 1 0 4 5 7 6 8 3 9 11 10
2 1 0 4 5 7 6 8 3 9 11 10
2 1 0 4 5 7 6 8 3 9 11 10
2 1 0 4 5 7 6 8 3 9 11 10
2 1 0 4 5 7 6 8 3 9 11 10
2 1 0 4 5 7 6 8 3 9 11 10
2 1 0 4 5 7 6 8 3 9 11 10
2 1 0 4 5 7 6 8 3 9 11 10
2 1 0 4 5 7 6 8 3 9 11 10
2 1 0 4 5 7 6 8 3 9 11 10
2 1 0 4 5 7 6 8 3 9 11 10
2 1 0 4 5 7 6 8 3 9 11 10
2 1 0 4 5 7 6 8 3 9 11 10
2 1 0 4 5 7 6 8 3 9 11 10
2 1 0 4 5 7 6 8 3 9 11 10
2 1 0 4 5 7 6 8 3 9 11 10
2 1 0 4 5 7 6 8 3 9 11 10
2 1 0 4 5 7 6 8 3 9 11 10
2 1 0 4 5 7 6 8 3 9 11 10
2 1 0 4 5 7 6 8 3 9 11 10
2 1 0 4 5 7 6 8 3 9 11 10
2 1 0 4 5 7 6 8 3 9 11 10
2 1 0 4 5 7 6 8 3 9 11 10
2 1 0 4 5 7 6 8 3 9 11 10
2 1 0 4 5 7 6 8 3 9 11 10
0 1 2 3 4 5 6 7 8 9 10 11
0 1 2 3 4 5 6 7 8 9 10 11
0 1 2 3 4 5 6 7 8 9 10 11
1 3 0 2 8 6 4 7 5 9 11 10
1 3 0 2 8 6 4 7 5 9 10 11
1 3 0 2 8 6 4 7 5 9 10 11
1 3 0 2 8 6 4 7 5 9 10 11
1 3 0 2 8 6 4 7 5 9 10 11
1 3 0 2 8 6 4 7 5 9 10 11
1 3 0 2 8 6 4 7 5 9 10 11
1 3 0 2 8 6 4 7 5 9 10 11
1 3 0 2 8 6 4 7 5 9 10 11
1 3 0 2 8 6 4 7 5 9 10 11
1 3 0 2 8 6 4 7 5 9 10 11
1 3 0 2 8 6 4 7 5 9 10 11
1 3 0 2 8 6 4 7 5 9 10 11
1 3 0 2 8 6 4 7 5 9 10 11
1 3 0 2 8 6 4 7 5 9 10 11
1 3 0 2 8 6 4 7 5 9 10 11
1 3 0 2 8 6 4 7 5 9 10 11
1 3 0 2 8 6 4 7 5 9 10 11
1 3 0 2 8 6 4 7 5 9 10 11
1 3 0 2 8 6 4 7 5 9 10 11
1 3 0 2 8 6 4 7 5 9 10 11
1 3 0 2 8 6 4 7 5 9 10 11
1 3 0 2 8 6 4 7 5 9 10 11
1 3 0 2 8 6 4 7 5 9 10 11
1 3 0 2 8 6 4 7 5 9 10 11
1 3 0 2 8 6 4 7 5 9 10 11
1 3 0 2 8 6 4 7 5 9 10 11
1 3 0 2 8 6 4 7 5 9 10 11
1 3 0 2 8 6 4 7 5 9 10 11
1 3 0 2 8 6 4 7 5 9 10 11
1 3 0 2 8 6 4 7 5 9 10 11
0 1 2 3 4 5 6 7 8 9 10 11
0 1 2 3 4 5 6 7 8 9 10 11
0 1 2 3 4 5 6 7 8 9 10 11
0 1 4 3 6 2 5 8 7 9 11 10
0 1 4 3 2 6 5 8 7 9 10 11
0 1 4 3 2 6 5 8 7 9 10 11
0 1 4 3 2 6 5 8 7 9 10 11
0 1 4 2 3 6 5 8 7 9 10 11
0 1 4 2 3 6 5 8 7 9 10 11
0 1 4 2 3 6 5 8 7 9 10 11
0 1 4 2 3 6 5 8 7 9 10 11
0 1 4 2 3 6 5 8 7 9 10 11
0 1 4 2 3 6 5 8 7 9 10 11
0 1 4 2 3 6 5 8 7 9 10 11
0 1 4 2 3 6 5 8 7 9 10 11
0 1 4 2 3 6 5 8 7 9 10 11
0 1 4 2 3 6 5 8 7 9 10 11
0 1 4 2 3 6 5 8 7 9 10 11
0 1 4 2 3 6 5 8 7 9 10 11
0 1 4 2 3 6 5 8 7 9 10 11
0 1 4 2 3 6 5 8 7 9 10 11
0 1 4 2 3 6 5 8 7 9 10 11
0 1 4 2 3 6 5 8 7 9 10 11
0 1 4 2 3 6 5 8 7 9 10 11
0 1 4 2 3 6 5 8 7 9 10 11
0 1 4 2 3 6 5 8 7 9 10 11
0 1 4 2 3 6 5 8 7 9 10 11
0 1 4 2 3 6 5 8 7 9 10 11
0 1 4 2 3 6 5 8 7 9 10 11
0 1 4 2 3 6 5 8 7 9 10 11
0 1 4 2 3 6 5 8 7 9 10 11
0 1 4 2 3 6 5 8 7 9 10 11
0 1 4 2 3 6 5 8 7 9 10 11
0 1 2 3 4 5 6 7 8 9 10 11
0 1 2 3 4 5 6 7 8 9 10 11
0 1 2 3 4 5 6 7 8 9 10 11
0 3 4 6 1 5 7 2 8 9 11 10
0 3 4 6 1 5 7 2 8 9 11 10
0 4 3 6 1 5 7 2 8 9 11 10
0 4 3 6 1 5 7 2 8 9 11 10
0 4 3 6 1 5 7 2 8 9 11 10
0 4 3 6 1 5 7 2 8 9 11 10
0 4 3 6 1 5 7 2 8 9 11 10
0 4 3 6 1 5 7 2 8 9 11 10
0 4 3 6 1 5 7 2 8 9 11 10
0 4 3 6 1 5 7 2 8 9 11 10
0 4 3 6 1 5 7 2 8 9 11 10
0 4 3 6 1 5 7 2 8 9 11 10
0 4 3 6 1 5 7 2 8 9 11 10
0 4 3 6 1 5 7 2 8 9 11 10
0 4 3 6 1 5 7 2 8 9 11 10
0 4 3 6 1 5 7 2 8 9 11 10
0 4 3 6 1 5 7 2 8 9 11 10
0 4 3 6 1 5 7 2 8 9 11 10
0 4 3 6 1 5 7 2 8 9 11 10
0 4 3 6 1 5 7 2 8 9 11 10
0 4 3 6 1 5 7 2 8 9 11 10
0 4 3 6 1 5 7 2 8 9 11 10
0 4 3 6 1 5 7 2 8 9 11 10
0 4 3 6 1 5 7 2 8 9 11 10
0 4 3 6 1 5 7 2 8 9 11 10
0 4 3 6 1 5 7 2 8 9 11 10
0 4 3 6 1 5 7 2 8 9 11 10
0 4 3 6 1 5 7 2 8 9 11 10
0 4 3 6 1 5 7 2 8 9 11 10
0 4 3 6 1 5 7 2 8 9 11 10
0 4 3 6 1 5 7 2 8 9 11 10
0 4 3 6 1 5 7 2 8 9 11 10
0 4 3 6 1 5 7 2 8 9 11 10
0 4 3 6 1 5 7 2 8 9 11 10
0 4 3 6 1 5 7 2 8 9 11 10
0 4 3 6 1 5 7 2 8 9 11 10
0 4 3 6 1 5 7 2 8 9 11 10
0 4 3 6 1 5 7 2 8 9 11 10
0 4 3 6 1 5 7 2 8 9 11 10
0 4 3 6 1 5 7 2 8 9 11 10
0 4 3 6 1 5 7 2 8 9 11 10
0 4 3 6 1 5 7 2 8 9 11 10
0 4 3 6 1 5 7 2 8 9 11 10
0 4 3 6 1 5 7 2 8 9 11 10
0 1 2 3 4 5 6 7 8 9 10 11
0 1 2 3 4 5 6 7 8 9 10 11
0 1 2 3 4 5 6 7 8 9 10 11
2 0 4 5 1 3 7 8 6 9 11 10
2 0 4 5 1 3 7 6 8 9 11 10
2 4 0 5 1 3 7 6 8 9 11 10
2 4 0 5 1 3 7 6 8 9 11 10
4 2 0 5 1 3 7 6 8 9 11 10
4 2 0 5 1 3 7 6 8 9 11 10
4 2 0 5 1 3 7 6 8 9 11 10
4 2 0 5 1 3 7 6 8 9 11 10
4 2 0 5 1 3 7 6 8 9 11 10
4 2 0 5 1 3 7 6 8 9 11 10
4 2 0 5 1 3 7 6 8 9 11 10
4 2 0 5 1 3 7 6 8 9 11 10
4 2 0 5 1 3 7 6 8 9 11 10
4 2 0 5 1 3 7 6 8 9 11 10
4 2 0 5 1 3 7 6 8 9 11 10
4 2 0 5 1 3 7 6 8 9 11 10
0 1 2 3 4 5 6 7 8 9 10 11
0 1 2 3 4 5 6 7 8 9 10 11
0 1 2 3 4 5 6 7 8 9 10 11
2 0 5 1 6 4 3 7 8 9 11 10
2 0 5 1 6 3 7 4 8 9 11 10
2 0 5 1 6 3 7 4 8 9 11 10
2 0 5 1 6 3 7 4 8 9 11 10
2 0 5 1 6 3 7 4 8 9 11 10
2 0 5 1 6 3 7 4 8 9 11 10
2 0 5 1 6 3 7 4 8 9 11 10
2 0 5 1 6 3 7 4 8 9 11 10
2 0 5 1 6 3 7 4 8 9 11 10
2 0 5 1 6 3 7 4 8 9 11 10
2 0 5 1 6 3 7 4 8 9 11 10
2 0 5 1 6 3 7 4 8 9 11 10
2 0 5 1 6 3 7 4 8 9 11 10
2 0 5 1 6 3 7 4 8 9 11 10
2 0 5 1 6 3 7 4 8 9 11 10
2 0 5 1 6 3 7 4 8 9 11 10
2 0 5 1 6 3 7 4 8 9 11 10
2 0 5 1 6 3 7 4 8 9 11 10
2 0 5 1 6 3 7 4 8 9 11 10
0 1 2 3 4 5 6 7 8 9 10 11
0 1 2 3 4 5 6 7 8 9 10 11
0 1 2 3 4 5 6 7 8 9 10 11
0 1 7 3 2 4 5 6 8 9 10 11
0 1 7 3 2 4 5 8 6 9 10 11
0 1 7 3 2 4 5 8 6 9 10 11
0 1 7 3 2 4 5 8 6 9 10 11
0 1 7 3 2 4 5 8 6 9 10 11
0 1 7 3 2 4 5 8 6 9 10 11
0 1 7 3 2 4 5 8 6 9 10 11
0 1 7 3 2 4 5 8 6 9 10 11
1 0 7 3 2 4 5 8 6 9 10 11
1 0 7 3 2 4 5 8 6 9 10 11
1 0 7 3 2 4 5 8 6 9 10 11
1 0 7 3 2 4 5 8 6 9 10 11
1 0 7 3 2 4 5 8 6 9 10 11
1 0 7 3 2 4 5 8 6 9 10 11
1 0 7 3 2 4 5 8 6 9 10 11
1 0 7 3 2 4 5 8 6 9 10 11
1 0 7 3 2 4 5 8 6 9 10 11
1 0 7 3 2 4 5 8 6 9 10 11
1 0 7 3 2 4 5 8 6 9 10 11
1 0 7 3 2 4 5 8 6 9 10 11
1 0 7 3 2 4 5 8 6 9 10 11
1 0 7 3 2 4 5 8 6 9 10 11
1 0 7 3 2 4 5 8 6 9 10 11
1 0 7 3 2 4 5 8 6 9 10 11
0 1 2 3 4 5 6 7 8 9 10 11
0 1 2 3 4 5 6 7 8 9 10 11
0 1 2 3 4 5 6 7 8 9 10 11
1 4 3 0 6 7 5 8 2 9 11 10
1 4 3 0 6 8 5 7 2 9 11 10
1 4 3 0 6 8 5 7 2 9 11 10
1 4 3 0 6 8 5 7 2 9 11 10
1 4 3 0 6 8 5 2 7 9 11 10
1 4 3 0 6 8 5 2 7 9 11 10
1 4 3 0 6 8 5 2 7 9 11 10
1 4 3 0 6 8 5 2 7 9 11 10
1 4 3 0 6 8 5 2 7 9 11 10
1 4 3 0 6 8 5 2 7 9 11 10
1 4 3 0 6 8 5 2 7 9 11 10
1 4 3 0 6 8 5 2 7 9 11 10
1 3 4 0 6 8 5 2 7 9 11 10
1 3 4 0 6 8 5 2 7 9 11 10
1 3 4 0 6 8 5 2 7 9 11 10
1 3 4 0 6 8 5 2 7 9 11 10
1 3 4 0 6 8 5 2 7 9 11 10
1 3 4 0 6 8 5 2 7 9 11 10
1 3 4 0 6 8 5 2 7 9 11 10
1 3 4 0 6 8 5 2 7 9 11 10
1 3 4 0 6 8 5 2 7 9 11 10
1 3 4 0 6 8 5 2 7 9 11 10
1 3 4 0 6 8 5 2 7 9 11 10
1 3 4 0 6 8 5 2 7 9 11 10
1 3 4 0 6 8 5 2 7 9 11 10
1 3 4 0 6 8 5 2 7 9 11 10
