0.000
0.005
0.007
0.010
0.014
0.051
0.762
0.930
1.253
1.485
1.972
2.468
2.901
3.413
4.084
4.599
5.103
5.650
6.230
6.800
7.352
7.921
8.464
9.049
9.634
10.228
10.794
11.345
11.866
12.427
13.021
13.113
0.000
0.010
0.018
0.027
0.045
0.582
1.010
1.326
1.934
2.192
2.749
3.293
3.819
4.353
4.914
5.478
6.035
6.569
7.097
7.221
0.000
0.010
0.018
0.025
0.042
0.181
0.463
0.594
0.900
1.162
1.726
2.296
2.909
3.541
4.113
4.678
5.229
5.797
6.362
6.971
7.554
8.114
8.669
9.228
0.000
0.010
0.017
0.025
0.042
0.188
0.457
0.587
0.909
1.180
1.760
2.330
2.899
3.531
3.600
0.000
0.010
0.017
0.025
0.042
0.190
0.460
0.591
0.917
1.132
1.755
2.315
2.874
3.442
0.000
0.010
0.017
0.025
0.042
0.175
0.462
0.592
0.912
1.202
1.776
2.364
2.940
3.596
4.178
4.762
5.210
0.000
0.010
0.017
0.025
0.042
0.189
0.460
0.592
0.921
1.174
1.749
1.890
0.000
0.010
0.017
0.025
0.042
0.178
0.459
0.589
0.915
1.165
1.744
2.198
0.000
0.009
0.017
0.025
0.041
0.186
0.472
0.608
0.918
1.190
1.754
2.326
2.828
0.000
0.009
0.017
0.025
0.041
0.177
0.438
0.568
0.876
1.122
1.748
2.334
2.918
3.057
