0.004
0.007
0.010
0.014
0.051
0.434
0.762
0.930
1.065
1.168
1.252
1.349
1.485
1.627
1.706
1.794
1.894
1.971
2.087
2.209
2.289
2.384
2.467
2.554
2.620
2.723
2.805
2.901
3.016
3.143
3.212
3.322
3.413
3.503
3.727
3.850
3.955
4.084
4.201
4.297
4.382
4.479
4.598
4.718
4.827
4.924
5.009
5.103
5.223
5.347
5.460
5.557
5.649
5.756
5.905
6.009
6.132
6.230
6.320
6.429
6.567
6.678
6.799
6.900
6.993
7.101
7.237
7.352
7.471
7.570
7.663
7.769
7.921
8.036
8.163
8.268
8.358
8.464
8.617
8.734
8.858
8.955
9.049
9.159
9.307
9.418
9.537
9.634
9.725
9.839
9.969
10.117
10.228
10.337
10.428
10.534
10.665
10.794
10.901
11.001
11.098
11.204
11.345
11.465
11.569
11.669
11.760
11.866
12.003
12.134
12.238
12.338
12.427
12.537
12.682
12.812
12.920
13.020
13.113
0.010
0.018
0.026
0.045
0.582
0.870
1.009
1.325
1.559
1.773
1.933
2.086
2.192
2.288
2.402
2.506
2.630
2.749
2.857
2.951
3.046
3.162
3.293
3.412
3.513
3.601
3.700
3.819
3.942
4.063
4.164
4.256
4.352
4.473
4.593
4.712
4.816
4.914
5.018
5.137
5.256
5.374
5.478
5.572
5.672
5.787
5.917
6.035
6.137
6.228
6.324
6.444
6.569
6.691
6.792
6.883
6.981
7.097
7.220
0.009
0.017
0.025
0.042
0.180
0.322
0.463
0.593
0.711
0.778
0.899
1.033
1.162
1.281
1.398
1.468
1.592
1.726
1.864
1.982
2.102
2.170
2.296
2.432
2.600
2.721
2.837
2.909
3.034
3.170
3.306
3.424
3.541
3.609
3.727
3.856
3.994
4.113
4.230
4.297
4.419
4.552
4.677
4.799
4.917
4.984
5.102
5.229
5.369
5.487
5.604
5.671
5.797
5.921
6.060
6.179
6.295
6.362
6.484
6.603
6.736
6.855
6.971
7.039
7.162
7.295
7.434
7.554
7.672
7.739
7.852
7.979
8.114
8.235
8.352
8.419
8.539
8.669
8.803
8.922
9.038
9.105
9.228
0.009
0.017
0.025
0.042
0.188
0.331
0.456
0.587
0.704
0.771
0.909
1.056
1.180
1.303
1.419
1.486
1.627
1.760
1.890
2.012
2.128
2.195
2.330
2.480
2.593
2.716
2.831
2.898
3.042
3.168
3.287
3.409
3.531
3.599
0.009
0.017
0.025
0.042
0.190
0.323
0.459
0.591
0.709
0.776
0.917
1.065
1.132
1.243
1.359
1.485
1.611
1.754
1.823
1.933
2.049
2.176
2.314
2.461
2.528
2.638
2.755
2.874
3.008
3.149
3.216
3.326
3.442
0.009
0.017
0.025
0.042
0.174
0.304
0.462
0.592
0.709
0.776
0.912
1.059
1.202
1.331
1.447
1.515
1.644
1.775
1.915
2.043
2.161
2.229
2.364
2.500
2.627
2.756
2.873
2.940
3.078
3.217
3.351
3.479
3.595
3.663
3.795
3.925
4.049
4.178
4.295
4.362
4.497
4.627
4.762
4.891
5.007
5.074
5.210
0.009
0.017
0.025
0.042
0.188
0.329
0.460
0.592
0.711
0.778
0.920
1.044
1.174
1.298
1.414
1.482
1.624
1.749
1.889
0.009
0.017
0.025
0.042
0.178
0.319
0.459
0.589
0.706
0.774
0.914
1.047
1.165
1.299
1.416
1.483
1.614
1.744
1.884
2.013
2.129
2.197
0.009
0.017
0.025
0.041
0.186
0.339
0.471
0.607
0.724
0.790
0.917
1.058
1.190
1.318
1.432
1.498
1.624
1.754
1.888
2.015
2.129
2.195
2.325
2.465
2.586
2.712
2.827
0.009
0.017
0.025
0.041
0.177
0.316
0.438
0.568
0.686
0.751
0.876
0.988
1.121
1.244
1.372
1.443
1.653
1.748
1.882
2.003
2.137
2.204
2.334
2.459
2.597
2.718
2.852
2.918
3.056
