2.857691383e+00
2.824766397e+00
2.814934617e+00
2.806368189e+00
2.248548285e+00
2.048102445e+00
2.006241654e+00
1.994929353e+00
1.984793481e+00
1.980349641e+00
1.978444277e+00
1.977864744e+00
1.977672528e+00
1.977608895e+00
1.977556097e+00
1.977510463e+00
1.977483927e+00
1.977468602e+00
1.977454632e+00
1.977424831e+00
1.977342926e+00
1.977196744e+00
1.977071565e+00
1.976955115e+00
1.976872575e+00
1.976862080e+00
1.976858585e+00
1.976856348e+00
1.976854603e+00
1.976853154e+00
1.976851898e+00
1.976850761e+00
1.976849723e+00
1.976848741e+00
1.964438789e+00
1.961823809e+00
1.961220709e+00
1.960915767e+00
1.960844383e+00
1.960824402e+00
1.960817729e+00
1.960814255e+00
1.960811923e+00
1.960809878e+00
1.960807776e+00
1.960804913e+00
1.960799380e+00
1.960782976e+00
1.960747265e+00
1.960718778e+00
1.960708171e+00
1.960701184e+00
1.960696358e+00
1.960693177e+00
1.960690912e+00
1.960689360e+00
1.960688360e+00
1.960687633e+00
1.960687109e+00
1.960686717e+00
1.960686420e+00
1.960686184e+00
1.960685994e+00
1.960685835e+00
1.960685706e+00
1.960685597e+00
1.960685506e+00
1.960685427e+00
1.960685357e+00
1.960685294e+00
1.960685237e+00
1.960685183e+00
1.960685130e+00
1.960685079e+00
1.960685023e+00
1.960684959e+00
1.960684885e+00
1.960684803e+00
1.960684701e+00
1.960684570e+00
1.960684410e+00
1.960684191e+00
1.960683902e+00
1.960683481e+00
1.960682899e+00
1.960682038e+00
1.960680737e+00
1.960678877e+00
1.960676620e+00
1.960674135e+00
1.960671634e+00
1.960669370e+00
1.960667381e+00
1.960665639e+00
1.960664010e+00
1.960662356e+00
1.960660393e+00
1.960657884e+00
1.960654390e+00
1.960649652e+00
1.960643791e+00
1.960637555e+00
1.960632298e+00
1.960628873e+00
1.960627158e+00
1.960626162e+00
1.960625054e+00
1.960622752e+00
1.960617568e+00
1.960611572e+00
1.960609536e+00
1.960609063e+00
1.960608893e+00
1.960608815e+00
1.960608775e+00
1.960608753e+00
1.960608740e+00
1.960608733e+00
1.960608728e+00
2.044883761e+00
1.799617107e+00
1.685675016e+00
1.582167255e+00
1.258797736e+00
1.202223632e+00
1.188918577e+00
1.181581032e+00
1.176927584e+00
1.172089764e+00
1.168286249e+00
1.165776800e+00
1.165641962e+00
1.164851833e+00
1.164607486e+00
1.164587686e+00
1.164576570e+00
1.164565171e+00
1.164550474e+00
1.164532879e+00
1.164518619e+00
1.164510845e+00
1.164506076e+00
1.164500982e+00
1.164483689e+00
1.164439055e+00
1.164430785e+00
1.164428281e+00
1.164426405e+00
1.164424481e+00
1.164422536e+00
1.164420967e+00
1.164419963e+00
1.164419439e+00
1.164419203e+00
1.164419075e+00
1.164418990e+00
1.164418922e+00
1.164418870e+00
1.164418825e+00
1.164418785e+00
1.164418750e+00
1.164418720e+00
1.164418693e+00
1.164418670e+00
1.164418649e+00
1.164418631e+00
1.164418614e+00
1.164418600e+00
1.164418587e+00
1.164418577e+00
1.164418567e+00
1.164418559e+00
1.164418552e+00
1.164418546e+00
1.164418540e+00
1.164418536e+00
1.164418532e+00
1.164418528e+00
1.400850388e+00
1.262666113e+00
1.211775026e+00
1.170998914e+00
1.168740422e+00
1.168305323e+00
1.168113487e+00
1.168039082e+00
1.168014598e+00
1.168009630e+00
1.168008062e+00
1.168007378e+00
1.168006936e+00
1.168006579e+00
1.168006231e+00
1.168005857e+00
1.168005390e+00
1.168004520e+00
1.168001293e+00
1.167977137e+00
1.167900547e+00
1.167891592e+00
1.167890043e+00
1.167889484e+00
1.167889240e+00
1.167889119e+00
1.167889051e+00
1.167889010e+00
1.167888981e+00
1.167888960e+00
1.167888944e+00
1.167888930e+00
1.167888919e+00
1.167888909e+00
1.167888900e+00
1.167888893e+00
1.167888886e+00
1.167888880e+00
1.167888874e+00
1.167888868e+00
1.167888862e+00
1.167888857e+00
1.167888852e+00
1.167888847e+00
1.167888842e+00
1.167888837e+00
1.167888832e+00
1.167888826e+00
1.167888821e+00
1.167888815e+00
1.167888808e+00
1.167888801e+00
1.167888794e+00
1.167888786e+00
1.167888776e+00
1.167888765e+00
1.167888753e+00
1.167888739e+00
1.167888722e+00
1.167888702e+00
1.167888678e+00
1.167888650e+00
1.167888613e+00
1.167888567e+00
1.167888508e+00
1.167888434e+00
1.167888339e+00
1.167888212e+00
1.167888049e+00
1.167887843e+00
1.167887596e+00
1.167887319e+00
1.167887027e+00
1.167886762e+00
1.167886546e+00
1.167886391e+00
1.167886292e+00
1.167886234e+00
1.167886202e+00
1.167886185e+00
1.167886176e+00
1.167886172e+00
1.167886170e+00
1.387822551e+00
1.255798163e+00
1.206302807e+00
1.172094858e+00
1.169830608e+00
1.169600649e+00
1.169471463e+00
1.169449018e+00
1.169443079e+00
1.169439986e+00
1.169437552e+00
1.169434820e+00
1.169430116e+00
1.169422064e+00
1.169413351e+00
1.169408864e+00
1.169407492e+00
1.169406934e+00
1.169406521e+00
1.169406089e+00
1.169405493e+00
1.169404627e+00
1.169403444e+00
1.169402077e+00
1.169400770e+00
1.169399915e+00
1.169399508e+00
1.169399348e+00
1.169399281e+00
1.169399248e+00
1.169399230e+00
1.169399220e+00
1.169399214e+00
1.169399211e+00
1.418202166e+00
1.265115899e+00
1.210903247e+00
1.168621288e+00
1.166416866e+00
1.165632081e+00
1.165377574e+00
1.165273847e+00
1.165214758e+00
1.165175331e+00
1.165150271e+00
1.165134121e+00
1.165125245e+00
1.165121259e+00
1.165119321e+00
1.165118393e+00
1.165117903e+00
1.165117619e+00
1.165117458e+00
1.165117365e+00
1.165117303e+00
1.165117259e+00
1.165117228e+00
1.165117204e+00
1.165117185e+00
1.165117170e+00
1.165117158e+00
1.165117148e+00
1.165117139e+00
1.165117132e+00
1.165117126e+00
1.165117121e+00
1.165117117e+00
1.430406181e+00
1.274654797e+00
1.224192170e+00
1.178742271e+00
1.176861375e+00
1.176664061e+00
1.176602071e+00
1.176569460e+00
1.176551873e+00
1.176543550e+00
1.176539258e+00
1.176536615e+00
1.176534734e+00
1.176533440e+00
1.176532674e+00
1.176532279e+00
1.176532071e+00
1.176531945e+00
1.176531860e+00
1.176531800e+00
1.176531753e+00
1.176531714e+00
1.176531682e+00
1.176531652e+00
1.176531625e+00
1.176531598e+00
1.176531568e+00
1.176531536e+00
1.176531497e+00
1.176531451e+00
1.176531392e+00
1.176531318e+00
1.176531221e+00
1.176531091e+00
1.176530927e+00
1.176530721e+00
1.176530484e+00
1.176530240e+00
1.176530031e+00
1.176529867e+00
1.176529758e+00
1.176529695e+00
1.176529661e+00
1.176529642e+00
1.176529631e+00
1.176529625e+00
1.176529621e+00
1.403317730e+00
1.260193844e+00
1.209459766e+00
1.163329269e+00
1.161622536e+00
1.161223945e+00
1.161115966e+00
1.161086423e+00
1.161072791e+00
1.161065779e+00
1.161062967e+00
1.161061860e+00
1.161061379e+00
1.161061170e+00
1.161061082e+00
1.161061046e+00
1.161061030e+00
1.161061023e+00
1.161061019e+00
1.417144047e+00
1.269502152e+00
1.209181719e+00
1.170183000e+00
1.168361980e+00
1.168148189e+00
1.168087650e+00
1.168061542e+00
1.168043718e+00
1.168032035e+00
1.168027130e+00
1.168025296e+00
1.168024331e+00
1.168023654e+00
1.168023122e+00
1.168022747e+00
1.168022525e+00
1.168022414e+00
1.168022368e+00
1.168022350e+00
1.168022343e+00
1.168022340e+00
1.419429066e+00
1.268307922e+00
1.209683730e+00
1.163167316e+00
1.161292950e+00
1.161038449e+00
1.160949662e+00
1.160898669e+00
1.160863278e+00
1.160844170e+00
1.160835395e+00
1.160831244e+00
1.160829335e+00
1.160828471e+00
1.160828020e+00
1.160827777e+00
1.160827636e+00
1.160827548e+00
1.160827494e+00
1.160827461e+00
1.160827441e+00
1.160827428e+00
1.160827419e+00
1.160827414e+00
1.160827411e+00
1.160827408e+00
1.160827407e+00
1.416469720e+00
1.264347910e+00
1.217353115e+00
1.171469074e+00
1.170133923e+00
1.169938106e+00
1.169869168e+00
1.169806595e+00
1.169782502e+00
1.169772407e+00
1.169766387e+00
1.169762755e+00
1.169760300e+00
1.169758609e+00
1.169757295e+00
1.169756267e+00
1.169755428e+00
1.169754707e+00
1.169754099e+00
1.169753625e+00
1.169753270e+00
1.169753033e+00
1.169752891e+00
1.169752813e+00
1.169752769e+00
1.169752744e+00
1.169752731e+00
1.169752723e+00
1.169752719e+00
