0
0
0
0
1 4 2 3 0
5 9 13 17 0 14 11 6 18 7 8 1 2 3 4
5 13 11 17 6 9 14 8 18 7 0 1 2 4 3
5 13 11 8 6 17 9 14 18 7 0 1 2 3
13 5 11 8 6 17 14 9 18 7 0 1 2
13 8 11 5 6 17 14 9 18 7 0 1 2
8 13 11 5 6 17 14 9 18 7 0 1
8 13 11 6 5 17 14 9 18 7 0 1
8 13 11 6 5 17 14 9 18 7 0 1
8 13 11 6 5 17 14 9 18 7 0 1
8 13 11 6 17 5 14 9 18 7 0 1
8 13 11 6 17 5 14 9 18 7 0 1
8 13 11 6 17 5 14 9 18 7 0 1
8 13 11 6 17 5 14 9 18 7 0 1
8 13 11 6 17 5 14 9 18 7 0 1
8 13 11 6 17 5 14 9 18 7 0 1
8 13 11 6 17 5 14 9 18 7 0 1
8 13 11 6 17 5 14 9 18 7 0 1
8 13 11 6 17 5 9 14 18 7 0 1
8 13 11 6 17 5 9 14 18 7 0 1
8 13 11 6 17 5 14 9 18 7 0 1
8 13 11 6 17 5 14 9 18 7 0 1
8 13 11 6 17 5 14 9 18 7 0 1
8 13 11 6 17 5 14 9 18 7 0 1
8 13 11 6 17 9 14 5 18 7 0 1
8 13 11 6 17 9 14 5 18 7 0 1
8 13 11 6 17 9 14 5 18 7 0 1
8 13 11 6 17 9 14 5 18 7 0 1
8 13 11 6 17 9 14 5 18 7 0 1
8 13 11 6 17 9 14 5 18 7 0 1
8 13 11 6 17 9 14 5 18 7 0 1
8 13 11 6 17 9 14 5 18 7 0 1
8 13 11 6 17 9 14 5 18 7 0 1
8 13 11 6 17 9 14 5 18 7 0 1
8 13 11 6 17 9 14 5 18 7 0 1
8 13 11 6 17 9 14 5 18 7 0 1
8 13 11 6 17 9 14 5 18 7 0 1
8 13 11 6 17 9 14 5 18 7 0 1
8 13 11 6 17 9 14 5 18 7 0 1
8 13 11 6 17 9 14 5 18 7 0 1
8 13 11 6 17 9 14 5 18 7 0 1
8 13 11 6 17 9 14 5 18 7 0 1
8 13 11 6 17 9 14 5 18 7 0 1
8 13 11 6 17 9 14 5 18 7 0 1
8 13 11 6 17 9 14 5 18 7 0 1
8 13 11 6 17 9 14 5 18 7 0 1
8 13 11 6 17 9 14 5 18 7 0 1
8 13 11 6 17 9 14 5 18 7 0 1
8 13 11 6 17 9 14 5 18 7 0 1
8 13 11 6 17 9 14 5 18 7 0 1
8 13 11 6 17 9 14 5 18 7 0 1
8 13 11 6 17 9 14 18 5 7 0 1
8 13 11 6 17 9 14 18 5 7 0 1
8 13 11 6 17 9 14 18 5 7 0 1
8 13 11 6 17 9 14 18 5 7 0 1
8 13 11 6 17 9 14 18 5 7 0 1
8 13 11 6 17 9 14 18 5 7 0 1
8 13 11 6 17 9 14 18 5 7 0 1
8 13 11 6 17 9 14 18 5 7 0 1
8 13 11 6 17 9 14 18 5 7 0 1
8 13 11 6 17 9 14 18 5 7 0 1
8 13 11 6 17 9 14 18 5 7 0 1
8 13 11 6 17 9 14 18 5 7 0 1
8 13 11 6 17 9 14 18 5 7 0 1
8 13 11 6 17 9 14 18 5 7 0 1
8 13 11 6 17 9 14 18 5 7 0 1
8 13 11 6 17 9 14 18 5 7 0 1
8 13 11 6 17 9 14 18 5 7 0 1
0 1 2 3 4 5 6 7 8 9 10 11
0 1 2 3 4 5 6 7 8 9 10 11
0 1 2 3 4 5 6 7 8 9 10 11
3 0 4 1 11 2 5 6 7 9 10 8
3 0 4 11 1 5 2 6 7 9 10 8
3 0 4 11 1 5 2 6 7 9 10 8
3 0 4 11 1 5 2 6 7 9 10 8
3 0 4 1 11 2 5 6 7 9 10 8
3 0 4 1 11 2 5 6 7 9 10 8
3 0 8 4 1 2 5 6 7 9 10
3 0 8 4 1 2 5 6 7 9 10
3 0 8 4 1 2 6 5 7 9 10
3 0 8 4 1 2 6 5 7 9 10
3 0 8 4 1 2 6 5 7 9 10
3 0 8 4 1 2 6 5 7 9 10
3 0 8 4 1 2 6 5 7 9 10
3 0 8 4 1 2 6 5 7 9 10
3 0 8 4 1 2 6 5 7 9 10
3 0 8 4 1 2 6 5 7 9 10
3 0 8 4 1 2 6 5 7 9 10
3 0 8 4 1 2 6 5 7 9 10
3 0 8 4 1 2 6 5 7 9 10
3 0 8 4 1 2 6 5 7 9 10
3 0 8 4 1 2 6 5 7 9 10
3 0 8 4 1 2 6 5 7 9 10
3 0 8 4 1 2 6 5 7 9 10
3 0 8 4 1 2 6 5 7 9 10
3 0 8 4 1 2 6 5 7 9 10
3 0 8 4 1 2 6 5 7 9 10
3 0 8 4 1 2 6 5 7 9 10
3 0 8 4 1 2 6 5 7 9 10
3 0 8 4 1 2 6 5 7 9 10
3 0 8 4 1 2 6 5 7 9 10
3 0 8 4 1 2 6 5 7 9 10
3 0 8 4 1 2 6 5 7 9 10
3 0 8 4 1 2 6 5 7 9 10
3 0 8 4 1 2 6 5 7 9 10
3 0 8 4 1 2 6 5 7 9 10
3 0 8 4 1 2 6 5 7 9 10
3 0 8 4 1 2 6 5 7 9 10
3 0 8 4 1 2 6 5 7 9 10
3 0 8 4 1 2 6 5 7 9 10
3 0 8 4 1 2 6 5 7 9 10
3 0 8 4 1 2 6 5 7 9 10
3 0 8 4 1 2 6 5 7 9 10
3 0 8 4 1 2 6 5 7 9 10
3 0 8 4 1 2 6 5 7 9 10
3 0 8 4 1 2 6 5 7 9 10
3 0 8 4 1 2 6 5 7 9 10
3 0 8 4 1 2 6 5 7 9 10
3 0 8 4 1 2 6 5 7 9 10
3 0 8 4 1 2 6 5 7 9 10
3 0 8 4 1 2 6 5 7 9 10
3 0 8 4 1 2 6 5 7 9 10
3 0 8 4 1 2 6 5 7 9 10
3 0 8 4 1 2 6 5 7 9 10
3 0 8 4 1 2 6 5 7 9 10
3 0 8 4 1 2 6 5 7 9 10
3 0 8 4 1 2 6 5 7 9 10
3 0 8 4 1 2 6 5 7 9 10
3 0 8 4 1 2 6 5 7 9 10
3 0 8 4 1 2 6 5 7 9 10
3 0 8 4 1 2 6 5 7 9 10
3 0 8 4 1 2 6 5 7 9 10
0 1 2 3 4 5 6 7 8 9 10
0 1 2 3 4 5 6 7 8 9 10
0 1 2 3 4 5 6 7 8 9 10
2 0 1 7 4 6 3 5 10 9 8
2 0 1 7 4 6 3 5 9 8 10
2 0 1 7 4 3 6 5 9 8 10
2 1 0 7 4 3 6 5 9 8 10
2 1 0 7 4 3 6 5 8 9 10
2 1 0 7 4 3 6 5 8 9 10
2 1 0 7 4 3 6 5 8 9 10
2 1 0 7 4 3 6 5 8 9 10
2 1 0 7 4 3 6 5 8 9 10
2 1 0 7 4 3 6 5 8 9 10
2 1 0 7 3 4 6 5 8 9 10
2 1 0 7 3 4 6 5 8 9 10
1 0 7 3 4 6 5 8 9 10 244 243 2
1 0 7 3 4 6 5 8 9 10 243 244
1 0 7 3 4 6 5 8 9 10 243 244
1 0 7 3 4 6 5 8 9 10 243 244
1 0 7 3 4 6 5 8 9 10 243 244
1 0 7 3 4 6 5 8 9 10 243 244
1 0 7 3 4 6 5 8 9 10 243 244
1 0 7 3 4 6 5 8 9 10 243 244
1 0 7 3 4 6 5 8 9 10 243 244
1 0 7 3 4 6 5 8 9 10 243 244
1 0 7 3 4 6 5 8 9 10 243 244
1 0 7 3 4 6 5 8 9 10 243 244
1 0 7 3 4 6 5 8 9 10 243 244
1 0 7 4 3 6 5 8 9 10 243 244
1 0 7 4 3 6 5 8 9 10 243 244
1 0 7 4 3 6 5 8 9 10 243 244
1 0 7 4 3 6 5 8 9 10 243 244
1 0 7 4 3 6 5 8 9 10 243 244
1 0 7 4 3 6 5 8 9 10 243 244
1 0 7 4 3 6 5 8 9 10 243 244
1 0 7 4 3 6 5 8 9 10 243 244
1 0 7 4 3 6 5 8 9 10 243 244
1 0 7 4 3 6 5 8 9 10 243 244
1 0 7 4 3 6 5 8 9 10 243 244
1 0 7 4 3 6 5 8 9 10 243 244
1 0 7 4 3 6 5 8 9 10 243 244
1 0 7 4 3 6 5 8 9 10 243 244
1 0 7 4 3 6 5 8 9 10 243 244
1 0 7 4 3 6 5 8 9 10 243 244
1 0 7 4 3 6 5 8 9 10 243 244
1 0 7 4 3 6 5 8 9 10 243 244
1 0 7 4 3 6 5 8 9 10 243 244
1 0 7 4 3 6 5 8 9 10 243 244
1 0 7 4 3 6 5 8 9 10 243 244
0 1 2 3 4 5 6 7 8 9 10 11
0 1 2 3 4 5 6 7 8 9 10 11
0 1 2 3 4 5 6 7 8 9 10 11
3 0 1 6 5 4 2 8 7 9 10 11
3 1 6 0 4 5 2 8 7 9 10 11
3 1 6 0 4 5 2 8 7 9 10 11
3 1 6 0 4 5 2 7 8 9 10 11
3 1 6 0 4 5 2 7 8 9 10 11
3 1 6 0 4 5 2 7 8 9 10 11
3 1 6 0 4 5 2 7 8 9 10 11
3 1 6 0 4 5 2 7 8 9 10 11
1 3 6 0 4 5 2 7 8 9 10 11
1 3 6 0 4 5 2 7 8 9 10 11
1 3 6 0 4 5 2 7 8 9 10 11
1 3 6 0 4 5 2 7 8 9 10 11
1 3 6 0 4 5 2 7 8 9 10 11
1 3 6 0 4 5 2 7 8 9 10 11
1 6 3 0 4 5 2 7 8 9 10 11
1 6 3 0 4 5 2 7 8 9 10 11
1 6 3 0 4 5 2 7 8 9 10 11
1 6 3 0 4 5 2 7 8 9 10 11
1 6 3 0 4 5 2 7 8 9 10 11
1 6 3 0 4 5 2 7 8 9 10 11
1 6 3 0 4 5 2 7 8 9 10 11
1 6 3 0 4 5 2 7 8 9 10 11
1 6 0 3 4 5 2 7 8 9 10 11
1 6 0 3 4 5 2 7 8 9 10 11
1 6 0 3 4 5 2 7 8 9 10 11
1 6 0 3 4 5 2 7 8 9 10 11
1 6 0 3 4 5 2 7 8 9 10 11
1 6 0 3 4 5 2 7 8 9 10 11
1 6 0 3 4 5 2 7 8 9 10 11
1 6 0 3 4 5 2 7 8 9 11 10
1 6 0 3 4 5 2 7 8 9 11 10
1 6 0 3 4 5 2 7 8 9 11 10
1 6 0 3 4 5 2 7 8 9 11 10
1 6 0 3 4 5 2 7 8 9 11 10
1 6 0 3 4 5 2 7 8 9 11 10
1 6 0 3 4 5 2 7 8 9 11 10
1 6 0 3 4 5 2 7 8 9 11 10
1 6 0 3 4 5 2 7 8 9 11 10
1 6 0 3 4 5 2 7 8 9 11 10
1 6 0 3 4 5 2 7 8 9 11 10
1 6 0 3 4 5 2 7 8 9 11 10
1 6 0 3 4 5 2 7 8 9 11 10
1 6 0 3 4 5 2 7 8 9 11 10
1 6 0 3 4 5 2 7 8 9 11 10
1 6 0 3 4 5 2 7 8 9 11 10
1 6 0 3 4 5 2 7 8 9 11 10
1 6 0 3 4 5 2 7 8 9 11 10
1 6 0 3 4 5 2 7 8 9 11 10
1 6 0 3 4 5 2 7 8 9 11 10
1 6 0 3 4 5 2 7 8 9 11 10
1 6 0 3 4 5 2 7 8 9 11 10
1 6 0 3 4 5 2 7 8 9 11 10
1 6 0 3 4 5 2 7 8 9 11 10
1 6 0 3 4 5 2 7 8 9 11 10
1 6 0 3 4 5 2 7 8 9 11 10
1 6 0 3 4 5 2 7 8 9 11 10
1 6 0 3 4 5 2 7 8 9 11 10
1 6 0 3 4 5 2 7 8 9 11 10
1 6 0 3 4 5 2 7 8 9 11 10
1 6 0 3 4 5 2 7 8 9 11 10
1 6 0 3 4 5 2 7 8 9 11 10
1 6 0 3 4 5 2 7 8 9 11 10
1 6 0 3 4 5 2 7 8 9 11 10
1 6 0 3 4 5 2 7 8 9 11 10
1 6 0 3 4 5 2 7 8 9 11 10
1 6 0 3 4 5 2 7 8 9 11 10
1 6 0 3 4 5 2 7 8 9 11 10
1 6 0 3 4 5 2 7 8 9 11 10
1 6 0 3 4 5 2 7 8 9 11 10
1 6 0 3 4 5 2 7 8 9 11 10
1 6 0 3 4 5 2 7 8 9 11 10
1 6 0 3 4 5 2 7 8 9 11 10
1 6 0 3 4 5 2 7 8 9 11 10
1 6 0 3 4 5 2 7 8 9 11 10
1 6 0 3 4 5 2 7 8 9 11 10
1 6 0 3 4 5 2 7 8 9 11 10
1 6 0 3 4 5 2 7 8 9 11 10
1 6 0 3 4 5 2 7 8 9 11 10
1 6 0 3 4 5 2 7 8 9 11 10
1 6 0 3 4 5 2 7 8 9 11 10
1 6 0 3 4 5 2 7 8 9 11 10
1 6 0 3 4 5 2 7 8 9 11 10
1 6 0 3 4 5 2 7 8 9 11 10
1 6 0 3 4 5 2 7 8 9 11 10
1 6 0 3 4 5 2 7 8 9 11 10
1 6 0 3 4 5 2 7 8 9 11 10
1 6 0 3 4 5 2 7 8 9 11 10
1 6 0 3 4 5 2 7 8 9 11 10
1 6 0 3 4 5 2 7 8 9 11 10
1 6 0 3 4 5 2 7 8 9 11 10
1 6 0 3 4 5 2 7 8 9 11 10
1 6 0 3 4 5 2 7 8 9 11 10
1 6 0 3 4 5 2 7 8 9 11 10
1 6 0 3 4 5 2 7 8 9 11 10
1 6 0 3 4 5 2 7 8 9 11 10
1 6 0 3 4 5 2 7 8 9 11 10
1 6 0 3 4 5 2 7 8 9 11 10
1 6 0 3 4 5 2 7 8 9 11 10
1 6 0 3 4 5 2 7 8 9 11 10
1 6 0 3 4 5 2 7 8 9 11 10
1 6 0 3 4 5 2 7 8 9 11 10
1 6 0 3 4 5 2 7 8 9 11 10
1 6 0 3 4 5 2 7 8 9 11 10
1 6 0 3 4 5 2 7 8 9 11 10
1 6 0 3 4 5 2 7 8 9 11 10
1 6 0 3 4 5 2 7 8 9 11 10
1 6 0 3 4 5 2 7 8 9 11 10
1 6 0 3 4 5 2 7 8 9 11 10
1 6 0 3 4 5 2 7 8 9 11 10
1 6 0 3 4 5 2 7 8 9 11 10
1 6 0 3 4 5 2 7 8 9 11 10
1 6 0 3 4 5 2 7 8 9 11 10
1 6 0 3 4 5 2 7 8 9 11 10
1 6 0 3 4 5 2 7 8 9 11 10
0 1 2 3 4 5 6 7 8 9 10 11
0 1 2 3 4 5 6 7 8 9 10 11
0 1 2 3 4 5 6 7 8 9 10 11
0 2 4 1 6 3 5 9 7 8 10 11
0 2 4 1 6 3 5 7 8 9 10 11
0 2 4 1 3 6 5 7 8 9 10 11
0 2 4 1 3 6 5 7 8 9 10 11
0 2 4 1 3 6 5 7 8 10 9 11
0 2 4 1 3 6 5 7 8 10 9 11
0 2 4 1 3 6 5 7 8 10 9 11
0 2 4 1 3 6 5 7 8 10 9 11
0 2 4 1 3 6 5 7 8 9 10 11
0 2 4 1 3 6 5 7 8 9 10 11
0 2 4 1 3 6 5 7 8 9 10 11
0 2 4 1 3 6 5 7 8 9 10 11
0 2 4 1 3 6 5 7 8 9 10 11
0 2 4 3 1 6 5 7 8 9 10 11
0 2 4 3 1 6 5 7 8 9 10 11
0 2 4 3 1 6 5 7 8 9 10 11
0 2 4 3 1 6 5 7 8 9 10 11
0 2 4 3 1 6 5 7 8 9 10 11
0 2 4 3 1 6 5 7 8 9 11 10
0 2 4 3 1 6 5 7 8 9 11 10
0 2 4 3 1 6 5 7 8 9 11 10
0 2 4 3 1 6 5 7 8 9 11 10
0 2 4 3 1 6 5 7 8 9 11 10
0 2 4 3 1 6 5 7 8 9 11 10
0 2 4 3 1 6 5 7 8 9 11 10
0 2 4 3 1 6 5 7 8 9 11 10
0 2 4 3 1 6 5 7 8 9 11 10
0 2 4 3 1 6 5 7 8 9 11 10
0 2 4 3 1 6 5 7 8 9 11 10
0 2 4 1 3 6 5 7 8 9 11 10
0 2 4 1 3 6 5 7 8 9 11 10
0 2 4 1 3 6 5 7 8 9 11 10
0 2 4 1 3 6 5 7 8 9 11 10
0 2 4 1 3 6 5 7 8 9 11 10
0 2 4 1 3 6 5 7 8 9 11 10
0 2 4 1 3 6 5 7 8 9 11 10
0 2 4 1 3 6 5 7 8 9 11 10
0 2 4 1 3 6 5 7 8 9 11 10
0 2 4 3 1 6 5 7 8 9 11 10
0 2 4 3 1 6 5 7 8 9 11 10
0 2 4 3 1 6 5 7 8 9 11 10
0 2 4 3 1 6 5 7 8 9 11 10
0 2 4 3 1 6 5 7 8 9 11 10
0 2 4 3 1 6 5 7 8 9 11 10
0 2 4 3 1 6 5 7 8 9 11 10
0 2 4 3 1 6 5 7 8 9 11 10
0 2 4 3 1 6 5 7 8 9 11 10
0 2 4 3 1 6 5 7 8 9 11 10
0 2 4 3 1 6 5 7 8 9 11 10
0 2 4 3 1 6 5 7 8 9 11 10
0 2 4 3 1 6 5 7 8 9 11 10
0 2 4 3 1 6 5 7 8 9 11 10
0 2 4 3 1 6 5 7 8 9 11 10
0 2 4 3 1 6 5 7 8 9 11 10
0 2 4 3 1 6 5 7 8 9 11 10
0 2 4 3 1 6 5 7 8 9 11 10
0 2 4 3 1 6 5 7 8 9 11 10
0 2 4 3 1 6 5 7 8 9 11 10
0 1 2 3 4 5 6 7 8 9 10 11
0 1 2 3 4 5 6 7 8 9 10 11
0 1 2 3 4 5 6 7 8 9 10 11
0 1 6 5 2 3 4 8 7 9 10 11
0 1 6 5 2 4 3 8 7 9 10 11
0 1 6 5 2 4 3 8 7 9 10 11
0 1 6 5 2 4 3 8 7 9 10 11
0 1 6 5 2 4 3 8 7 9 10 11
0 1 6 5 4 2 3 8 7 9 10 11
0 1 6 5 4 2 3 8 7 9 10 11
0 1 6 5 4 2 3 8 7 9 10 11
0 1 6 5 4 2 3 8 7 9 10 11
0 1 6 5 4 2 3 8 7 9 10 11
0 1 6 5 4 2 3 8 7 9 10 11
0 1 6 5 4 2 3 8 7 9 10 11
0 1 6 4 5 2 3 8 7 9 10 11
0 1 6 4 5 2 3 8 7 9 10 11
0 1 6 4 5 2 3 8 7 9 10 11
0 1 6 4 5 2 3 8 7 9 10 11
0 1 6 4 5 2 3 8 7 9 10 11
0 1 6 4 5 2 3 8 7 9 10 11
0 1 6 4 5 2 3 8 7 9 10 11
0 1 6 4 5 2 3 8 7 9 10 11
0 1 2 3 4 5 6 7 8 9 10 11
0 1 2 3 4 5 6 7 8 9 10 11
0 1 2 3 4 5 6 7 8 9 10 11
0 6 1 5 4 3 2 9 7 8 10 11
0 6 5 1 4 3 2 7 8 9 10 11
0 6 5 1 4 3 2 7 8 9 10 11
0 6 5 1 4 3 2 7 8 9 10 11
0 6 5 1 4 3 2 7 8 9 10 11
0 6 5 1 4 3 2 7 8 9 10 11
0 6 5 1 4 3 2 7 8 9 10 11
0 6 5 1 4 3 2 7 8 9 10 11
0 6 5 1 4 3 2 7 8 9 10 11
0 6 5 1 4 3 2 7 8 9 10 11
0 6 5 1 4 3 2 7 8 9 10 11
0 6 5 1 4 3 2 7 8 9 10 11
0 6 5 1 4 3 2 7 8 9 10 11
0 6 5 1 4 3 2 7 8 9 10 11
0 6 5 1 4 3 2 7 8 9 10 11
0 6 5 1 4 3 2 7 8 9 10 11
0 6 5 1 4 3 2 7 8 9 10 11
0 6 5 1 4 3 2 7 8 9 10 11
0 6 5 1 4 3 2 7 8 9 10 11
0 6 5 1 4 3 2 8 7 9 10 11
0 6 5 1 4 3 2 8 7 9 10 11
0 6 5 1 4 3 2 8 7 9 10 11
0 6 5 1 4 3 2 8 7 9 10 11
0 6 5 1 4 3 2 8 7 9 10 11
0 6 5 1 4 3 2 8 7 9 10 11
0 6 5 1 4 3 2 8 7 9 10 11
0 6 5 1 4 3 2 8 7 9 10 11
0 6 5 1 4 3 2 8 7 9 10 11
0 6 5 1 4 3 2 8 7 9 10 11
0 6 5 1 4 3 2 8 7 9 10 11
0 6 5 1 4 3 2 8 7 9 10 11
0 6 5 1 4 3 2 8 7 9 10 11
0 6 5 1 4 3 2 8 7 9 10 11
0 1 2 3 4 5 6 7 8 9 10 11
0 1 2 3 4 5 6 7 8 9 10 11
0 1 2 3 4 5 6 7 8 9 10 11
5 0 3 2 1 6 4 7 8 9 11 10
5 0 3 2 1 6 4 7 8 9 11 10
5 0 3 2 1 6 4 7 8 9 11 10
5 3 0 2 1 6 4 7 8 9 11 10
5 3 0 2 1 6 4 7 8 9 11 10
5 3 0 2 1 6 4 7 8 9 11 10
5 3 0 2 1 6 4 7 8 9 11 10
5 3 0 2 1 6 4 7 8 9 11 10
5 3 0 2 1 6 4 7 8 9 11 10
5 3 0 2 1 6 4 7 8 9 11 10
5 3 0 2 1 6 4 7 8 9 11 10
5 3 0 2 1 6 4 7 8 9 11 10
5 3 0 2 1 6 4 7 8 9 11 10
5 3 0 2 1 6 4 7 8 9 11 10
5 3 0 2 1 6 4 7 8 9 11 10
5 3 0 2 1 6 4 7 8 9 11 10
5 3 0 1 2 6 4 7 8 9 11 10
5 3 0 1 2 6 4 7 8 9 11 10
5 3 0 1 2 6 4 7 8 9 11 10
5 3 0 1 2 6 4 7 8 9 11 10
5 3 0 1 2 6 4 7 8 9 11 10
5 3 0 1 2 6 4 7 8 9 11 10
5 3 0 1 2 6 4 7 8 9 11 10
5 3 0 1 2 6 4 7 8 9 11 10
5 3 0 1 2 6 4 7 8 9 11 10
5 3 0 1 2 6 4 7 8 9 11 10
5 3 0 1 2 6 4 7 8 9 11 10
5 3 0 1 2 6 4 7 8 9 11 10
5 3 0 1 2 6 4 7 8 9 11 10
5 3 0 1 2 6 4 7 8 9 11 10
5 3 0 1 2 6 4 7 8 9 11 10
5 3 0 1 2 6 4 7 8 9 11 10
5 3 0 1 2 6 4 7 8 9 11 10
0 1 2 3 4 5 6 7 8 9 10 11
0 1 2 3 4 5 6 7 8 9 10 11
0 1 2 3 4 5 6 7 8 9 10 11
2 1 3 6 4 0 5 9 7 8 10 11
2 1 3 6 4 0 5 9 7 8 10 11
2 1 3 6 4 0 5 7 9 8 10 11
2 1 3 6 4 5 0 7 9 8 10 11
2 1 3 6 4 5 0 7 9 8 10 11
2 1 3 6 4 5 0 7 9 8 10 11
2 1 3 6 4 5 0 7 9 8 10 11
2 1 3 6 4 5 0 7 9 8 11 10
2 1 3 6 4 5 0 7 9 8 11 10
2 1 3 6 4 5 0 7 9 8 11 10
2 1 3 6 4 5 0 7 9 8 11 10
2 1 3 6 4 5 0 7 9 8 11 10
2 1 3 6 4 5 0 7 9 8 11 10
2 1 3 6 4 5 0 7 9 8 11 10
2 1 3 6 4 5 0 7 9 8 11 10
2 1 3 6 4 5 0 7 9 8 11 10
2 1 3 6 4 5 0 7 9 8 11 10
2 1 3 6 4 5 0 7 9 8 11 10
2 1 3 6 4 5 0 7 9 8 11 10
2 1 3 6 4 5 0 7 9 8 11 10
2 1 3 6 4 5 0 7 9 8 11 10
2 1 3 6 4 5 0 7 9 8 11 10
2 1 3 6 4 5 0 7 9 8 11 10
2 1 3 6 4 5 0 7 9 8 11 10
2 1 3 6 4 5 0 7 9 8 11 10
2 1 3 6 4 5 0 7 9 8 11 10
2 1 3 6 4 5 0 7 9 8 11 10
2 1 3 6 4 5 0 7 9 8 11 10
2 1 3 6 4 5 0 7 9 8 11 10
2 1 3 6 4 5 0 7 9 8 11 10
2 1 3 6 4 5 0 7 9 8 11 10
2 1 3 6 4 5 0 7 9 8 11 10
2 1 3 6 4 5 0 7 9 8 11 10
2 1 3 6 4 5 0 7 9 8 11 10
2 1 3 6 4 5 0 7 9 8 11 10
2 1 3 6 4 5 0 7 9 8 11 10
2 1 3 6 4 5 0 7 9 8 11 10
2 1 3 6 4 5 0 7 9 8 11 10
2 1 3 6 4 5 0 7 9 8 11 10
2 1 3 6 4 5 0 7 9 8 11 10
2 1 3 6 4 5 0 7 9 8 11 10
2 1 3 6 4 5 0 7 9 8 11 10
2 1 3 6 4 5 0 7 9 8 11 10
2 1 3 6 4 5 0 7 9 8 11 10
2 1 3 6 4 5 0 7 9 8 11 10
2 1 3 6 4 5 0 7 9 8 11 10
2 1 3 6 4 5 0 7 9 8 11 10
2 1 3 6 4 5 0 7 9 8 11 10
2 1 3 6 4 5 0 7 9 8 11 10
2 1 3 6 4 5 0 7 9 8 11 10
2 1 3 6 4 5 0 7 9 8 11 10
2 1 3 6 4 5 0 7 9 8 11 10
2 1 3 6 4 5 0 7 9 8 11 10
2 1 3 6 4 5 0 7 9 8 11 10
2 1 3 6 4 5 0 7 9 8 11 10
2 1 3 6 4 5 0 7 9 8 11 10
2 1 3 6 4 5 0 7 9 8 11 10
2 1 3 6 4 5 0 7 9 8 11 10
2 1 3 6 4 5 0 7 9 8 11 10
2 1 3 6 4 5 0 7 9 8 11 10
2 1 3 6 4 5 0 7 9 8 11 10
2 1 3 6 4 5 0 7 9 8 11 10
2 1 3 6 4 5 0 7 9 8 11 10
2 1 3 6 4 5 0 7 9 8 11 10
2 1 3 6 4 5 0 7 9 8 11 10
2 1 3 6 4 5 0 7 9 8 11 10
2 1 3 6 4 5 0 7 9 8 11 10
2 1 3 6 4 5 0 7 9 8 11 10
2 1 3 6 4 5 0 7 9 8 11 10
2 1 3 6 4 5 0 7 9 8 11 10
2 1 3 6 4 5 0 7 9 8 11 10
2 1 3 6 4 5 0 7 9 8 11 10
2 1 3 6 4 5 0 7 9 8 11 10
2 1 3 6 4 5 0 7 9 8 11 10
2 1 3 6 4 5 0 7 9 8 11 10
2 1 3 6 4 5 0 7 9 8 11 10
2 1 3 6 4 5 0 7 9 8 11 10
2 1 3 6 4 5 0 7 9 8 11 10
2 1 3 6 4 5 0 7 9 8 11 10
2 1 3 6 4 5 0 7 9 8 11 10
2 1 3 6 4 5 0 7 9 8 11 10
2 1 3 6 4 5 0 7 9 8 11 10
2 1 3 6 4 5 0 7 9 8 11 10
2 1 3 6 4 5 0 7 9 8 11 10
2 1 3 6 4 5 0 7 9 8 11 10
2 1 3 6 4 5 0 7 9 8 11 10
2 1 3 6 4 5 0 7 9 8 11 10
2 1 3 6 4 5 0 7 9 8 11 10
2 1 3 6 4 5 0 7 9 8 11 10
2 1 3 6 4 5 0 7 9 8 11 10
2 1 3 6 4 5 0 7 9 8 11 10
2 1 3 6 4 5 0 7 9 8 11 10
2 1 3 6 4 5 0 7 9 8 11 10
2 1 3 6 4 5 0 7 9 8 11 10
2 1 3 6 4 5 0 7 9 8 11 10
2 1 3 6 4 5 0 7 9 8 11 10
2 1 3 6 4 5 0 7 9 8 11 10
2 1 3 6 4 5 0 7 9 8 11 10
2 1 3 6 4 5 0 7 9 8 11 10
2 1 3 6 4 5 0 7 9 8 11 10
2 1 3 6 4 5 0 7 9 8 11 10
2 1 3 6 4 5 0 7 9 8 11 10
2 1 3 6 4 5 0 7 9 8 11 10
2 1 3 6 4 5 0 7 9 8 11 10
2 1 3 6 4 5 0 7 9 8 11 10
2 1 3 6 4 5 0 7 9 8 11 10
2 1 3 6 4 5 0 7 9 8 11 10
0 1 2 3 4 5 6 7 8 9 10 11
0 1 2 3 4 5 6 7 8 9 10 11
0 1 2 3 4 5 6 7 8 9 10 11
0 4 1 2 6 5 3 8 9 7 10 11
0 4 1 2 6 5 3 9 7 8 10 11
0 4 1 6 2 5 3 9 7 8 10 11
0 4 1 6 2 5 3 9 7 8 10 11
0 4 1 6 2 5 3 9 7 8 10 11
0 4 1 6 2 5 3 9 7 8 10 11
0 4 1 6 2 5 3 9 7 8 10 11
0 4 1 6 2 5 3 9 7 8 10 11
0 4 1 6 2 5 3 9 7 8 10 11
0 4 1 6 2 5 3 9 7 8 10 11
0 4 1 6 2 5 3 9 7 8 10 11
0 4 1 6 2 5 3 9 7 8 10 11
0 4 1 6 2 5 3 9 7 8 10 11
0 4 1 6 2 5 3 9 7 8 10 11
0 4 1 6 2 5 3 9 7 8 10 11
0 4 1 6 2 5 3 9 7 8 10 11
0 4 1 6 2 5 3 9 7 8 10 11
0 4 1 6 2 5 3 9 7 8 10 11
0 4 1 6 2 5 3 9 7 8 10 11
0 4 1 6 2 5 3 9 7 8 10 11
