1000.000
2000.000
3000.000
5000.000
1712.308 942.057 910.174 889.341 546.121
513.416 497.897 471.169 468.861 457.132 452.046 443.489 442.886 424.246 362.665 331.257 118.269 16.667 0.000 0.000
506.685 488.189 477.612 470.487 464.574 460.819 451.745 448.215 423.677 375.389 328.181 98.417 6.011 0.000 0.000
497.271 493.736 485.812 473.086 470.749 468.766 450.665 449.884 417.324 374.260 305.876 108.362 4.209 0.000
496.561 490.516 488.313 484.751 475.006 467.263 447.324 443.573 412.379 373.056 301.976 115.280 4.001
497.675 494.040 488.191 486.125 478.015 466.396 444.443 440.669 408.211 372.201 303.461 116.572 4.000
498.917 497.866 488.307 481.582 480.095 465.854 441.919 439.342 405.172 371.617 312.418 116.910
500.719 497.884 488.946 481.045 476.612 465.194 440.621 438.851 403.188 371.439 316.321 119.180
501.733 497.763 489.713 481.458 471.070 464.832 439.941 438.626 402.112 371.570 318.871 122.310
502.535 497.608 490.630 481.602 466.740 464.627 439.577 438.642 401.573 371.887 320.562 124.018
503.416 497.446 491.939 481.621 464.516 463.509 439.374 438.889 401.234 372.211 321.636 124.207
504.183 497.316 492.961 481.679 464.464 461.374 439.254 439.031 401.042 372.500 322.352 123.844
505.018 497.215 493.919 481.725 464.428 459.505 439.189 439.077 400.928 372.769 322.819 123.409
505.937 497.129 494.580 481.817 464.406 457.750 439.150 439.072 400.859 373.108 323.155 123.038
507.001 497.057 495.036 481.967 464.390 456.032 439.127 439.072 400.816 373.450 323.431 122.619
508.043 496.998 495.260 482.101 464.384 454.510 439.117 439.074 400.798 373.773 323.588 122.352
509.235 496.941 495.328 482.161 464.381 452.711 439.116 439.083 400.787 374.089 323.704 122.462
510.441 496.894 495.246 482.190 464.378 450.736 439.120 439.103 400.782 374.294 323.793 123.022
511.601 496.860 495.052 482.226 464.376 448.843 439.127 439.124 400.780 374.402 323.927 123.682
512.698 496.843 494.882 482.255 464.377 446.986 439.150 439.141 400.791 374.476 324.043 124.358
513.849 496.844 494.709 482.371 464.390 445.303 439.177 439.164 400.813 374.510 324.305 124.566
515.127 496.861 494.469 482.522 464.403 443.699 439.223 439.207 400.829 374.531 324.624 124.508
516.571 496.879 494.250 482.721 464.423 441.963 439.288 439.254 400.857 374.533 324.941 124.323
517.918 496.890 494.092 482.862 464.441 440.270 439.344 439.333 400.876 374.484 325.021 124.469
519.024 496.883 493.963 482.925 464.452 439.444 439.383 438.640 400.895 374.424 325.029 124.938
519.758 496.874 493.807 482.906 464.459 439.589 439.414 437.198 400.912 374.386 325.080 125.618
520.260 496.868 493.631 482.853 464.467 439.746 439.441 435.958 400.926 374.361 325.129 126.360
520.605 496.866 493.478 482.794 464.474 439.913 439.462 434.993 400.940 374.350 325.228 126.897
520.876 496.867 493.363 482.711 464.482 440.082 439.482 434.171 400.950 374.348 325.361 127.308
521.094 496.873 493.259 482.609 464.489 440.255 439.503 433.424 400.956 374.350 325.544 127.644
521.266 496.879 493.175 482.523 464.494 440.429 439.523 432.798 400.961 374.353 325.727 127.872
521.444 496.884 493.087 482.431 464.499 440.622 439.542 432.233 400.964 374.354 325.908 128.034
521.587 496.892 493.012 482.347 464.504 440.774 439.562 431.713 400.966 374.359 326.095 128.189
521.733 496.897 492.939 482.266 464.509 440.932 439.583 431.208 400.969 374.361 326.259 128.344
521.830 496.905 492.887 482.205 464.512 441.072 439.601 430.807 400.972 374.365 326.391 128.454
521.911 496.911 492.833 482.157 464.515 441.202 439.617 430.400 400.974 374.368 326.498 128.613
521.969 496.916 492.794 482.118 464.518 441.323 439.631 430.054 400.976 374.371 326.575 128.753
522.016 496.920 492.758 482.089 464.520 441.474 439.643 429.702 400.978 374.374 326.649 128.878
522.052 496.919 492.730 482.063 464.523 441.674 439.654 429.335 400.980 374.376 326.705 128.989
522.081 496.922 492.702 482.043 464.525 441.986 439.663 428.964 400.982 374.377 326.781 128.974
522.134 496.923 492.676 482.028 464.527 442.488 439.670 428.350 400.983 374.376 327.095 128.750
522.113 496.870 492.625 481.973 464.545 443.190 439.699 427.426 401.012 374.377 327.675 128.495
522.030 496.764 492.561 481.918 464.574 443.260 439.760 425.814 401.073 374.382 328.681 129.181
521.811 496.565 492.557 481.823 464.622 443.068 439.863 423.777 401.223 374.398 330.988 129.307
521.545 496.309 492.721 481.818 464.696 442.657 440.031 419.618 401.547 374.410 331.896 132.753
521.339 496.096 492.866 481.774 464.752 442.368 440.196 415.214 401.816 374.431 332.000 137.147
521.220 495.977 492.945 481.742 464.797 442.239 440.302 411.983 401.966 374.445 332.019 140.363
521.141 495.913 492.993 481.716 464.822 442.172 440.380 409.320 402.050 374.455 332.032 143.005
521.089 495.882 493.023 481.699 464.839 442.138 440.432 407.070 402.094 374.462 332.054 145.218
521.058 495.867 493.042 481.689 464.850 442.119 440.465 405.342 402.119 374.465 332.064 146.918
521.036 495.861 493.057 481.681 464.858 442.109 440.490 403.610 402.134 374.467 332.066 148.631
521.021 495.860 493.067 481.677 464.862 442.104 440.506 402.143 402.045 374.469 332.071 150.175
521.013 495.860 493.073 481.674 464.865 442.102 440.515 402.154 400.769 374.469 332.070 151.435
521.009 495.862 493.079 481.672 464.867 442.100 440.523 402.162 399.491 374.469 332.068 152.698
521.006 495.864 493.083 481.670 464.868 442.100 440.528 402.166 398.393 374.469 332.066 153.785
521.006 495.866 493.086 481.669 464.869 442.100 440.532 402.170 397.523 374.470 332.070 154.639
521.007 495.867 493.089 481.668 464.870 442.100 440.534 402.172 396.784 374.470 332.074 155.366
521.007 495.869 493.091 481.668 464.870 442.100 440.536 402.175 396.216 374.470 332.074 155.925
521.009 495.870 493.092 481.667 464.870 442.100 440.538 402.176 395.755 374.470 332.075 156.378
521.010 495.872 493.094 481.667 464.871 442.100 440.539 402.178 395.411 374.470 332.074 156.716
521.010 495.872 493.094 481.667 464.871 442.100 440.540 402.179 395.165 374.470 332.075 156.957
521.011 495.873 493.095 481.666 464.871 442.100 440.540 402.180 394.976 374.470 332.074 157.142
521.012 495.874 493.096 481.666 464.871 442.100 440.541 402.181 394.840 374.470 332.073 157.276
521.013 495.875 493.096 481.666 464.871 442.100 440.541 402.182 394.736 374.470 332.073 157.378
521.013 495.875 493.096 481.666 464.871 442.100 440.541 402.182 394.658 374.470 332.072 157.454
521.013 495.875 493.096 481.666 464.871 442.100 440.542 402.183 394.603 374.470 332.072 157.508
521.014 495.875 493.097 481.666 464.871 442.100 440.542 402.183 394.562 374.470 332.071 157.549
521.014 495.876 493.097 481.666 464.871 442.100 440.542 402.183 394.534 374.470 332.071 157.577
93.368 88.891 97.811 107.242 97.028 108.841 75.080 78.012 11.604 76.627 93.179 72.316
206.960 173.920 183.654 223.753 199.611 194.426 155.146 157.419 14.154 158.096 160.253 172.607
320.870 277.195 278.184 337.787 293.369 278.783 239.648 241.535 16.965 222.071 232.097 261.496
549.387 546.566 478.595 464.521 452.444 450.174 449.300 432.590 412.108 386.066 354.417 23.831
557.521 536.123 493.365 469.138 463.662 453.369 453.166 444.997 415.743 385.765 301.334 25.816
561.121 526.984 496.098 468.175 464.391 453.954 453.237 449.033 413.868 385.185 299.362 28.593
563.779 519.888 496.917 467.137 466.039 454.011 453.547 450.694 412.423 384.698 300.595 30.272
565.471 515.389 497.123 467.512 464.933 454.032 453.964 451.602 411.588 384.277 301.397 32.713
566.872 511.788 497.190 468.280 461.489 454.531 453.881 452.260 411.018 383.816 302.608 36.266
568.039 509.259 497.828 497.182 468.695 455.010 453.788 452.821 410.639 383.314 303.425
569.174 507.267 497.790 497.159 468.970 455.515 453.677 453.294 410.342 382.762 304.050
570.139 505.956 497.680 497.147 469.177 456.069 453.673 453.610 410.170 382.243 304.136
570.989 505.085 497.617 497.128 469.340 456.610 453.953 453.538 410.020 381.748 303.973
571.755 504.567 497.580 497.105 469.491 457.120 454.156 453.469 409.881 381.262 303.614
572.479 504.182 497.546 497.085 469.659 457.621 454.294 453.405 409.753 380.781 303.195
573.127 503.953 497.516 497.066 469.801 458.115 454.383 453.352 409.627 380.334 302.727
573.750 503.779 497.497 497.053 469.938 458.535 454.448 453.302 409.513 379.887 302.299
574.372 503.644 497.483 497.040 470.042 458.996 454.490 453.257 409.379 379.440 301.856
574.992 503.532 497.472 497.035 470.130 459.355 454.522 453.217 409.261 378.987 301.496
575.514 503.449 497.464 497.031 470.182 459.692 454.545 453.185 409.144 378.607 301.188
576.057 503.369 497.458 497.031 470.226 459.969 454.561 453.155 409.039 378.213 300.922
576.576 503.294 497.454 497.033 470.263 460.186 454.571 453.131 408.946 377.839 300.708
577.048 503.229 497.451 497.035 470.288 460.336 454.579 453.109 408.880 377.498 300.548
577.472 503.167 497.449 497.037 470.303 460.481 454.583 453.092 408.814 377.201 300.400
577.838 503.110 497.447 497.040 470.312 460.613 454.587 453.078 408.753 376.951 300.270
578.180 503.057 497.446 497.043 470.317 460.726 454.589 453.063 408.705 376.713 300.161
578.500 503.006 497.445 497.047 470.318 460.834 454.589 453.050 408.657 376.495 300.060
578.776 502.960 497.444 497.049 470.316 460.940 454.590 453.038 408.616 376.309 299.963
579.007 502.923 497.442 497.052 470.311 461.038 454.589 453.027 408.579 376.153 299.879
579.202 502.890 497.441 497.056 470.305 461.133 454.588 453.018 408.544 376.021 299.803
579.373 502.857 497.440 497.059 470.297 461.244 454.587 453.009 408.507 375.906 299.720
579.508 502.830 497.439 497.062 470.288 461.348 454.585 453.001 408.475 375.816 299.647
579.625 502.804 497.438 497.065 470.278 461.464 454.583 452.994 408.444 375.736 299.569
579.730 502.779 497.437 497.069 470.267 461.585 454.581 452.986 408.411 375.664 299.491
579.817 502.760 497.436 497.072 470.255 461.697 454.578 452.978 408.383 375.605 299.419
579.890 502.741 497.434 497.075 470.244 461.817 454.576 452.971 408.355 375.554 299.343
579.950 502.724 497.432 497.079 470.231 461.940 454.573 452.964 408.325 375.511 299.269
580.003 502.706 497.431 497.083 470.219 462.075 454.570 452.957 408.293 375.473 299.189
580.038 502.691 497.430 497.087 470.206 462.212 454.568 452.951 408.260 375.446 299.112
580.072 502.675 497.427 497.092 470.193 462.355 454.565 452.943 408.226 375.419 299.033
580.099 502.660 497.426 497.096 470.180 462.503 454.562 452.935 408.192 375.397 298.950
580.122 502.648 497.424 497.101 470.166 462.636 454.559 452.928 408.158 375.378 298.879
580.140 502.636 497.423 497.104 470.155 462.771 454.556 452.921 408.129 375.362 298.804
580.155 502.626 497.421 497.109 470.141 462.908 454.553 452.913 408.094 375.348 298.733
580.166 502.617 497.418 497.114 470.128 463.038 454.550 452.906 408.060 375.335 298.667
580.176 502.607 497.417 497.118 470.117 463.162 454.548 452.899 408.027 375.325 298.604
580.183 502.600 497.415 497.123 470.104 463.277 454.545 452.893 407.995 375.315 298.551
580.189 502.591 497.413 497.127 470.092 463.394 454.542 452.886 407.959 375.306 298.500
580.195 502.585 497.412 497.131 470.082 463.489 454.540 452.880 407.929 375.300 298.458
580.200 502.579 497.411 497.135 470.072 463.583 454.538 452.874 407.898 375.293 298.416
580.203 502.576 497.409 497.140 470.062 463.668 454.536 452.868 407.869 375.287 298.381
580.206 502.572 497.408 497.144 470.053 463.743 454.535 452.863 407.843 375.282 298.350
580.209 502.569 497.407 497.147 470.045 463.811 454.533 452.859 407.818 375.278 298.324
580.210 502.567 497.406 497.150 470.038 463.871 454.531 452.855 407.796 375.274 298.303
580.212 502.565 497.405 497.153 470.031 463.928 454.530 452.850 407.773 375.270 298.283
580.213 502.563 497.404 497.156 470.025 463.977 454.529 452.847 407.752 375.267 298.268
580.215 502.562 497.403 497.158 470.020 464.017 454.528 452.844 407.736 375.265 298.253
580.216 502.561 497.402 497.160 470.015 464.055 454.527 452.841 407.719 375.263 298.241
580.217 502.560 497.402 497.162 470.010 464.088 454.527 452.838 407.703 375.261 298.232
580.218 502.560 497.401 497.165 470.007 464.118 454.526 452.836 407.690 375.259 298.222
580.219 502.559 497.401 497.166 470.004 464.142 454.525 452.834 407.679 375.257 298.214
580.219 502.559 497.400 497.168 470.000 464.165 454.525 452.832 407.668 375.256 298.208
580.219 502.558 497.400 497.169 469.998 464.184 454.524 452.831 407.658 375.255 298.203
580.220 502.558 497.400 497.170 469.996 464.202 454.524 452.829 407.649 375.254 298.199
101.777 98.754 121.622 84.547 101.472 75.636 102.691 86.863 84.111 74.736 67.790
207.139 207.763 235.006 172.316 188.506 162.048 192.761 170.761 152.533 156.827 154.341
310.853 310.291 338.800 266.410 277.595 251.717 285.964 259.685 224.746 231.065 242.873
550.081 520.866 505.343 473.769 472.940 467.800 462.613 432.789 378.896 372.440 362.463
554.708 518.456 508.829 477.175 474.070 467.574 467.378 440.011 378.530 372.745 340.524
555.811 514.604 511.389 477.769 474.465 469.460 467.331 443.731 380.941 377.714 326.786
556.233 513.459 509.897 477.892 474.687 470.932 467.146 446.565 382.492 381.154 319.543
556.413 514.686 506.341 477.880 474.725 471.974 467.076 448.441 383.332 383.265 315.867
556.496 515.548 503.521 477.834 474.731 472.790 467.052 449.794 384.770 383.696 313.768
556.533 515.994 501.556 477.780 474.744 473.448 467.050 450.682 385.714 383.929 312.570
556.549 516.256 500.158 477.736 474.754 474.008 467.052 451.274 386.373 384.075 311.765
556.559 516.369 499.339 477.701 474.767 474.397 467.059 451.594 386.767 384.158 311.289
556.564 516.422 498.785 477.678 474.780 474.691 467.062 451.778 387.039 384.205 310.995
556.565 516.432 498.442 477.664 474.887 474.794 467.065 451.870 387.208 384.227 310.846
556.567 516.445 498.204 477.655 475.005 474.803 467.071 451.923 387.323 384.241 310.763
516.446 498.057 477.649 475.079 474.812 467.075 451.944 387.396 384.246 310.727 281.272 275.296 0.000
516.422 497.905 477.657 475.100 474.795 467.044 451.969 387.370 384.258 311.043 283.400 273.039
516.253 497.763 477.682 475.118 474.806 467.052 451.935 387.364 384.258 311.108 283.750 272.912
516.066 497.647 477.711 475.097 474.799 467.057 451.969 387.346 384.260 311.230 283.721 273.097
515.939 497.572 477.723 475.077 474.799 467.073 452.037 387.361 384.258 311.701 283.626 272.835
515.851 497.526 477.737 475.058 474.804 467.096 452.138 387.383 384.254 312.327 283.563 272.265
515.829 497.516 477.751 475.052 474.825 467.127 452.264 387.438 384.250 312.732 283.802 271.413
515.882 497.543 477.770 475.053 474.858 467.173 452.417 387.513 384.245 313.266 283.770 270.510
516.033 497.613 477.794 475.057 474.906 467.241 452.617 387.621 384.241 313.959 283.456 269.462
516.192 497.681 477.809 475.063 474.964 467.292 452.812 387.705 384.236 314.092 283.867 268.287
516.333 497.739 477.819 475.073 475.012 467.335 452.973 387.766 384.234 313.953 284.490 267.274
516.451 497.791 477.828 475.081 475.051 467.365 453.115 387.799 384.232 313.826 285.210 266.252
516.549 497.833 477.834 475.088 475.079 467.387 453.226 387.819 384.232 313.685 285.860 265.407
516.624 497.868 477.839 475.100 475.093 467.401 453.316 387.831 384.232 313.563 286.453 264.682
516.678 497.896 477.840 475.114 475.094 467.409 453.376 387.834 384.232 313.468 286.949 264.109
516.725 497.920 477.841 475.122 475.095 467.414 453.420 387.833 384.233 313.388 287.412 263.597
516.759 497.937 477.841 475.126 475.096 467.417 453.451 387.830 384.233 313.336 287.789 263.183
516.789 497.952 477.841 475.128 475.097 467.419 453.473 387.825 384.234 313.296 288.097 262.850
516.815 497.962 477.841 475.129 475.097 467.419 453.488 387.821 384.234 313.266 288.379 262.547
516.834 497.970 477.841 475.129 475.097 467.420 453.497 387.818 384.234 313.247 288.611 262.301
516.851 497.975 477.841 475.129 475.097 467.420 453.502 387.816 384.234 313.235 288.801 262.097
516.865 497.980 477.841 475.129 475.097 467.421 453.506 387.814 384.234 313.227 288.961 261.926
516.879 497.984 477.841 475.128 475.098 467.421 453.507 387.812 384.234 313.220 289.098 261.778
516.890 497.988 477.841 475.127 475.098 467.421 453.508 387.810 384.234 313.215 289.206 261.662
516.900 497.990 477.841 475.127 475.098 467.421 453.507 387.809 384.234 313.211 289.305 261.557
516.910 497.992 477.841 475.127 475.098 467.421 453.506 387.808 384.234 313.207 289.381 261.475
516.918 497.994 477.841 475.126 475.098 467.421 453.504 387.807 384.234 313.205 289.448 261.404
516.925 497.995 477.841 475.126 475.098 467.421 453.502 387.807 384.234 313.203 289.499 261.350
516.932 497.996 477.841 475.126 475.098 467.421 453.499 387.806 384.234 313.202 289.546 261.298
516.938 497.997 477.841 475.125 475.099 467.421 453.497 387.806 384.234 313.201 289.583 261.259
516.944 497.998 477.841 475.125 475.099 467.421 453.494 387.806 384.233 313.200 289.615 261.225
516.949 497.998 477.841 475.125 475.099 467.422 453.491 387.805 384.233 313.200 289.640 261.197
516.954 497.999 477.841 475.125 475.099 467.422 453.488 387.805 384.233 313.199 289.664 261.171
516.959 497.999 477.841 475.125 475.099 467.422 453.486 387.805 384.233 313.199 289.682 261.152
96.897 102.235 86.316 111.037 80.089 89.734 99.930 75.957 94.761 59.356 58.683 45.005
192.380 193.240 182.816 209.728 190.066 199.515 192.832 146.574 166.293 130.195 113.889 82.473
291.179 297.481 274.465 304.991 272.809 286.775 296.499 235.392 242.891 203.125 165.297 129.096
526.702 505.591 501.075 498.830 461.721 460.711 443.644 385.712 378.751 338.406 277.898 220.959
523.284 506.977 500.158 497.234 462.075 461.801 445.517 390.815 386.396 320.843 277.139 227.761
520.989 509.572 500.837 492.222 462.576 460.303 446.273 392.113 390.267 318.440 275.629 230.779
518.897 511.250 499.846 489.118 462.790 458.591 446.686 393.276 392.872 319.655 274.413 232.607
517.382 512.330 498.432 487.554 462.931 457.583 446.847 395.763 393.219 320.646 273.458 233.856
516.327 513.186 497.289 486.738 463.005 456.970 446.913 397.975 393.326 320.796 272.646 234.829
515.651 513.835 496.118 486.263 463.071 456.673 446.952 399.889 393.325 320.651 271.903 235.670
514.949 514.413 495.210 485.998 463.135 456.512 446.988 401.472 393.286 320.419 271.134 236.484
514.847 513.946 494.657 485.874 463.207 456.422 447.024 402.632 393.246 320.507 270.476 237.162
515.236 512.275 494.256 485.841 463.295 456.389 447.076 403.542 393.214 321.228 269.855 237.795
515.619 509.822 493.988 485.861 463.402 456.421 447.122 404.444 393.188 322.471 269.321 238.342
515.987 506.817 494.062 485.931 463.549 456.494 447.194 405.176 393.157 323.959 268.790 238.885
516.389 502.771 494.383 485.816 463.721 456.600 447.251 405.885 393.142 326.346 268.314 239.382
516.792 498.859 494.806 485.740 463.925 456.666 447.339 406.547 393.125 328.479 267.854 239.868
517.209 495.282 495.170 485.723 464.108 456.618 447.373 407.151 393.108 330.507 267.333 240.418
517.612 495.653 492.547 485.702 464.238 456.517 447.350 407.696 393.093 331.818 266.807 240.967
517.951 495.949 490.727 485.674 464.330 456.405 447.308 408.121 393.084 332.661 266.266 241.525
518.243 496.208 489.256 485.617 464.396 456.287 447.256 408.492 393.076 333.361 265.678 242.130
518.496 496.442 488.041 485.546 464.451 456.182 447.219 408.788 393.072 333.941 265.044 242.777
518.676 496.616 487.125 485.487 464.488 456.086 447.189 409.007 393.071 334.423 264.484 243.349
518.814 496.794 486.247 485.421 464.520 456.009 447.172 409.189 393.073 334.920 263.837 244.005
518.916 496.972 485.440 485.369 464.547 455.937 447.166 409.363 393.074 335.365 263.126 244.725
519.000 497.116 485.327 484.733 464.570 455.873 447.159 409.507 393.077 335.782 262.413 245.444
519.069 497.282 485.285 483.978 464.594 455.813 447.161 409.668 393.079 336.205 261.581 246.287
519.119 497.419 485.259 483.372 464.613 455.765 447.162 409.806 393.081 336.532 260.734 247.139
519.159 497.554 485.234 482.796 464.628 455.712 447.165 409.939 393.082 336.847 259.759 248.125
519.197 497.677 485.215 482.276 464.647 455.666 447.171 410.062 393.084 337.108 258.562 249.335
519.224 497.792 485.203 481.820 464.659 455.617 447.176 410.166 393.086 337.342 257.030 250.885
519.246 497.901 485.197 481.408 464.671 455.568 447.180 410.264 393.087 337.532 255.267 252.679
519.262 497.984 485.196 481.074 464.678 455.528 447.180 410.343 393.089 337.678 254.218 253.768
519.280 498.066 485.194 480.719 464.686 455.483 447.181 410.422 393.091 337.860 255.976 252.042
519.291 498.138 485.191 480.395 464.692 455.434 447.183 410.491 393.092 338.043 257.505 250.545
519.308 498.207 485.192 480.050 464.697 455.397 447.185 410.561 393.093 338.230 258.985 249.093
519.321 498.273 485.190 479.714 464.702 455.351 447.188 410.623 393.094 338.442 260.333 247.770
519.337 498.339 485.195 479.355 464.708 455.320 447.191 410.691 393.095 338.632 261.692 246.444
519.352 498.403 485.202 479.005 464.714 455.286 447.192 410.756 393.097 338.833 262.875 245.286
519.368 498.475 485.203 478.632 464.720 455.245 447.197 410.824 393.097 339.033 263.982 244.223
519.378 498.534 485.205 478.315 464.723 455.205 447.198 410.881 393.098 339.214 264.786 243.462
519.391 498.598 485.208 477.981 464.729 455.158 447.201 410.944 393.098 339.394 265.449 242.850
519.404 498.650 485.214 477.690 464.733 455.125 447.202 410.995 393.099 339.536 265.912 242.440
519.412 498.710 485.216 477.406 464.738 455.071 447.203 411.049 393.099 339.674 266.323 242.099
519.422 498.765 485.218 477.142 464.744 455.015 447.206 411.096 393.100 339.790 266.673 241.830
519.428 498.818 485.219 476.933 464.747 454.951 447.206 411.134 393.101 339.874 266.951 241.639
519.434 498.867 485.218 476.709 464.752 454.883 447.207 411.170 393.101 339.963 267.236 241.460
519.438 498.920 485.217 476.503 464.756 454.798 447.207 411.202 393.101 340.048 267.511 241.300
519.441 498.966 485.216 476.330 464.759 454.718 447.206 411.227 393.101 340.087 267.743 241.206
519.445 499.015 485.213 476.154 464.762 454.629 447.205 411.253 393.101 340.134 267.985 241.103
519.449 499.060 485.210 475.975 464.767 454.544 447.205 411.277 393.101 340.191 268.254 240.969
519.452 499.107 485.207 475.816 464.770 454.447 447.204 411.296 393.100 340.234 268.529 240.835
519.456 499.155 485.203 475.660 464.774 454.347 447.203 411.317 393.100 340.292 268.820 240.672
519.462 499.198 485.199 475.519 464.774 454.248 447.202 411.335 393.099 340.384 269.099 240.481
519.465 499.244 485.196 475.373 464.775 454.138 447.201 411.351 393.098 340.509 269.428 240.222
519.469 499.287 485.193 475.235 464.778 454.024 447.201 411.366 393.098 340.646 269.779 239.924
519.473 499.322 485.191 475.130 464.780 453.911 447.200 411.380 393.097 340.771 270.116 239.629
519.476 499.360 485.189 475.012 464.783 453.793 447.200 411.395 393.097 340.919 270.462 239.314
519.481 499.394 485.189 474.910 464.785 453.680 447.200 411.407 393.097 341.056 270.829 238.972
519.484 499.424 485.189 474.819 464.788 453.568 447.199 411.419 393.097 341.192 271.238 238.583
519.488 499.453 485.187 474.748 464.790 453.442 447.199 411.430 393.097 341.318 271.686 238.161
519.491 499.480 485.187 474.677 464.789 453.320 447.198 411.439 393.097 341.454 272.119 237.749
519.495 499.507 485.184 474.617 464.789 453.180 447.197 411.449 393.097 341.585 272.629 237.272
519.499 499.532 485.184 474.553 464.789 453.050 447.197 411.458 393.097 341.706 273.188 236.748
519.502 499.555 485.181 474.503 464.789 452.907 447.195 411.466 393.097 341.832 273.899 236.072
519.505 499.579 485.179 474.447 464.791 452.778 447.195 411.476 393.097 341.930 274.611 235.412
519.510 499.601 485.177 474.403 464.788 452.637 447.193 411.482 393.096 342.032 275.535 234.546
519.513 499.625 485.175 474.351 464.787 452.496 447.193 411.489 393.096 342.112 276.527 233.636
519.516 499.648 485.172 474.298 464.785 452.363 447.191 411.495 393.096 342.177 277.802 232.456
519.520 499.671 485.168 474.255 464.784 452.231 447.189 411.500 393.096 342.185 279.128 231.270
519.523 499.695 485.164 474.206 464.780 452.098 447.187 411.504 393.095 342.196 280.676 229.876
519.525 499.717 485.158 474.158 464.778 451.981 447.184 411.506 393.095 342.191 282.433 228.275
519.526 499.739 485.152 474.100 464.773 451.873 447.181 411.505 393.095 342.217 284.289 226.549
519.527 499.762 485.146 474.050 464.769 451.772 447.178 411.503 393.094 342.217 286.332 224.650
519.528 499.781 485.141 474.001 464.766 451.688 447.176 411.503 393.093 342.181 288.308 222.834
519.529 499.799 485.135 473.949 464.763 451.612 447.175 411.505 393.093 342.141 290.293 221.007
519.529 499.812 485.128 473.899 464.760 451.547 447.174 411.508 393.092 342.107 292.064 219.378
519.527 499.822 485.121 473.850 464.757 451.489 447.174 411.512 393.092 342.117 293.757 217.780
519.526 499.830 485.117 473.811 464.756 451.442 447.174 411.512 393.091 342.134 295.369 216.239
519.525 499.837 485.112 473.776 464.754 451.400 447.173 411.510 393.091 342.164 296.977 214.679
519.525 499.844 485.110 473.746 464.754 451.371 447.173 411.511 393.090 342.169 298.488 213.220
519.524 499.845 485.107 473.717 464.753 451.342 447.172 411.508 393.090 342.196 299.912 211.834
519.524 499.842 485.105 473.688 464.752 451.318 447.170 411.502 393.090 342.226 301.173 210.609
519.524 499.838 485.101 473.662 464.751 451.296 447.169 411.494 393.091 342.269 302.243 209.563
519.524 499.835 485.099 473.640 464.750 451.278 447.167 411.488 393.091 342.292 303.428 208.407
519.524 499.831 485.098 473.621 464.749 451.264 447.166 411.482 393.091 342.294 304.808 207.071
519.524 499.821 485.095 473.597 464.748 451.247 447.164 411.471 393.092 342.313 306.543 205.384
519.524 499.809 485.091 473.570 464.747 451.230 447.162 411.459 393.093 342.331 308.586 203.400
519.524 499.796 485.084 473.540 464.746 451.213 447.158 411.443 393.093 342.350 310.823 201.230
519.523 499.782 485.081 473.512 464.745 451.196 447.155 411.428 393.094 342.358 312.706 199.419
519.522 499.764 485.075 473.478 464.743 451.176 447.152 411.409 393.095 342.380 314.358 197.848
519.521 499.741 485.069 473.439 464.741 451.153 447.147 411.385 393.097 342.424 315.661 196.623
519.520 499.712 485.061 473.392 464.738 451.126 447.141 411.355 393.098 342.453 316.875 195.528
519.519 499.665 485.044 473.318 464.734 451.083 447.131 411.304 393.101 342.531 317.906 194.663
519.519 499.626 485.034 473.248 464.731 451.045 447.122 411.259 393.104 342.574 318.854 193.886
519.517 499.587 485.022 473.176 464.725 451.001 447.114 411.211 393.107 342.701 319.524 193.315
519.517 499.559 485.015 473.119 464.721 450.963 447.108 411.171 393.109 342.815 320.026 192.875
519.517 499.541 485.011 473.080 464.719 450.936 447.104 411.141 393.111 342.892 320.374 192.575
519.516 499.530 485.007 473.047 464.717 450.912 447.100 411.115 393.113 342.947 320.656 192.341
519.516 499.521 485.004 473.020 464.716 450.892 447.097 411.091 393.115 342.969 320.906 192.155
519.513 499.511 484.996 472.989 464.713 450.867 447.092 411.062 393.116 342.984 321.157 191.999
519.511 499.504 484.984 472.955 464.711 450.842 447.086 411.027 393.119 342.954 321.417 191.889
519.507 499.495 484.980 472.922 464.708 450.817 447.082 410.999 393.121 342.860 321.637 191.873
519.500 499.482 484.958 472.867 464.704 450.776 447.071 410.939 393.125 342.871 321.967 191.740
519.495 499.475 484.946 472.818 464.701 450.739 447.063 410.891 393.129 342.965 322.270 191.509
519.491 499.471 484.938 472.779 464.699 450.708 447.057 410.850 393.132 343.074 322.544 191.255
519.490 499.475 484.933 472.750 464.698 450.687 447.053 410.820 393.135 343.154 322.745 191.059
519.489 499.481 484.931 472.728 464.698 450.671 447.051 410.800 393.137 343.208 322.920 190.886
519.489 499.488 484.929 472.714 464.697 450.660 447.050 410.787 393.138 343.241 323.058 190.748
519.489 499.494 484.928 472.704 464.697 450.652 447.049 410.778 393.139 343.263 323.166 190.641
519.489 499.499 484.927 472.697 464.697 450.646 447.049 410.771 393.140 343.277 323.252 190.555
519.489 499.503 484.927 472.692 464.697 450.642 447.049 410.767 393.140 343.287 323.325 190.482
519.489 499.507 484.927 472.688 464.696 450.639 447.048 410.764 393.141 343.294 323.379 190.429
519.489 499.510 484.926 472.685 464.696 450.637 447.048 410.762 393.141 343.298 323.421 190.387
519.488 499.512 484.926 472.683 464.696 450.636 447.048 410.760 393.141 343.301 323.454 190.353
519.488 499.513 484.926 472.682 464.696 450.635 447.048 410.759 393.141 343.304 323.483 190.324
519.488 499.515 484.926 472.680 464.696 450.634 447.048 410.758 393.142 343.305 323.507 190.300
113.351 95.939 87.948 92.042 103.732 76.944 92.887 83.434 69.586 77.736 68.752 37.651
217.930 187.795 186.079 180.828 199.296 163.335 176.840 152.800 147.037 170.431 146.474 71.155
334.598 275.467 293.999 282.250 286.671 246.819 259.677 235.064 224.052 250.062 211.842 99.498
554.795 494.374 493.565 471.096 445.779 441.624 415.930 411.122 393.896 362.148 343.506 172.164
562.312 497.672 496.485 467.876 450.858 450.737 424.576 403.364 364.416 362.127 339.360 180.217
565.553 498.547 497.248 465.916 454.803 452.735 428.023 406.871 364.086 344.951 336.392 184.873
567.262 498.787 497.381 464.755 457.027 454.134 430.573 408.273 363.732 335.667 334.609 187.801
568.175 498.723 497.315 464.230 458.496 455.007 432.389 408.666 363.460 333.474 330.826 189.241
568.818 498.591 497.250 464.060 459.411 455.299 433.786 408.834 363.269 331.438 327.818 191.425
569.315 498.455 497.162 464.120 460.162 455.387 434.693 408.914 363.066 328.577 325.772 194.377
569.709 498.289 497.071 464.232 460.797 455.392 435.449 408.928 362.894 324.294 324.147 198.796
570.000 498.155 496.981 464.337 461.306 455.379 435.981 408.922 362.746 322.680 319.804 203.709
570.195 498.000 496.884 464.372 461.720 455.346 436.429 408.857 362.629 321.570 313.882 210.116
570.346 497.872 496.806 464.498 462.125 455.309 436.720 408.861 362.528 320.511 307.798 216.626
570.405 497.744 496.722 464.482 462.803 455.273 436.921 408.860 362.455 319.928 301.008 223.400
570.450 497.633 496.652 464.530 463.733 455.240 437.047 408.965 362.395 319.136 294.731 229.490
570.329 497.481 496.567 465.009 464.325 455.189 437.053 409.100 362.365 318.492 288.954 235.137
570.210 497.356 496.487 465.762 464.178 455.147 437.033 409.234 362.356 318.270 282.760 241.206
570.117 497.304 496.421 466.234 464.166 455.124 437.041 409.262 362.367 318.068 276.301 247.595
570.038 497.281 496.371 466.560 464.227 455.107 437.062 409.213 362.385 317.882 270.043 253.832
569.956 497.278 496.330 466.797 464.353 455.099 437.089 409.136 362.410 317.691 263.947 259.914
569.863 497.287 496.303 466.964 464.503 455.096 437.124 409.060 362.443 317.533 264.599 259.224
569.780 497.292 496.280 467.088 464.705 455.094 437.154 408.967 362.479 317.403 267.826 255.932
569.696 497.303 496.267 467.177 464.894 455.092 437.184 408.881 362.513 317.301 270.104 253.589
569.615 497.302 496.254 467.267 465.135 455.090 437.203 408.760 362.549 317.227 272.133 251.466
569.540 497.301 496.244 467.341 465.378 455.089 437.229 408.650 362.584 317.132 273.988 249.524
569.468 497.296 496.235 467.414 465.680 455.088 437.249 408.516 362.618 317.033 276.034 247.370
569.403 497.282 496.228 467.488 466.011 455.088 437.269 408.363 362.652 316.946 278.048 245.221
569.344 497.262 496.217 467.574 466.417 455.086 437.281 408.181 362.686 316.855 280.180 242.915
569.281 497.251 496.212 467.648 466.813 455.085 437.309 408.030 362.718 316.722 282.150 240.780
569.223 497.231 496.209 467.736 467.274 455.085 437.336 407.866 362.749 316.531 284.112 238.647
569.167 497.196 496.198 467.856 467.818 455.083 437.362 407.678 362.781 316.285 285.967 236.609
569.114 497.143 496.188 468.430 467.989 455.080 437.393 407.470 362.810 315.968 287.556 234.860
569.038 497.083 496.176 469.175 468.153 455.075 437.438 407.261 362.844 315.476 289.210 233.071
568.961 497.026 496.161 469.966 468.388 455.071 437.476 407.037 362.880 314.869 290.680 231.485
568.846 496.907 496.129 471.044 468.786 455.054 437.533 406.742 362.929 313.964 292.133 229.932
568.689 496.838 496.103 471.826 469.311 455.041 437.590 406.483 362.984 313.149 293.535 228.452
568.479 496.741 496.051 472.435 470.117 455.016 437.653 406.217 363.061 312.313 294.944 226.973
568.236 496.647 495.998 472.776 471.074 454.990 437.707 406.028 363.145 311.543 296.212 225.643
567.938 496.548 495.910 472.972 472.172 454.949 437.746 405.856 363.245 310.862 297.498 224.305
567.688 496.473 495.818 473.080 473.022 454.919 437.810 405.753 363.336 310.344 298.512 223.245
567.376 496.415 495.734 473.736 473.124 454.901 437.933 405.702 363.443 309.928 299.434 222.272
567.110 496.393 495.648 474.181 473.139 454.893 438.060 405.742 363.547 309.615 300.110 221.562
566.844 496.370 495.578 474.491 473.132 454.887 438.202 405.774 363.647 309.442 300.694 220.939
566.591 496.367 495.512 474.666 473.120 454.885 438.368 405.818 363.747 309.323 301.138 220.464
566.382 496.374 495.448 474.780 473.114 454.882 438.511 405.855 363.838 309.241 301.486 220.089
566.183 496.386 495.394 474.839 473.104 454.882 438.669 405.889 363.918 309.184 301.743 219.809
566.003 496.400 495.343 474.880 473.099 454.880 438.808 405.914 363.994 309.148 301.961 219.571
565.840 496.418 495.303 474.908 473.101 454.877 438.932 405.935 364.065 309.108 302.120 219.394
565.690 496.437 495.264 474.925 473.105 454.874 439.040 405.956 364.130 309.079 302.246 219.254
565.569 496.452 495.231 474.934 473.107 454.872 439.134 405.973 364.181 309.057 302.332 219.157
565.454 496.468 495.201 474.940 473.113 454.870 439.219 405.990 364.232 309.034 302.405 219.074
565.353 496.482 495.174 474.944 473.119 454.868 439.290 406.006 364.277 309.016 302.460 219.012
565.280 496.490 495.151 474.946 473.124 454.867 439.340 406.018 364.308 309.010 302.496 218.970
565.206 496.500 495.130 474.948 473.132 454.865 439.385 406.030 364.339 309.005 302.528 218.932
565.141 496.508 495.111 474.949 473.139 454.864 439.423 406.041 364.368 309.001 302.552 218.904
565.086 496.515 495.096 474.950 473.146 454.863 439.452 406.052 364.392 308.996 302.569 218.883
565.040 496.520 495.083 474.951 473.152 454.862 439.474 406.061 364.413 308.994 302.583 218.866
565.001 496.524 495.070 474.951 473.157 454.862 439.492 406.069 364.431 308.994 302.594 218.853
564.968 496.528 495.058 474.952 473.162 454.861 439.506 406.076 364.446 308.996 302.602 218.844
564.939 496.531 495.048 474.952 473.167 454.861 439.517 406.083 364.460 308.997 302.609 218.836
100.266 101.572 92.986 92.475 89.410 92.828 95.654 80.500 83.240 60.834 64.412 45.820
215.660 196.678 174.482 181.889 186.630 179.274 197.548 156.454 157.895 132.243 127.754 93.495
338.640 296.485 257.631 264.018 275.443 270.541 289.508 237.934 239.806 214.168 178.214 137.613
568.136 514.694 490.730 450.594 444.603 439.345 437.116 387.511 381.414 355.453 300.945 229.458
563.429 517.049 495.357 453.154 449.049 444.104 438.937 391.836 382.254 331.819 299.105 233.907
561.270 519.392 496.851 453.614 450.528 447.602 439.125 392.910 380.702 324.213 297.666 236.128
559.989 520.535 497.575 453.700 451.097 449.813 439.300 393.435 379.410 320.886 297.016 237.243
559.221 521.049 497.978 453.683 451.331 451.088 439.498 393.735 378.547 319.351 296.782 237.737
558.696 521.282 498.225 453.662 451.931 451.435 439.717 393.966 377.759 318.677 296.660 237.989
558.328 521.403 498.393 453.640 452.484 451.475 439.943 394.142 377.205 318.279 296.601 238.109
558.037 521.474 498.507 453.623 452.882 451.495 440.166 394.290 376.761 318.029 296.575 238.161
557.823 521.515 498.590 453.612 453.146 451.505 440.357 394.404 376.435 317.867 296.565 238.182
557.659 521.536 498.647 453.604 453.337 451.506 440.534 394.497 376.197 317.730 296.561 238.191
557.538 521.548 498.685 453.600 453.474 451.504 440.681 394.567 376.015 317.634 296.560 238.194
557.431 521.553 498.720 453.596 453.590 451.499 440.807 394.627 375.866 317.556 296.559 238.196
557.349 521.558 498.743 453.670 453.595 451.497 440.886 394.673 375.758 317.517 296.559 238.196
557.281 521.557 498.763 453.742 453.592 451.494 440.952 394.711 375.671 317.481 296.559 238.196
557.226 521.558 498.777 453.795 453.591 451.491 440.998 394.742 375.602 317.464 296.559 238.197
557.181 521.558 498.789 453.834 453.590 451.489 441.032 394.768 375.549 317.456 296.559 238.197
557.149 521.558 498.795 453.858 453.589 451.487 441.053 394.786 375.512 317.456 296.559 238.197
557.122 521.558 498.801 453.878 453.589 451.486 441.070 394.802 375.484 317.455 296.559 238.197
557.101 521.557 498.805 453.893 453.588 451.484 441.083 394.815 375.462 317.455 296.559 238.197
557.085 521.557 498.809 453.903 453.588 451.483 441.091 394.824 375.446 317.457 296.559 238.197
105.432 96.171 92.724 89.041 87.991 109.020 104.422 63.025 91.541 60.765 59.712 40.156
195.506 181.672 180.759 183.610 179.771 206.537 194.615 135.620 158.958 157.741 127.941 97.271
306.175 275.262 268.113 280.734 266.982 299.607 296.438 220.951 237.442 232.768 180.662 134.866
512.162 501.145 495.275 490.093 460.782 455.987 411.980 389.087 381.590 369.605 314.279 218.015
518.544 499.212 490.136 489.772 463.007 453.629 415.908 386.353 376.835 367.922 310.775 227.907
520.431 495.961 489.623 486.711 463.730 453.394 416.548 388.236 380.288 365.138 307.687 232.253
521.418 492.650 489.086 484.866 464.322 454.045 416.637 389.059 382.841 365.042 304.142 235.893
521.946 491.115 488.654 483.825 464.752 454.969 416.659 389.418 384.551 364.050 300.496 239.565
522.292 490.389 488.314 483.044 465.013 455.844 416.674 389.593 385.715 363.032 296.996 243.093
522.490 490.046 488.051 482.449 465.174 456.572 416.692 389.680 386.592 362.156 293.619 246.476
522.634 489.865 487.860 481.942 465.268 457.257 416.705 389.732 387.273 361.325 290.087 250.053
522.731 489.772 487.729 481.539 465.322 457.810 416.714 389.766 387.786 360.594 287.150 253.087
522.791 489.721 487.654 481.208 465.349 458.272 416.714 389.793 388.168 359.980 284.424 255.925
522.827 489.697 487.607 480.956 465.359 458.609 416.712 389.812 388.483 359.516 282.315 258.106
522.856 489.683 487.576 480.725 465.364 458.913 416.711 389.830 388.748 359.155 280.576 259.862
522.873 489.678 487.556 480.545 465.366 459.136 416.710 389.846 388.974 358.875 279.353 261.089
522.886 489.676 487.543 480.393 465.366 459.324 416.709 389.859 389.160 358.647 278.408 262.029
522.895 489.680 487.533 480.257 465.365 459.483 416.709 389.872 389.337 358.438 277.681 262.751
522.902 489.684 487.525 480.139 465.363 459.612 416.709 389.884 389.494 358.264 277.180 263.243
522.906 489.690 487.520 480.050 465.362 459.704 416.709 389.893 389.626 358.123 276.878 263.539
522.909 489.696 487.515 479.970 465.360 459.784 416.709 389.901 389.746 357.996 276.658 263.755
522.913 489.701 487.511 479.902 465.359 459.850 416.709 389.909 389.847 357.888 276.513 263.897
522.916 489.707 487.509 479.849 465.358 459.899 416.709 389.941 389.915 357.790 276.420 263.988
522.922 489.711 487.506 479.807 465.357 459.939 416.709 390.026 389.914 357.702 276.362 264.045
522.925 489.717 487.504 479.770 465.356 459.971 416.709 390.104 389.916 357.623 276.322 264.084
522.928 489.721 487.502 479.739 465.355 459.997 416.709 390.170 389.919 357.554 276.295 264.110
522.930 489.725 487.501 479.712 465.354 460.020 416.709 390.232 389.922 357.491 276.275 264.129
522.932 489.730 487.499 479.689 465.353 460.038 416.709 390.287 389.924 357.435 276.263 264.141
522.933 489.734 487.497 479.670 465.352 460.054 416.709 390.335 389.926 357.386 276.255 264.149
522.934 489.737 487.496 479.654 465.352 460.066 416.709 390.375 389.928 357.345 276.249 264.154
522.935 489.740 487.495 479.641 465.351 460.076 416.709 390.412 389.930 357.307 276.245 264.158
522.935 489.744 487.494 479.630 465.351 460.085 416.709 390.444 389.931 357.275 276.243 264.160
522.936 489.746 487.493 479.621 465.350 460.091 416.709 390.473 389.932 357.246 276.241 264.161
522.936 489.749 487.493 479.614 465.350 460.097 416.709 390.498 389.933 357.219 276.240 264.162
522.936 489.751 487.492 479.607 465.349 460.101 416.709 390.521 389.934 357.196 276.239 264.163
522.937 489.753 487.491 479.602 465.349 460.105 416.709 390.541 389.935 357.176 276.239 264.163
115.230 84.940 92.480 105.412 84.371 104.893 81.915 81.423 86.900 55.318 51.406 55.712
215.345 180.135 188.420 210.860 165.571 203.187 179.017 155.199 154.402 136.092 101.344 110.427
314.838 280.990 273.038 319.576 236.840 307.858 276.607 239.060 234.888 206.222 148.901 161.182
521.193 510.333 505.890 473.355 464.464 438.721 428.262 399.120 374.559 354.154 271.361 258.587
519.251 507.731 506.157 473.925 465.547 439.941 431.487 405.225 384.510 330.749 277.890 257.587
519.029 506.378 505.891 473.854 467.010 440.687 432.565 407.599 387.331 322.349 282.263 255.043
518.791 505.721 505.677 473.744 468.146 441.272 433.053 408.727 388.485 318.304 286.053 252.026
518.617 505.576 505.383 473.654 469.142 441.603 433.264 409.435 388.904 316.091 288.708 249.625
518.442 505.385 505.113 473.567 470.421 441.904 433.302 409.934 389.097 314.330 291.167 247.339
518.346 505.177 504.854 473.483 471.579 442.112 433.285 410.285 389.187 313.052 293.132 245.508
518.312 504.991 504.563 473.412 472.373 442.268 433.232 410.548 389.241 312.285 295.053 243.722
518.304 504.876 504.299 473.359 472.722 442.357 433.182 410.708 389.278 312.016 296.585 242.313
518.306 504.802 504.051 473.316 472.879 442.411 433.146 410.812 389.299 311.961 297.918 241.100
518.325 504.753 503.845 473.282 472.962 442.438 433.121 410.878 389.316 311.951 299.052 240.076
518.333 504.715 503.618 473.253 473.012 442.454 433.106 410.925 389.327 312.036 300.020 239.201
518.337 504.689 503.372 473.227 473.046 442.463 433.097 410.972 389.338 312.169 300.813 238.477
518.340 504.670 503.120 473.204 473.071 442.469 433.092 411.010 389.342 312.334 301.491 237.857
518.335 504.650 502.835 473.181 473.093 442.473 433.089 411.054 389.347 312.553 302.108 237.283
518.324 504.636 502.477 473.156 473.114 442.479 433.092 411.110 389.348 312.837 302.624 236.803
518.302 504.619 502.086 473.139 473.129 442.485 433.097 411.178 389.349 313.164 303.011 236.443
518.278 504.604 501.695 473.161 473.101 442.493 433.101 411.257 389.350 313.479 303.350 236.130
518.250 504.599 501.289 473.184 473.074 442.499 433.110 411.349 389.345 313.801 303.628 235.872
518.227 504.597 500.936 473.201 473.048 442.503 433.116 411.445 389.348 314.059 303.839 235.681
518.212 504.590 500.693 473.213 473.030 442.506 433.117 411.533 389.349 314.222 304.014 235.521
518.206 504.584 500.493 473.219 473.017 442.506 433.116 411.615 389.357 314.338 304.155 235.394
518.199 504.579 500.331 473.225 473.007 442.505 433.115 411.686 389.362 314.430 304.267 235.294
518.199 504.576 500.202 473.227 472.999 442.503 433.113 411.755 389.369 314.488 304.363 235.206
518.199 504.574 500.096 473.229 472.994 442.501 433.110 411.813 389.376 314.531 304.437 235.139
518.201 504.571 500.014 473.230 472.990 442.499 433.108 411.863 389.383 314.559 304.497 235.085
518.203 504.569 499.954 473.231 472.987 442.497 433.106 411.905 389.387 314.576 304.541 235.045
518.204 504.567 499.905 473.231 472.985 442.495 433.104 411.945 389.390 314.583 304.580 235.009
518.206 504.567 499.865 473.231 472.983 442.494 433.103 411.978 389.393 314.588 304.609 234.983
518.207 504.566 499.834 473.232 472.982 442.493 433.102 412.006 389.396 314.588 304.631 234.963
518.208 504.565 499.810 473.232 472.982 442.492 433.101 412.032 389.398 314.585 304.650 234.945
518.210 504.564 499.792 473.232 472.981 442.491 433.100 412.055 389.400 314.579 304.665 234.932
518.210 504.564 499.777 473.232 472.980 442.490 433.100 412.074 389.401 314.574 304.676 234.922
92.032 90.305 112.260 92.416 97.557 97.000 107.482 76.776 68.597 71.702 54.972 38.900
177.326 188.814 230.945 198.216 195.567 185.131 197.740 146.212 119.097 169.664 103.605 87.684
269.267 299.381 324.454 300.060 274.311 276.598 288.605 219.393 188.720 260.210 165.999 133.003
549.799 505.620 502.970 481.921 470.982 463.601 448.378 402.108 355.026 334.627 273.094 211.875
558.561 508.614 500.117 485.063 476.640 461.311 454.094 364.792 362.301 337.646 266.338 224.522
562.630 510.058 499.235 486.557 477.516 458.064 456.195 365.017 353.811 338.071 261.025 231.822
565.365 510.640 499.071 487.329 477.814 457.013 455.384 366.721 348.879 338.108 256.363 237.312
567.228 510.832 499.331 487.692 477.918 457.285 453.555 367.800 345.757 337.946 253.595 241.062
568.750 510.645 499.934 487.865 477.884 457.334 452.038 368.575 343.591 337.614 251.502 244.268
570.024 510.431 500.292 487.961 477.839 457.305 450.889 369.263 342.454 337.201 249.287 247.054
571.357 510.175 500.561 488.002 477.788 457.260 449.930 369.887 341.704 336.652 249.451 247.233
572.550 509.980 500.753 488.024 477.749 457.245 449.226 370.446 341.042 336.056 251.406 245.523
573.733 509.805 500.926 488.026 477.712 457.238 448.654 370.965 340.430 335.422 252.947 244.141
574.729 509.643 501.055 488.018 477.680 457.227 448.264 371.409 339.896 334.901 254.102 243.075
575.734 509.478 501.199 488.006 477.655 457.244 447.900 371.843 339.401 334.336 255.147 242.057
576.520 509.342 501.299 487.993 477.634 457.255 447.644 372.174 339.018 333.901 255.967 241.253
577.266 509.204 501.407 487.978 477.618 457.277 447.422 372.452 338.684 333.476 256.662 240.555
577.921 509.069 501.495 487.962 477.604 457.296 447.231 372.664 338.431 333.119 257.281 239.925
578.454 508.955 501.562 487.950 477.595 457.314 447.079 372.808 338.256 332.831 257.821 239.376
578.836 508.870 501.601 487.941 477.589 457.324 446.974 372.897 338.148 332.629 258.228 238.962
579.155 508.794 501.630 487.934 477.585 457.333 446.889 372.956 338.070 332.468 258.600 238.585
579.413 508.732 501.651 487.929 477.582 457.339 446.820 372.994 338.023 332.338 258.927 238.251
579.591 508.687 501.664 487.926 477.581 457.343 446.771 373.018 337.995 332.250 259.201 237.972
579.731 508.653 501.672 487.924 477.580 457.346 446.735 373.033 337.978 332.181 259.428 237.739
579.834 508.625 501.677 487.922 477.579 457.347 446.705 373.044 337.968 332.134 259.629 237.536
579.911 508.605 501.680 487.921 477.578 457.348 446.684 373.051 337.964 332.097 259.810 237.351
579.973 508.588 501.682 487.920 477.578 457.349 446.666 373.056 337.960 332.068 259.983 237.176
580.017 508.576 501.683 487.920 477.578 457.349 446.653 373.059 337.960 332.048 260.138 237.018
580.050 508.566 501.684 487.920 477.578 457.349 446.644 373.062 337.958 332.034 260.276 236.880
580.075 508.560 501.684 487.920 477.578 457.349 446.637 373.063 337.958 332.022 260.403 236.752
580.093 508.555 501.684 487.920 477.578 457.349 446.631 373.065 337.959 332.014 260.523 236.630
580.106 508.551 501.684 487.920 477.578 457.349 446.627 373.065 337.959 332.008 260.627 236.525
580.116 508.549 501.684 487.920 477.578 457.349 446.625 373.066 337.960 332.003 260.723 236.428
580.123 508.547 501.684 487.920 477.578 457.349 446.623 373.066 337.961 332.000 260.820 236.330
580.128 508.545 501.684 487.920 477.578 457.349 446.621 373.067 337.961 331.998 260.908 236.241
580.132 508.544 501.684 487.920 477.578 457.349 446.620 373.067 337.961 331.996 260.991 236.158
580.135 508.543 501.684 487.920 477.578 457.349 446.619 373.067 337.962 331.995 261.072 236.076
580.137 508.543 501.684 487.920 477.578 457.349 446.619 373.067 337.962 331.994 261.152 235.995
580.139 508.542 501.684 487.920 477.578 457.349 446.619 373.067 337.963 331.993 261.217 235.929
580.140 508.542 501.685 487.920 477.578 457.349 446.618 373.068 337.962 331.992 261.290 235.855
580.141 508.542 501.685 487.920 477.578 457.349 446.618 373.068 337.963 331.992 261.354 235.791
580.141 508.542 501.685 487.920 477.578 457.349 446.618 373.068 337.963 331.992 261.420 235.725
580.142 508.542 501.685 487.920 477.578 457.349 446.618 373.068 337.964 331.992 261.479 235.664
580.142 508.542 501.685 487.920 477.578 457.349 446.618 373.068 337.964 331.991 261.539 235.603
580.142 508.542 501.685 487.920 477.578 457.349 446.619 373.068 337.963 331.991 261.597 235.545
580.142 508.542 501.685 487.920 477.578 457.350 446.619 373.068 337.964 331.991 261.654 235.488
580.142 508.542 501.685 487.920 477.578 457.350 446.619 373.068 337.964 331.991 261.711 235.430
580.143 508.542 501.685 487.920 477.578 457.350 446.619 373.068 337.964 331.991 261.770 235.370
580.143 508.542 501.685 487.920 477.578 457.350 446.619 373.068 337.964 331.991 261.821 235.319
580.143 508.542 501.685 487.920 477.578 457.350 446.619 373.068 337.964 331.991 261.877 235.263
580.143 508.542 501.685 487.920 477.578 457.350 446.619 373.068 337.965 331.991 261.930 235.208
580.143 508.542 501.685 487.920 477.578 457.350 446.619 373.068 337.964 331.991 261.985 235.154
580.143 508.542 501.685 487.920 477.578 457.350 446.620 373.068 337.964 331.991 262.043 235.096
580.142 508.542 501.685 487.920 477.578 457.350 446.620 373.068 337.964 331.991 262.094 235.044
580.142 508.542 501.686 487.920 477.578 457.350 446.620 373.069 337.965 331.991 262.150 234.987
580.142 508.543 501.686 487.920 477.578 457.350 446.620 373.069 337.965 331.991 262.210 234.927
580.142 508.543 501.686 487.920 477.578 457.350 446.620 373.069 337.965 331.991 262.263 234.873
580.142 508.543 501.686 487.920 477.578 457.350 446.620 373.069 337.965 331.991 262.317 234.819
580.142 508.543 501.686 487.920 477.578 457.350 446.620 373.069 337.965 331.991 262.375 234.761
580.142 508.543 501.686 487.920 477.578 457.350 446.621 373.069 337.965 331.991 262.435 234.700
580.142 508.543 501.686 487.920 477.578 457.350 446.621 373.069 337.965 331.991 262.493 234.642
580.142 508.543 501.686 487.920 477.578 457.350 446.621 373.069 337.965 331.991 262.550 234.584
580.142 508.543 501.686 487.920 477.578 457.350 446.621 373.069 337.965 331.991 262.608 234.525
580.142 508.543 501.686 487.920 477.578 457.350 446.621 373.069 337.965 331.991 262.669 234.464
580.142 508.543 501.686 487.920 477.578 457.351 446.621 373.069 337.966 331.991 262.731 234.401
580.142 508.543 501.686 487.920 477.578 457.351 446.621 373.069 337.966 331.991 262.795 234.337
580.142 508.544 501.686 487.920 477.578 457.351 446.621 373.069 337.966 331.991 262.859 234.272
580.142 508.544 501.686 487.920 477.578 457.351 446.622 373.069 337.966 331.991 262.928 234.203
580.142 508.544 501.686 487.920 477.578 457.351 446.622 373.069 337.967 331.991 263.006 234.124
580.142 508.544 501.687 487.920 477.578 457.351 446.622 373.069 337.966 331.991 263.082 234.047
580.142 508.544 501.687 487.920 477.578 457.351 446.622 373.069 337.966 331.991 263.164 233.965
580.142 508.544 501.687 487.920 477.578 457.351 446.622 373.069 337.966 331.991 263.254 233.874
580.142 508.544 501.687 487.920 477.578 457.351 446.622 373.070 337.967 331.991 263.346 233.781
580.142 508.545 501.687 487.920 477.579 457.351 446.623 373.070 337.968 331.991 263.441 233.684
580.142 508.545 501.687 487.920 477.579 457.351 446.623 373.070 337.969 331.991 263.548 233.576
580.142 508.545 501.687 487.920 477.579 457.352 446.623 373.070 337.969 331.991 263.662 233.461
580.142 508.545 501.687 487.920 477.579 457.352 446.623 373.070 337.969 331.991 263.789 233.333
580.141 508.546 501.687 487.920 477.579 457.352 446.624 373.070 337.969 331.991 263.914 233.207
580.141 508.546 501.688 487.921 477.579 457.352 446.624 373.070 337.970 331.991 264.059 233.060
580.141 508.546 501.688 487.921 477.579 457.352 446.624 373.070 337.971 331.991 264.225 232.891
580.142 508.547 501.688 487.921 477.579 457.352 446.624 373.070 337.971 331.991 264.402 232.713
580.142 508.547 501.688 487.921 477.579 457.353 446.625 373.071 337.972 331.991 264.630 232.483
580.142 508.548 501.688 487.921 477.579 457.353 446.625 373.071 337.974 331.992 264.882 232.226
580.142 508.549 501.689 487.921 477.579 457.353 446.626 373.071 337.976 331.992 265.163 231.941
580.142 508.549 501.689 487.921 477.579 457.354 446.626 373.071 337.977 331.992 265.533 231.567
580.142 508.550 501.689 487.921 477.580 457.354 446.627 373.072 337.983 331.992 265.970 231.121
580.142 508.552 501.690 487.922 477.580 457.355 446.627 373.072 337.991 331.992 266.638 230.439
580.143 508.555 501.691 487.922 477.581 457.356 446.628 373.073 337.995 331.992 267.665 229.400
580.144 508.559 501.692 487.923 477.582 457.358 446.629 373.073 338.015 331.992 269.670 227.363
580.147 508.567 501.693 487.926 477.584 457.360 446.629 373.073 337.961 331.992 272.652 224.417
580.150 508.579 501.694 487.929 477.588 457.364 446.628 373.071 338.013 331.992 275.637 221.354
580.156 508.596 501.696 487.934 477.593 457.370 446.626 373.069 338.089 331.992 277.603 219.277
580.161 508.610 501.697 487.939 477.599 457.377 446.621 373.066 338.173 331.992 278.627 218.137
580.166 508.620 501.699 487.942 477.604 457.385 446.615 373.061 338.247 331.992 279.190 217.480
580.169 508.628 501.701 487.944 477.607 457.392 446.611 373.058 338.307 331.992 279.561 217.029
580.172 508.634 501.702 487.946 477.610 457.398 446.608 373.057 338.366 331.992 279.803 216.712
580.173 508.638 501.705 487.947 477.614 457.405 446.603 373.051 338.433 331.992 280.002 216.436
580.176 508.640 501.708 487.948 477.617 457.412 446.599 373.048 338.502 331.992 280.136 216.223
580.177 508.640 501.712 487.949 477.622 457.419 446.591 373.040 338.589 331.993 280.267 216.000
580.179 508.640 501.717 487.950 477.626 457.427 446.585 373.033 338.687 331.993 280.387 215.776
580.179 508.638 501.721 487.951 477.631 457.437 446.578 373.022 338.792 331.993 280.507 215.550
580.181 508.637 501.728 487.952 477.638 457.450 446.571 373.008 338.891 331.994 280.662 215.289
580.181 508.638 501.732 487.952 477.642 457.457 446.565 373.002 338.960 331.995 280.759 215.120
580.181 508.638 501.736 487.952 477.646 457.465 446.559 372.993 339.004 331.995 280.871 214.959
580.181 508.639 501.738 487.952 477.649 457.470 446.555 372.988 339.027 331.996 280.950 214.855
580.181 508.640 501.739 487.952 477.651 457.474 446.552 372.985 339.038 331.996 281.016 214.775
580.181 508.642 501.740 487.952 477.652 457.477 446.550 372.983 339.044 331.997 281.065 214.718
580.181 508.643 501.740 487.952 477.653 457.478 446.548 372.981 339.047 331.997 281.103 214.676
580.181 508.644 501.741 487.952 477.653 457.479 446.548 372.980 339.048 331.997 281.129 214.647
580.181 508.645 501.741 487.952 477.653 457.479 446.547 372.980 339.049 331.997 281.148 214.626
110.321 92.334 93.556 77.090 111.390 86.609 84.367 80.644 77.625 74.610 68.613 42.840
219.951 186.094 183.380 164.889 215.903 175.224 185.474 151.718 163.853 148.723 120.478 84.312
316.784 291.957 283.922 242.174 302.404 265.733 266.723 233.512 242.921 243.958 185.623 124.290
542.184 496.275 494.169 472.024 460.725 447.773 428.305 389.819 385.857 380.625 292.902 209.342
546.024 501.744 489.727 470.590 468.583 449.302 435.738 394.149 385.818 354.296 286.236 217.794
546.184 503.867 487.711 472.418 470.238 450.030 437.875 397.302 387.138 343.684 282.031 221.522
545.782 504.792 486.494 474.686 470.100 450.293 438.664 398.939 387.846 339.234 278.406 224.764
545.295 505.231 485.756 475.894 470.041 450.392 439.028 399.855 388.307 336.971 275.679 227.550
544.961 505.462 485.280 476.633 470.016 450.448 439.231 400.417 388.640 335.624 272.781 230.508
544.698 505.588 484.945 477.069 469.995 450.491 439.368 400.760 388.909 334.799 270.288 233.090
544.491 505.669 484.692 477.370 469.986 450.523 439.456 400.990 389.149 334.222 267.963 235.488
544.333 505.722 484.527 477.543 469.981 450.548 439.520 401.136 389.376 333.813 266.312 237.188
544.228 505.755 484.416 477.649 469.981 450.566 439.564 401.228 389.564 333.512 265.024 238.512
544.164 505.773 484.327 477.710 469.982 450.584 439.590 401.285 389.696 333.329 264.192 239.366
544.115 505.786 484.264 477.750 469.983 450.596 439.611 401.325 389.823 333.172 263.575 239.998
544.080 505.797 484.215 477.773 469.984 450.606 439.624 401.352 389.931 333.055 263.184 240.398
544.060 505.805 484.178 477.788 469.987 450.614 439.634 401.368 390.012 332.967 262.909 240.677
544.045 505.811 484.149 477.798 469.988 450.619 439.641 401.380 390.077 332.902 262.709 240.881
544.036 505.815 484.127 477.803 469.990 450.623 439.646 401.387 390.129 332.851 262.577 241.015
544.030 505.819 484.111 477.806 469.990 450.626 439.649 401.392 390.167 332.817 262.497 241.096
544.027 505.821 484.099 477.808 469.991 450.628 439.651 401.395 390.197 332.790 262.441 241.152
544.025 505.823 484.090 477.809 469.992 450.629 439.653 401.396 390.219 332.769 262.404 241.189
544.024 505.825 484.083 477.810 469.993 450.630 439.655 401.397 390.237 332.753 262.383 241.211
