0.000
0.026
0.050
0.084
0.138
0.289
2.019
2.319
2.791
3.145
4.580
5.743
7.267
8.774
9.916
11.615
13.055
14.118
15.458
16.505
17.799
18.565
0.000
0.054
0.094
0.114
0.157
0.749
1.449
1.727
2.509
3.183
4.571
5.988
7.603
9.033
10.332
11.832
13.175
14.717
16.305
17.699
18.060
0.000
0.020
0.036
0.054
0.086
0.498
1.326
1.748
2.593
3.302
5.579
7.026
8.535
9.812
11.091
12.540
13.678
14.067
0.000
0.018
0.037
0.059
0.105
0.423
1.021
1.297
2.267
2.754
4.281
5.417
6.867
8.008
9.427
10.861
12.017
13.378
14.545
15.861
17.175
18.252
19.522
20.556
21.920
23.067
24.538
25.629
26.826
28.008
29.112
0.000
0.018
0.034
0.050
0.109
0.468
1.330
1.622
2.310
3.100
4.509
5.991
7.754
9.162
10.622
12.087
13.469
14.962
16.522
17.668
0.000
0.019
0.034
0.050
0.088
0.488
1.199
1.493
2.517
3.290
4.846
6.412
0.000
0.029
0.083
0.115
0.166
0.604
1.714
2.039
2.754
3.132
4.913
6.818
8.883
10.941
12.160
0.000
0.022
0.042
0.062
0.103
0.563
1.530
2.043
2.875
3.323
5.216
7.083
8.150
9.043
9.357
0.000
0.011
0.021
0.030
0.050
0.204
0.609
1.007
1.512
1.728
3.231
4.432
6.081
7.661
8.953
10.449
11.895
13.104
14.641
16.048
17.397
18.927
20.191
21.549
23.065
24.290
25.941
27.499
28.857
29.609
0.000
0.023
0.037
0.059
0.098
0.422
1.384
1.656
2.362
3.071
4.465
6.050
