0.025
0.050
0.083
0.138
0.288
1.628
2.018
2.318
2.495
2.641
2.790
2.959
3.145
3.350
3.632
3.980
4.391
4.580
4.911
5.152
5.340
5.529
5.742
6.086
6.535
6.718
6.969
7.266
7.491
7.695
7.933
8.283
8.774
9.023
9.235
9.410
9.728
9.915
10.208
10.600
10.955
11.130
11.615
11.819
12.096
12.359
12.667
13.055
13.285
13.494
13.693
13.906
14.117
14.324
14.523
14.859
15.248
15.458
15.682
15.860
16.050
16.295
16.505
16.701
16.994
17.339
17.551
17.799
18.007
18.210
18.408
18.565
0.054
0.094
0.114
0.156
0.745
1.110
1.447
1.727
1.967
2.124
2.505
2.886
3.183
3.420
3.682
3.922
4.177
4.570
5.026
5.264
5.501
5.769
5.988
6.231
6.684
6.912
7.354
7.602
7.857
8.078
8.432
8.682
9.031
9.314
9.549
9.794
10.100
10.329
10.601
10.948
11.180
11.547
11.828
12.047
12.291
12.569
12.795
13.173
13.675
13.900
14.182
14.445
14.715
14.972
15.421
15.648
15.975
16.301
16.529
16.809
17.128
17.343
17.698
18.056
0.020
0.036
0.054
0.086
0.496
0.860
1.324
1.747
2.001
2.291
2.590
2.886
3.299
3.524
3.945
5.028
5.258
5.579
6.029
6.296
6.554
6.852
7.024
7.297
7.760
8.062
8.338
8.534
8.728
8.941
9.305
9.558
9.809
9.975
10.226
10.492
10.822
11.091
11.338
11.582
11.778
12.131
12.540
12.815
13.083
13.254
13.429
13.677
14.066
0.018
0.037
0.059
0.104
0.421
0.710
1.018
1.297
1.582
1.728
2.264
2.569
2.750
3.006
3.252
3.529
3.953
4.277
4.443
4.695
4.928
5.194
5.416
5.836
6.040
6.274
6.597
6.866
7.036
7.330
7.576
7.821
8.008
8.297
8.651
8.925
9.161
9.424
9.618
9.816
10.038
10.496
10.860
11.097
11.290
11.488
11.712
12.013
12.237
12.642
12.977
13.167
13.375
13.680
13.876
14.103
14.303
14.544
14.794
15.209
15.429
15.651
15.858
16.125
16.374
16.697
16.947
17.175
17.424
17.615
17.805
18.050
18.250
18.494
18.684
18.866
19.153
19.518
19.694
19.972
20.178
20.368
20.555
20.736
20.902
21.140
21.386
21.920
22.128
22.409
22.590
22.828
23.062
23.371
23.525
24.022
24.286
24.538
24.716
24.909
25.075
25.368
25.626
25.874
26.138
26.338
26.502
26.825
27.042
27.318
27.517
27.847
28.007
28.418
28.643
28.905
29.111
0.018
0.034
0.050
0.109
0.467
0.925
1.329
1.618
1.882
2.024
2.310
2.695
3.095
3.348
3.610
3.942
4.230
4.509
4.764
5.039
5.321
5.690
5.990
6.282
6.608
7.049
7.360
7.750
7.972
8.246
8.524
8.749
9.160
9.635
9.857
10.117
10.388
10.621
10.861
11.102
11.417
11.775
12.084
12.362
12.597
12.780
13.100
13.469
13.962
14.243
14.474
14.649
14.959
15.239
15.689
16.107
16.331
16.521
16.854
17.163
17.668
0.019
0.034
0.050
0.083
0.484
0.890
1.196
1.493
1.847
2.171
2.516
2.944
3.289
3.600
3.973
4.271
4.563
4.842
5.154
5.467
5.800
5.936
6.407
0.028
0.078
0.115
0.158
0.597
0.991
1.709
2.039
2.358
2.565
2.753
2.920
3.132
3.525
3.999
4.210
4.549
4.913
5.199
5.711
6.256
6.452
6.817
7.312
7.809
8.337
8.683
8.878
9.254
9.673
10.157
10.631
10.933
11.147
11.592
12.154
0.022
0.042
0.062
0.103
0.562
1.042
1.529
2.043
2.317
2.483
2.871
3.042
3.316
3.749
4.334
4.549
4.788
5.211
5.627
6.073
6.648
6.824
7.083
7.339
7.717
7.862
8.058
8.150
8.451
8.602
8.750
8.886
9.043
9.126
9.219
9.356
0.011
0.020
0.030
0.050
0.203
0.438
0.609
1.007
1.228
1.312
1.512
1.615
1.728
1.973
2.217
2.381
2.732
3.231
3.543
3.781
4.023
4.201
4.432
4.900
5.407
5.661
5.913
6.081
6.289
6.602
7.043
7.298
7.660
7.825
8.052
8.386
8.707
8.953
9.299
9.457
9.824
10.138
10.449
10.697
10.940
11.101
11.381
11.895
12.235
12.485
12.728
12.894
13.104
13.446
13.995
14.241
14.480
14.641
14.881
15.166
15.471
15.811
16.048
16.301
16.505
16.834
17.155
17.394
17.635
17.885
18.108
18.609
18.927
19.177
19.412
19.581
19.768
20.191
20.671
20.914
21.151
21.319
21.548
21.870
22.319
22.561
22.904
23.065
23.218
23.508
23.799
24.057
24.290
24.576
25.091
25.379
25.695
25.941
26.166
26.343
26.698
27.196
27.494
27.749
27.980
28.155
28.487
28.856
29.355
29.609
0.019
0.037
0.059
0.097
0.422
0.874
1.379
1.656
1.905
2.084
2.359
2.625
3.070
3.319
3.672
3.847
4.148
4.465
4.734
4.995
5.366
5.733
6.050
