0
0
0
0
1 3 2 4 0
5 13 4 6 7 10 11 0 9 14 15 1 3 2
13 7 4 6 10 11 49 9 50 0 14 15 1 3 2 5
7 13 4 6 49 10 11 9 50 14 0 1 15 3
7 13 4 49 6 10 11 9 50 14 1 0 15 3
7 4 13 49 6 10 9 11 50 14 1 15 0 3
7 4 13 49 6 10 9 50 11 14 1 15 0 3
7 4 49 13 6 10 9 50 11 14 1 15 0 3
7 4 49 13 6 10 50 9 11 14 1 15 0 3
7 4 49 13 6 10 50 9 11 14 1 15 0 3
7 4 49 13 6 50 10 9 11 14 1 15 0 3
7 4 49 13 6 50 10 9 11 14 1 15 0 3
7 4 49 13 6 50 10 9 11 14 1 15 0 3
7 4 49 13 6 50 10 9 11 14 1 15 0 3
7 4 49 13 6 50 10 9 11 14 1 15 0 3
7 4 49 13 6 50 9 10 11 14 1 15 0 3
7 4 49 13 6 50 9 10 11 14 1 15 0 3
7 4 49 13 6 50 9 10 11 14 1 15 0 3
7 4 49 13 6 50 9 10 11 14 1 15 0 3
7 49 4 13 6 50 9 10 11 14 1 15 0 3
7 49 4 13 6 50 9 10 11 14 1 15 0 3
7 49 4 13 6 50 9 10 11 14 1 15 0 3
7 49 4 13 6 50 9 10 11 14 1 15 0 3
7 49 4 13 6 50 9 10 11 14 1 15 3 0
7 49 4 13 50 6 9 10 11 14 1 15 3 0
7 49 4 13 50 6 9 10 11 14 1 15 3 0
7 49 4 13 50 6 9 10 11 14 1 15 3 0
7 49 4 13 50 6 9 10 11 14 1 15 3 0
7 49 4 13 50 6 9 10 11 14 1 15 3 0
7 49 4 13 50 6 9 10 11 14 1 15 3 0
7 49 4 13 50 6 9 10 11 14 1 15 3 0
7 49 4 13 50 6 9 10 11 14 1 15 3 0
7 49 4 13 50 6 9 10 11 14 1 15 3 0
7 49 4 13 50 6 9 10 11 14 1 15 3 0
7 49 4 13 50 6 9 10 11 14 1 15 3 0
7 49 4 13 50 6 9 10 11 14 1 15 3 0
7 49 4 13 50 6 9 10 11 14 1 15 3 0
7 49 4 13 50 6 9 10 11 14 1 15 3 0
7 49 4 13 50 6 9 10 11 14 1 15 3 0
7 49 4 13 50 6 9 10 11 14 1 15 3 0
7 49 4 50 13 6 9 10 11 14 1 15 3 0
7 49 4 50 13 6 9 10 11 14 1 15 3 0
7 49 4 50 13 6 9 10 11 14 1 15 3 0
7 49 4 50 13 6 9 10 11 14 1 15 3 0
7 49 4 50 13 6 9 10 11 14 1 15 3 0
7 49 4 50 13 6 9 10 11 14 1 15 3 0
7 49 4 50 13 6 9 10 11 14 1 15 3 0
7 49 4 50 13 6 9 10 11 14 1 15 3 0
7 49 4 50 13 6 9 10 11 14 1 15 3 0
7 49 4 50 13 6 9 10 11 14 1 15 3 0
7 49 4 50 13 6 9 10 11 14 1 15 3 0
7 49 4 50 13 6 9 10 11 14 1 15 3 0
7 49 4 50 13 6 9 10 11 14 1 15 3 0
7 49 4 50 13 6 9 10 11 14 1 15 3 0
7 49 4 50 13 6 9 10 11 14 1 15 3 0
7 49 4 50 13 6 9 10 11 14 1 15 3 0
7 49 4 50 13 6 9 10 11 14 1 15 3 0
7 49 4 50 13 6 9 10 11 14 1 15 3 0
7 49 4 50 13 6 9 10 11 14 1 15 3 0
7 49 4 50 13 6 9 10 11 14 1 15 3 0
7 49 4 50 13 6 9 10 11 14 1 15 3 0
7 49 4 50 13 6 9 10 11 14 1 15 3 0
7 49 4 50 13 6 9 10 11 14 1 15 3 0
7 49 4 50 13 6 9 10 11 14 1 15 3 0
7 49 4 50 13 6 9 10 11 14 1 15 3 0
7 49 4 50 13 6 9 10 11 14 1 15 3 0
7 49 4 50 13 6 9 10 11 14 1 15 3 0
7 49 4 50 13 6 9 10 11 14 1 15 3 0
7 49 4 50 13 6 9 10 11 14 1 15 3 0
7 49 4 50 13 6 9 10 11 14 1 15 3 0
7 49 4 50 13 6 9 10 11 14 1 15 3 0
7 49 4 50 13 6 9 10 11 14 1 15 3 0
7 49 4 50 13 6 9 10 11 14 1 15 3 0
7 49 4 50 13 6 9 10 11 14 1 15 3 0
7 49 4 50 13 6 9 10 11 14 1 15 3 0
7 49 4 50 13 6 9 10 11 14 1 15 3 0
7 49 4 50 13 6 9 10 11 14 1 15 3 0
7 49 4 50 13 6 9 10 11 14 1 15 3 0
7 49 4 50 13 6 9 10 11 14 1 15 3 0
7 49 4 50 13 6 9 10 11 14 1 15 3 0
7 49 4 50 13 6 9 10 11 14 1 15 3 0
7 49 4 50 13 6 9 10 11 14 1 15 3 0
7 49 4 50 13 6 9 10 11 14 1 15 3 0
7 49 4 50 13 6 9 10 11 14 1 15 3 0
0 1 2 3 4 5 6 7 8 9 10 11 12 13
0 1 2 3 4 5 6 7 8 9 10 11 12 13
0 1 2 3 4 5 6 7 8 9 10 11 12 13
13 1 6 2 8 4 10 12 5 7 3 0 9 11
15 18 8 26 4 22 19 14 12 27 23 10 5 6 2 13 1 7 3 0 9 11
15 26 8 4 22 19 14 12 27 99 98 23 10 5 6 2 13 1 7 3 0 9 11 18
15 26 8 4 22 19 14 12 27 99 98 23 10 5 6 2 13 1 7 3 18 0 9 11
15 26 8 4 22 19 12 14 27 99 98 6 23 1 2 13 3 0 9
15 26 8 4 22 19 12 14 27 99 98 6 2 1 3 0
15 26 8 3 4 19 12 14 27 99 98 6 2 1 0
15 26 8 3 4 19 12 14 27 99 98 6 2 0
15 26 8 4 3 19 12 14 27 99 98 6 2 0
15 26 8 0 4 3 19 12 27 99 98 6 2
15 26 8 0 4 3 19 12 27 99 98 6 2
15 26 8 0 4 3 19 12 27 99 98 6 2
15 26 8 0 4 3 19 12 27 99 98 6 2
15 26 8 0 4 3 12 19 27 99 98 6 2
15 26 8 0 4 12 3 19 27 99 98 6 2
15 26 8 0 4 12 19 3 27 99 98 6 2
15 26 8 0 4 12 19 3 27 99 98 6 2
15 26 8 0 4 12 19 3 27 99 98 6 2
15 26 8 0 4 12 19 3 27 99 98 6 2
15 26 8 0 4 19 12 3 27 99 98 6 2
15 26 8 0 4 19 12 3 27 99 98 6 2
15 26 8 0 4 19 12 3 27 99 98 6 2
15 26 8 0 19 4 12 3 27 99 98 6 2
15 26 8 19 0 4 12 3 27 99 98 6 2
15 26 8 19 0 4 12 3 27 99 98 6 2
15 26 8 19 0 4 12 3 27 99 98 6 2
15 8 26 19 0 4 12 3 27 99 98 6 2
15 8 26 19 0 4 12 3 27 99 98 6 2
15 8 26 19 0 4 12 3 27 99 98 6 2
15 8 26 19 0 4 12 3 27 99 98 6 2
15 8 26 19 0 4 12 3 27 99 98 6 2
15 8 26 19 0 4 12 3 27 99 98 6 2
15 8 26 19 0 4 12 3 27 99 98 6 2
15 8 26 19 0 4 12 3 27 99 98 6 2
15 8 26 19 0 4 12 3 27 99 98 6 2
15 8 26 19 0 12 4 3 27 99 98 6 2
15 8 26 19 0 12 4 3 27 99 98 6 2
15 8 26 19 0 12 4 3 27 99 98 6 2
15 8 26 19 0 12 4 3 27 99 98 6 2
15 8 26 19 0 12 4 3 27 99 98 6 2
15 8 26 19 0 12 4 3 27 99 98 6 2
15 8 26 19 0 12 4 3 27 99 98 6 2
15 8 26 19 12 0 4 3 27 99 98 6 2
15 8 26 19 12 0 4 3 27 99 98 6 2
15 8 26 19 12 0 4 3 27 99 98 6 2
15 8 26 19 12 0 4 3 27 99 98 6 2
15 8 26 19 12 0 4 3 27 99 98 6 2
15 8 26 19 12 0 4 3 27 99 98 6 2
15 8 26 19 12 0 4 3 27 99 98 6 2
15 8 26 19 12 0 4 3 27 99 98 6 2
15 8 26 19 12 0 4 3 27 99 98 6 2
15 8 26 19 12 0 4 3 27 99 98 6 2
15 8 26 19 12 0 4 3 27 99 98 6 2
15 8 26 19 12 0 4 3 27 99 98 6 2
15 8 26 19 12 0 4 3 27 99 98 6 2
15 8 19 26 12 0 4 3 27 99 98 6 2
15 8 19 26 12 0 4 3 27 99 98 6 2
15 8 19 26 12 0 4 3 27 99 98 6 2
15 8 19 26 12 0 4 3 27 99 98 6 2
15 8 19 26 12 0 4 3 27 99 98 6 2
15 8 19 26 12 0 4 3 27 99 98 6 2
15 8 19 26 12 0 4 3 27 99 98 6 2
15 8 19 12 26 0 4 3 27 99 98 6 2
15 8 19 12 0 26 4 3 27 99 98 6 2
15 8 19 12 0 4 26 3 27 99 98 6 2
15 8 19 12 0 4 26 3 27 99 98 6 2
15 8 19 12 0 4 26 3 27 99 98 6 2
15 8 19 12 0 4 26 3 27 99 98 6 2
15 8 19 12 0 4 26 3 27 99 98 6 2
15 8 19 12 0 4 26 3 27 99 98 6 2
15 8 19 12 0 4 26 3 27 99 98 6 2
15 8 19 12 0 4 26 3 27 99 98 6 2
15 8 19 12 0 4 3 26 27 99 98 6 2
15 8 19 12 0 4 3 26 27 99 98 6 2
15 8 19 12 0 4 3 26 27 99 98 6 2
15 8 19 12 0 4 3 26 27 99 98 6 2
15 8 19 12 0 4 3 26 27 99 98 6 2
15 8 19 12 0 4 3 26 27 99 98 6 2
15 8 19 12 0 4 3 26 27 99 98 6 2
15 8 19 12 0 4 3 26 27 99 98 6 2
15 8 19 12 0 4 3 26 27 99 98 6 2
15 8 19 12 0 4 3 26 27 99 98 6 2
15 8 19 12 0 4 3 26 27 99 98 6 2
15 8 19 12 0 4 3 26 27 99 98 6 2
15 8 19 12 0 4 3 26 27 99 98 6 2
15 8 19 12 0 4 3 26 27 99 98 6 2
15 8 19 12 0 4 3 26 27 99 98 6 2
15 8 19 12 0 4 3 26 27 99 98 6 2
15 8 19 12 0 4 3 26 27 99 98 6 2
15 8 19 12 0 4 3 26 27 99 98 6 2
15 8 19 12 0 4 3 26 27 99 98 6 2
15 8 19 12 0 4 3 26 27 99 98 6 2
15 8 19 12 0 4 3 26 27 99 98 6 2
15 8 19 12 0 4 3 26 27 99 98 2 6
15 8 19 12 0 4 3 26 27 99 98 2 6
15 8 19 12 0 4 3 26 27 99 98 2 6
15 8 19 12 0 4 3 26 27 99 98 2 6
15 8 19 12 0 4 3 26 27 99 98 2 6
15 8 19 12 0 4 3 26 27 99 98 2 6
15 8 19 12 0 4 3 26 27 99 98 2 6
15 8 19 12 0 4 3 26 27 99 98 2 6
15 8 19 12 0 4 3 26 27 99 98 2 6
15 8 19 12 0 4 3 26 27 99 98 2 6
15 8 19 12 0 4 3 26 27 99 98 2 6
15 8 19 12 0 4 3 26 27 99 98 2 6
15 8 19 12 0 4 3 26 27 99 98 2 6
15 8 19 12 0 4 3 26 27 99 98 2 6
15 8 19 12 0 4 3 26 27 99 98 2 6
15 8 19 12 0 4 3 26 27 99 98 2 6
15 8 19 12 0 4 3 26 27 99 98 2 6
15 8 19 12 0 4 3 26 27 99 98 2 6
15 8 19 12 0 4 3 26 27 99 98 2 6
15 8 19 12 0 4 3 26 27 99 98 2 6
15 8 19 12 0 4 3 26 27 99 98 2 6
15 8 19 12 0 4 3 26 27 99 98 2 6
15 8 19 12 0 4 3 26 27 99 98 2 6
15 8 19 12 0 4 3 26 27 99 98 2 6
15 8 19 12 0 4 3 26 27 99 98 2 6
15 8 19 12 0 4 3 26 27 99 98 2 6
15 8 19 12 0 4 3 26 27 99 98 2 6
0 1 2 3 4 5 6 7 8 9 10 11 12
0 1 2 3 4 5 6 7 8 9 10 11 12
0 1 2 3 4 5 6 7 8 9 10 11 12
6 4 0 5 3 1 2 8 7 9 10 12 11
6 4 0 3 5 2 1 8 7 9 10 11 12
6 4 3 0 5 2 1 8 7 9 10 11 12
6 4 3 0 5 2 1 8 7 9 10 11 12
4 6 3 0 5 2 1 8 7 9 10 11 12
4 6 3 0 5 2 1 8 7 9 10 11 12
4 6 3 0 5 2 1 8 7 9 10 11 12
4 6 3 0 5 2 1 8 7 9 10 11 12
4 6 3 0 5 2 1 8 7 9 10 11 12
4 6 3 0 5 2 1 8 7 9 10 11 12
4 6 3 0 5 2 1 8 7 9 10 11 12
4 6 3 0 5 2 1 8 7 9 10 11 12
4 6 3 0 5 2 1 8 7 9 10 11 12
4 6 3 0 5 2 1 8 7 9 10 11 12
4 6 3 0 5 2 1 8 7 9 10 11 12
4 6 3 0 5 2 1 8 7 9 10 11 12
4 6 3 0 5 2 1 8 7 9 10 11 12
4 6 3 0 5 2 1 8 7 9 10 11 12
4 6 3 0 5 2 1 8 7 9 10 11 12
4 6 3 0 5 2 1 8 7 9 10 11 12
4 6 3 0 5 2 1 8 7 9 10 11 12
4 6 3 0 5 2 1 8 7 9 10 11 12
4 6 3 0 5 2 1 8 7 9 10 11 12
4 6 3 0 5 2 1 8 7 9 10 11 12
4 6 3 0 5 2 1 8 7 9 10 11 12
4 6 3 0 5 2 1 8 7 9 10 11 12
4 6 3 0 5 2 1 8 7 9 10 11 12
4 6 3 0 5 2 1 8 7 9 10 11 12
4 6 3 0 5 2 1 8 7 9 10 11 12
4 3 6 0 5 2 1 8 7 9 10 11 12
4 3 6 0 5 2 1 8 7 9 10 11 12
4 3 6 0 5 2 1 8 7 9 10 11 12
4 3 6 0 5 2 1 8 7 9 10 11 12
4 3 0 5 6 2 1 8 7 9 10 11 12
4 3 0 5 6 2 1 8 7 9 10 11 12
4 3 0 5 6 2 1 8 7 9 10 11 12
4 3 0 5 2 6 1 8 7 9 10 11 12
4 3 0 5 2 6 1 8 7 9 10 11 12
4 3 0 5 2 6 1 8 7 9 10 11 12
4 3 0 5 2 6 1 8 7 9 10 11 12
4 3 0 5 2 6 1 8 7 9 10 11 12
4 3 0 5 2 6 1 8 7 9 10 11 12
4 3 0 5 2 6 1 8 7 9 10 11 12
4 3 0 5 2 6 1 8 7 9 10 11 12
4 3 0 5 2 6 1 8 7 9 10 11 12
4 3 0 5 2 6 1 8 7 9 10 11 12
4 3 0 5 2 6 1 8 7 9 10 11 12
4 3 0 5 2 6 1 8 7 9 10 11 12
4 3 0 5 2 6 1 8 7 9 10 11 12
4 3 0 5 2 6 1 8 7 9 10 11 12
4 3 0 5 2 6 1 8 7 9 10 11 12
4 3 0 5 2 6 1 8 7 9 10 11 12
4 3 0 5 2 6 1 8 7 9 10 11 12
4 3 0 5 2 1 6 8 7 9 10 11 12
4 3 0 5 2 1 6 8 7 9 10 11 12
4 3 0 5 2 1 6 8 7 9 10 11 12
4 3 0 5 2 1 6 8 7 9 10 11 12
4 3 0 5 2 1 6 8 7 9 10 11 12
4 3 0 5 2 1 6 8 7 9 10 11 12
4 3 0 5 2 1 6 8 7 9 10 11 12
4 3 0 5 2 1 6 8 7 9 10 11 12
4 3 0 5 2 1 6 8 7 9 10 11 12
4 3 0 5 2 1 6 8 7 9 10 11 12
4 3 0 5 2 1 6 8 7 9 10 11 12
4 3 0 5 2 1 6 8 7 9 10 11 12
4 3 0 5 2 1 6 8 7 9 10 11 12
4 3 0 5 2 1 6 8 7 9 10 11 12
4 3 0 5 2 1 6 8 7 9 10 11 12
4 3 0 5 2 1 6 8 7 9 10 11 12
4 3 0 5 2 1 6 8 7 9 10 11 12
4 3 0 5 2 1 6 8 7 9 10 11 12
4 3 0 5 2 1 6 8 7 9 10 11 12
4 3 0 5 2 1 6 8 7 9 10 11 12
0 1 2 3 4 5 6 7 8 9 10 11 12
0 1 2 3 4 5 6 7 8 9 10 11 12
0 1 2 3 4 5 6 7 8 9 10 11 12
5 1 2 7 3 4 0 6 8 9 12 11 10
5 2 1 7 3 4 0 6 8 9 11 12 10
5 2 1 7 3 6 4 0 8 9 11 10 12
5 2 1 7 3 6 0 4 8 9 11 10 12
5 1 2 7 6 3 0 4 8 9 10 11 12
5 1 2 6 7 3 0 4 8 9 10 11 12
5 1 2 6 7 3 0 4 8 9 10 11 12
5 1 2 6 7 3 0 4 8 9 10 11 12
5 1 2 6 7 3 0 4 8 9 10 11 12
5 1 2 6 7 3 0 4 8 9 10 11 12
5 1 2 6 7 3 0 4 8 9 10 11 12
5 1 2 6 7 3 0 4 8 9 10 11 12
5 1 2 6 7 3 0 4 8 9 10 11 12
5 1 2 6 7 3 0 4 8 9 10 11 12
5 1 2 6 7 3 0 4 8 9 10 11 12
5 1 6 2 7 3 0 4 8 9 10 11 12
5 6 1 2 7 3 0 4 8 9 10 11 12
5 6 1 2 7 3 0 4 8 9 10 11 12
5 6 1 2 7 3 0 4 8 9 10 11 12
5 6 1 2 3 7 0 4 8 9 10 11 12
5 6 1 2 3 7 0 4 8 9 10 11 12
5 6 1 2 3 7 0 4 8 9 10 11 12
5 6 1 2 3 7 0 4 8 9 10 11 12
5 6 1 2 3 7 0 4 8 9 10 11 12
5 6 1 2 3 7 0 4 8 9 10 11 12
5 6 1 2 3 7 0 4 8 9 10 11 12
5 6 1 2 3 7 0 4 8 9 10 11 12
5 6 1 2 3 7 0 4 8 9 10 11 12
5 6 1 2 3 7 0 4 8 9 10 11 12
5 6 1 2 7 3 0 4 8 9 10 11 12
5 6 1 2 7 3 0 4 8 9 10 11 12
5 6 1 2 7 3 0 4 8 9 10 11 12
5 6 1 2 7 0 3 4 8 9 10 12 11
5 6 1 2 7 0 3 4 8 9 10 12 11
5 6 1 2 7 0 3 4 8 9 10 12 11
5 6 1 2 7 0 3 4 8 9 10 12 11
5 6 1 2 7 0 3 4 8 9 10 12 11
5 6 1 2 7 0 3 4 8 9 10 12 11
5 6 1 2 7 0 3 4 8 9 10 12 11
5 6 1 2 7 0 3 4 8 9 10 12 11
5 6 1 2 7 0 4 3 8 9 10 12 11
5 6 1 2 7 0 4 3 8 9 10 12 11
5 6 1 2 7 0 4 3 8 9 10 12 11
5 6 1 2 7 0 4 3 8 9 10 12 11
5 6 1 2 7 0 4 3 8 9 10 12 11
5 6 1 2 7 0 4 3 8 9 10 12 11
5 6 1 2 7 0 4 3 8 9 10 12 11
5 6 1 2 7 0 4 3 8 9 10 12 11
5 6 1 2 7 0 4 3 8 9 10 12 11
5 6 1 2 7 0 4 3 8 9 10 12 11
5 6 1 2 7 0 4 3 8 9 10 12 11
5 6 1 2 7 0 4 3 8 9 10 12 11
5 6 1 2 7 0 4 3 8 9 10 12 11
5 6 1 2 7 0 4 3 8 9 10 12 11
5 6 1 2 7 0 4 3 8 9 10 12 11
5 6 1 2 7 0 4 3 8 9 10 12 11
5 6 1 2 7 0 4 3 8 9 10 12 11
5 6 1 2 7 0 4 3 8 9 10 12 11
5 6 1 2 7 0 4 3 8 9 10 12 11
5 6 1 2 7 0 4 3 8 9 10 12 11
5 6 1 2 7 0 4 3 8 9 10 12 11
5 6 1 2 7 0 4 3 8 9 10 12 11
5 6 1 2 7 0 4 3 8 9 10 12 11
5 6 1 2 7 0 4 3 8 9 10 12 11
5 6 1 2 7 0 4 3 8 9 10 12 11
5 6 1 2 7 0 4 3 8 9 10 12 11
5 6 1 2 7 0 4 3 8 9 10 12 11
5 6 1 2 7 0 4 3 8 9 10 12 11
5 6 1 2 7 0 4 3 8 9 10 12 11
5 6 1 2 7 0 4 3 8 9 10 12 11
5 6 1 2 7 0 4 3 8 9 10 12 11
5 6 1 2 7 0 4 3 8 9 10 12 11
5 6 1 2 7 0 4 3 8 9 10 12 11
0 1 2 3 4 5 6 7 8 9 10 11 12
0 1 2 3 4 5 6 7 8 9 10 11 12
0 1 2 3 4 5 6 7 8 9 10 11 12
1 3 5 0 6 7 2 4 8 9 11 10 12
1 3 5 0 6 7 2 4 8 9 11 10 12
1 3 5 6 0 7 2 4 8 9 10 11 12
1 5 3 6 0 7 2 4 9 8 10 11 12
1 5 3 6 0 7 2 4 9 8 10 11 12
1 5 3 6 0 7 2 4 9 8 10 11 12
1 5 3 6 0 7 2 4 9 8 10 11 12
1 5 3 6 0 7 2 4 9 8 10 12 11
1 5 3 6 0 7 2 4 9 8 10 12 11
1 5 3 6 0 7 2 4 9 8 10 12 11
1 5 3 6 0 7 2 4 9 8 10 12 11
1 5 3 6 0 7 2 4 9 8 10 12 11
1 5 3 6 0 7 2 4 9 8 10 12 11
1 5 3 6 0 7 2 4 9 8 10 11 12
1 5 3 6 0 7 2 4 9 8 10 11 12
1 5 3 6 0 7 2 4 9 8 10 11 12
1 5 3 6 0 7 2 4 9 8 10 11 12
1 5 3 6 0 7 2 4 9 8 10 11 12
1 5 3 6 0 7 2 4 9 8 10 11 12
1 5 3 6 0 7 2 4 9 8 10 12 11
1 5 3 6 0 7 2 4 9 8 10 12 11
1 5 6 3 0 7 2 4 9 8 10 12 11
1 5 6 3 0 7 2 4 9 8 10 12 11
1 5 6 3 0 7 2 4 9 8 10 12 11
1 5 6 3 0 7 2 4 9 8 10 12 11
1 5 6 3 0 7 2 4 9 8 10 12 11
1 5 6 3 0 7 2 4 9 8 10 12 11
1 5 6 3 0 7 2 4 9 8 10 12 11
1 5 6 3 0 7 2 4 9 8 10 12 11
1 5 6 3 0 7 2 4 9 8 10 12 11
1 5 6 3 0 7 2 4 9 8 10 12 11
1 5 6 3 0 7 2 4 9 8 10 12 11
1 5 6 3 0 7 2 4 9 8 10 12 11
0 1 2 3 4 5 6 7 8 9 10 11 12
0 1 2 3 4 5 6 7 8 9 10 11 12
0 1 2 3 4 5 6 7 8 9 10 11 12
2 3 4 1 0 5 7 6 8 9 11 12 10
2 4 3 1 0 5 7 6 8 9 11 12 10
2 4 3 1 5 0 6 7 8 9 11 12 10
2 4 3 1 5 0 6 7 8 9 11 12 10
2 4 3 1 5 0 6 7 8 9 11 12 10
2 4 3 1 5 0 6 7 8 9 11 12 10
2 3 4 1 5 0 6 7 8 9 11 12 10
2 3 4 1 5 0 6 7 8 9 11 12 10
2 3 4 1 5 0 6 7 8 9 11 12 10
2 3 4 1 5 0 6 7 8 9 11 12 10
2 3 4 1 5 0 6 7 8 9 11 12 10
2 3 4 1 5 0 6 7 8 9 11 12 10
2 3 4 1 5 0 6 7 8 9 11 12 10
2 3 4 1 5 0 6 7 8 9 11 12 10
2 3 4 1 5 0 6 7 8 9 11 12 10
2 3 4 1 5 0 6 7 8 9 11 12 10
2 4 3 1 5 0 6 7 8 9 11 12 10
2 4 3 1 5 0 6 7 8 9 11 12 10
2 4 3 1 5 0 6 7 8 9 11 12 10
2 4 3 1 5 0 6 7 8 9 11 12 10
2 4 3 1 5 0 6 7 8 9 11 12 10
2 4 3 1 5 0 6 7 8 9 11 12 10
2 4 3 1 5 0 6 7 8 9 11 12 10
2 4 3 1 5 0 6 7 8 9 11 12 10
2 4 3 1 5 0 6 7 8 9 11 12 10
2 4 3 1 5 0 6 7 8 9 11 12 10
0 1 2 3 4 5 6 7 8 9 10 11 12
0 1 2 3 4 5 6 7 8 9 10 11 12
0 1 2 3 4 5 6 7 8 9 10 11 12
0 2 1 6 4 5 3 7 9 8 11 10 12
0 2 1 6 4 5 3 7 9 8 11 10 12
0 2 1 6 5 4 3 7 9 8 11 10 12
0 2 1 6 5 4 3 7 8 9 11 10 12
0 2 1 6 5 4 3 7 8 9 11 10 12
0 2 1 6 5 4 3 7 8 9 11 10 12
0 2 1 6 5 4 3 7 8 9 11 10 12
0 2 1 6 5 4 3 7 8 9 10 11 12
0 2 1 6 4 5 3 7 8 9 10 11 12
0 2 1 6 4 5 3 7 8 9 10 11 12
0 2 1 6 4 5 3 7 8 9 10 11 12
0 2 1 6 4 5 3 7 8 9 10 11 12
0 2 1 6 4 5 3 7 8 9 10 11 12
0 2 1 6 4 5 3 7 8 9 10 11 12
0 2 1 6 4 5 3 7 8 9 10 11 12
0 2 1 6 4 5 3 7 8 9 10 11 12
0 2 1 6 4 5 3 7 8 9 10 11 12
0 2 1 6 4 5 3 7 8 9 10 11 12
0 2 1 6 4 5 3 7 8 9 10 11 12
0 2 1 6 4 5 3 7 8 9 10 11 12
0 2 1 6 4 5 3 7 8 9 10 11 12
0 2 1 6 4 5 3 7 8 9 10 11 12
0 2 1 6 4 5 3 7 8 9 10 11 12
0 2 1 6 4 5 3 7 8 9 10 11 12
0 2 1 6 4 5 3 7 8 9 10 11 12
0 2 1 6 4 5 3 7 8 9 10 11 12
0 2 1 6 4 5 3 7 8 9 10 11 12
0 2 1 6 4 5 3 7 8 9 10 11 12
0 2 1 6 4 5 3 7 8 9 10 11 12
0 2 1 6 4 5 3 7 8 9 10 11 12
0 2 1 6 4 5 3 7 8 9 10 11 12
0 2 1 6 4 5 3 7 8 9 10 11 12
0 2 1 6 4 5 3 7 8 9 10 11 12
0 1 2 3 4 5 6 7 8 9 10 11 12
0 1 2 3 4 5 6 7 8 9 10 11 12
0 1 2 3 4 5 6 7 8 9 10 11 12
5 6 0 1 3 2 7 4 11 8 10 9 12
5 6 0 1 3 2 7 4 9 8 10 11 12
5 6 0 1 3 2 7 4 9 8 10 11 12
5 6 0 1 3 2 7 4 9 8 10 11 12
5 6 0 1 3 2 7 4 9 8 10 11 12
5 6 0 1 3 2 7 4 9 8 10 11 12
5 6 0 1 3 2 7 4 9 8 10 11 12
5 6 0 1 3 2 7 4 9 8 10 11 12
6 5 0 1 3 2 7 4 9 8 10 11 12
6 5 0 1 3 2 7 4 9 8 10 11 12
6 5 0 1 3 2 7 4 9 8 11 10 12
6 5 0 1 3 2 7 4 9 8 11 10 12
6 5 0 1 3 2 7 4 9 8 11 10 12
6 5 0 1 3 2 7 4 9 8 11 12 10
6 5 0 1 3 2 7 4 9 8 11 12 10
6 5 0 1 3 2 7 4 9 8 11 12 10
6 5 0 1 3 2 7 4 9 8 12 11 10
6 5 0 1 3 2 7 4 9 8 12 11 10
6 5 0 1 3 2 7 4 9 8 12 11 10
6 5 0 1 3 2 7 4 9 8 12 11 10
6 5 0 1 3 2 7 4 9 8 12 11 10
6 5 0 1 3 2 7 4 9 8 12 11 10
6 5 0 1 3 2 7 4 9 8 12 11 10
6 5 0 1 3 2 7 4 9 8 12 11 10
6 5 0 1 3 2 7 4 9 8 12 11 10
6 5 0 1 3 2 7 4 9 8 12 11 10
6 5 0 1 3 2 7 4 9 8 12 11 10
6 5 0 1 3 2 7 4 9 8 11 12 10
6 5 0 1 3 2 7 4 9 8 11 12 10
6 5 0 1 3 2 7 4 9 8 11 12 10
6 5 0 1 3 2 7 4 9 8 11 12 10
6 5 0 1 3 2 7 4 9 8 11 12 10
6 5 0 1 3 2 7 4 9 8 11 12 10
6 5 0 1 3 2 7 4 9 8 11 12 10
6 5 0 1 3 2 7 4 9 8 11 12 10
6 5 0 1 3 2 7 4 9 8 11 12 10
6 5 0 1 3 2 7 4 9 8 11 12 10
6 5 0 1 3 2 7 4 9 8 11 12 10
6 5 0 1 3 2 7 4 9 8 11 12 10
6 5 0 1 3 2 7 4 9 8 11 12 10
6 5 0 1 3 2 7 4 9 8 11 12 10
6 5 0 1 3 2 7 4 9 8 11 12 10
6 5 0 1 3 2 7 4 9 8 11 12 10
6 5 0 1 3 2 7 4 9 8 11 12 10
6 5 0 1 3 2 7 4 9 8 11 12 10
6 5 0 1 3 2 7 4 9 8 11 12 10
6 5 0 1 3 2 7 4 9 8 11 12 10
6 5 0 1 3 2 7 4 9 8 11 12 10
6 5 0 1 3 2 7 4 9 8 11 12 10
6 5 0 1 3 2 7 4 9 8 11 12 10
0 1 2 3 4 5 6 7 8 9 10 11 12
0 1 2 3 4 5 6 7 8 9 10 11 12
0 1 2 3 4 5 6 7 8 9 10 11 12
1 4 2 5 0 6 3 7 9 8 10 12 11
1 4 2 5 0 6 3 7 9 8 12 11 10
1 4 2 5 0 6 3 7 9 8 12 11 10
1 4 2 5 0 6 3 7 9 8 12 11 10
1 4 2 5 0 6 3 7 9 8 12 11 10
1 4 2 5 0 6 3 7 9 8 12 11 10
1 4 2 5 0 6 3 7 9 8 12 11 10
1 4 2 5 0 6 3 7 9 8 12 11 10
1 4 2 5 0 6 3 7 9 8 12 11 10
1 4 2 5 0 6 3 7 9 8 12 11 10
1 4 2 5 0 6 3 7 9 8 12 11 10
1 4 2 5 0 6 3 7 9 8 12 11 10
1 4 2 5 0 6 3 7 9 8 12 11 10
1 4 2 5 0 6 3 7 9 8 12 11 10
1 4 2 5 6 0 3 7 9 8 12 11 10
1 4 2 5 6 0 3 7 9 8 12 11 10
1 4 2 5 6 0 3 7 9 8 12 11 10
1 4 2 5 6 0 3 7 9 8 12 11 10
1 4 2 5 6 0 3 7 9 8 12 11 10
1 4 2 5 6 0 3 7 9 8 12 11 10
1 4 2 5 6 3 0 7 9 8 12 11 10
1 4 2 5 6 3 0 7 9 8 12 11 10
1 4 2 5 6 3 0 7 9 8 12 11 10
1 4 2 5 6 3 0 7 9 8 12 11 10
1 4 2 5 6 3 0 7 9 8 12 11 10
1 4 2 5 6 3 0 7 9 8 12 11 10
1 4 2 5 6 3 0 7 9 8 12 11 10
1 4 2 5 6 3 0 7 9 8 12 11 10
1 4 2 5 6 3 0 7 9 8 12 11 10
0 1 2 3 4 5 6 7 8 9 10 11 12
0 1 2 3 4 5 6 7 8 9 10 11 12
0 1 2 3 4 5 6 7 8 9 10 11 12
0 5 2 1 3 6 4 7 8 9 12 11 10
0 5 2 1 3 6 7 4 8 9 11 10 12
0 5 2 1 3 6 7 4 8 9 11 10 12
0 5 2 1 3 6 7 4 8 9 11 10 12
0 5 2 1 3 7 6 4 8 9 11 10 12
0 5 2 1 3 7 6 4 8 9 11 10 12
0 5 2 1 3 7 6 4 8 9 11 10 12
0 5 2 1 3 7 6 4 8 9 11 10 12
0 2 1 7 3 6 4 173 8 9 11 10 12 174 5
0 2 1 7 3 6 4 173 8 9 11 10 12 174
0 2 1 3 7 6 4 173 8 9 11 10 12 174
0 2 1 3 7 6 4 173 8 9 11 10 12 174
0 2 1 3 7 6 4 173 8 9 11 10 12 174
0 2 1 3 7 6 4 173 8 9 11 10 12 174
0 2 1 3 7 6 4 173 8 9 11 10 12 174
0 2 1 3 7 6 4 173 8 9 11 10 12 174
0 2 1 3 7 6 4 173 8 9 11 10 12 174
0 2 1 3 7 6 4 173 8 9 11 10 12 174
0 2 1 3 7 6 4 173 8 9 11 10 12 174
0 2 1 3 7 6 4 173 8 9 11 10 12 174
0 2 1 3 7 6 4 173 8 9 11 10 12 174
0 2 1 3 7 6 4 173 8 9 11 10 12 174
0 2 1 3 7 6 4 173 8 9 11 10 12 174
0 2 1 3 7 6 4 173 8 9 11 10 12 174
0 2 1 3 7 6 4 173 8 9 11 10 12 174
0 2 1 3 7 6 4 173 8 9 11 10 12 174
0 2 1 3 7 6 4 173 8 9 11 10 12 174
0 2 1 3 7 6 4 173 8 9 11 10 12 174
0 2 1 3 7 6 4 173 8 9 11 10 12 174
0 2 1 3 7 6 4 173 8 9 11 10 12 174
0 2 1 3 7 6 4 173 8 9 11 10 12 174
0 2 1 3 7 6 4 173 8 9 11 10 12 174
0 2 1 3 7 6 4 173 8 9 11 10 12 174
0 2 1 3 7 6 4 173 8 9 11 10 12 174
0 2 1 3 7 6 4 173 8 9 11 10 12 174
0 2 1 3 7 6 4 173 8 9 11 10 12 174
0 2 1 3 7 6 4 173 8 9 11 10 12 174
0 2 1 3 7 6 4 173 8 9 11 10 12 174
0 2 1 3 7 6 4 173 8 9 11 10 12 174
0 2 1 3 7 6 4 173 8 9 11 10 12 174
0 2 1 3 7 6 4 173 8 9 11 10 12 174
0 2 1 3 7 6 4 173 8 9 11 10 12 174
0 2 1 3 7 6 4 173 8 9 11 10 12 174
0 2 1 3 7 6 4 173 8 9 11 10 12 174
0 2 1 3 7 6 4 173 8 9 11 10 12 174
0 2 1 3 7 6 4 173 8 9 11 10 12 174
0 2 1 3 7 6 4 173 8 9 11 10 12 174
0 2 1 3 7 6 4 173 8 9 11 10 12 174
0 2 1 3 7 6 4 173 8 9 11 10 12 174
0 2 1 3 7 6 4 173 8 9 11 10 12 174
0 2 1 3 7 6 4 173 8 9 11 10 12 174
0 2 1 3 7 6 4 173 8 9 11 10 12 174
0 2 1 3 7 6 4 173 8 9 11 10 12 174
0 2 1 3 7 6 4 173 8 9 11 10 12 174
0 2 1 3 7 6 4 173 8 9 11 10 12 174
0 2 1 3 7 6 4 173 8 9 11 10 12 174
0 2 1 3 7 6 4 173 8 9 11 10 12 174
0 2 1 3 7 6 4 173 8 9 11 10 12 174
0 2 1 3 7 6 4 173 8 9 11 10 12 174
0 2 1 3 7 6 4 173 8 9 11 10 12 174
0 2 1 3 7 6 4 173 8 9 11 10 12 174
0 2 1 3 7 6 4 173 8 9 11 10 12 174
0 2 1 3 7 6 4 173 8 9 11 10 12 174
0 2 1 3 7 6 4 173 8 9 11 10 12 174
0 2 1 3 7 6 4 173 8 9 11 10 12 174
0 2 1 3 7 6 4 173 8 9 11 10 12 174
0 2 1 3 7 6 4 173 8 9 11 10 12 174
0 2 1 3 7 6 4 173 8 9 11 10 12 174
0 2 1 3 7 6 4 173 8 9 11 10 12 174
0 2 1 3 7 6 4 173 8 9 11 10 12 174
0 2 1 3 7 6 4 173 8 9 11 10 12 174
0 2 1 3 7 6 4 173 8 9 11 10 12 174
0 2 1 3 7 6 4 173 8 9 11 10 12 174
0 2 1 3 7 6 4 173 8 9 11 10 12 174
0 2 1 3 7 6 4 173 8 9 11 10 12 174
0 2 1 3 7 6 4 173 8 9 11 10 12 174
0 2 1 3 7 6 4 173 8 9 11 10 12 174
0 2 1 3 7 6 4 173 8 9 11 10 12 174
0 2 1 3 7 6 4 173 8 9 11 10 12 174
0 2 1 3 7 6 4 173 8 9 11 10 12 174
0 2 1 3 7 6 4 173 8 9 11 10 12 174
0 2 1 3 7 6 4 173 8 9 11 10 12 174
0 2 1 3 7 6 4 173 8 9 11 10 12 174
0 2 1 3 7 6 4 173 8 9 11 10 12 174
0 2 1 3 7 6 4 173 8 9 11 10 12 174
0 2 1 3 7 6 4 173 8 9 11 10 12 174
0 2 1 3 7 6 4 173 8 9 11 10 12 174
0 2 1 3 7 6 4 173 8 9 11 10 12 174
0 2 1 3 7 6 4 173 8 9 11 12 10 174
0 2 1 3 7 6 4 173 8 9 11 12 10 174
0 2 1 3 7 6 4 173 8 9 11 12 10 174
0 2 1 3 7 6 4 173 8 9 11 12 10 174
0 2 1 3 7 6 4 173 8 9 11 12 10 174
0 2 1 3 7 6 4 173 8 9 11 12 10 174
0 2 1 3 7 6 4 173 8 9 11 12 10 174
0 2 1 3 7 6 4 173 8 9 11 12 10 174
0 2 1 3 7 6 4 173 8 9 11 12 10 174
0 2 1 3 7 6 4 173 8 9 11 12 10 174
