1000.000
2000.000
3000.000
5000.000
1659.781 1232.073 1176.413 474.956 456.777
712.922 566.758 480.472 459.889 450.145 426.197 411.557 377.714 375.389 317.610 224.010 80.899 58.576 57.863
517.989 509.095 480.081 446.970 414.492 399.166 388.697 378.774 323.007 316.440 307.970 219.429 110.076 95.939 80.276 11.599
513.461 494.134 479.631 432.648 417.202 405.311 387.829 377.994 344.083 303.838 262.478 236.810 218.346 126.235
518.308 486.433 478.888 432.358 430.225 404.212 381.563 378.467 355.383 305.791 247.638 227.933 219.531 133.269
523.926 477.952 473.857 440.790 425.429 399.255 377.055 369.632 362.173 305.905 257.168 220.126 214.572 152.161
535.694 477.501 455.268 445.649 420.783 395.080 376.351 369.476 358.526 305.596 261.036 220.762 210.427 167.851
547.744 476.911 449.504 438.341 417.300 392.202 377.056 375.501 351.392 305.265 262.991 221.330 208.002 176.461
556.823 476.264 452.719 424.531 414.581 389.676 380.573 378.295 346.561 304.929 265.749 221.824 205.845 181.630
558.922 475.613 454.665 418.595 412.896 387.686 384.765 379.066 342.827 304.626 267.218 222.296 205.121 185.703
559.405 474.827 456.127 415.457 411.676 388.463 385.828 379.579 339.475 304.379 267.868 222.701 204.669 189.545
560.113 474.152 457.259 413.562 410.876 390.765 384.409 379.872 336.645 304.161 267.641 223.114 204.753 192.677
561.360 473.303 458.200 412.594 410.238 392.296 383.092 380.107 334.072 303.979 266.784 223.501 204.906 195.568
563.575 472.259 459.184 412.086 409.533 393.670 381.837 380.292 331.572 303.806 264.783 223.921 205.151 198.330
566.178 470.889 460.133 411.901 408.815 394.927 380.704 380.452 329.259 303.585 262.432 224.414 205.548 200.763
567.904 469.258 460.980 411.783 408.073 396.263 380.612 379.763 327.212 303.325 260.858 224.919 206.210 202.841
568.567 467.121 461.703 411.773 407.394 397.792 380.827 378.869 325.504 303.024 260.165 225.381 207.232 204.648
568.405 464.773 462.324 411.868 406.813 399.463 381.051 377.958 324.192 302.757 260.001 225.757 208.454 206.182
568.152 462.930 462.827 411.993 406.376 400.722 381.241 377.131 323.214 302.595 260.031 226.015 209.417 207.355
567.602 463.203 461.621 412.121 405.979 401.906 381.424 376.286 322.597 302.458 260.220 226.230 210.068 208.285
567.204 463.482 460.760 412.235 405.632 402.808 381.583 375.454 322.139 302.349 260.388 226.416 210.451 209.099
566.978 463.715 460.142 412.354 405.280 403.443 381.701 374.554 321.842 302.288 260.632 226.546 210.629 209.897
566.826 463.906 459.730 412.453 404.891 403.968 381.800 373.634 321.652 302.250 260.926 226.658 210.688 210.618
566.760 464.056 459.471 412.550 404.507 404.346 381.868 372.734 321.537 302.230 261.244 226.748 211.298 210.651
566.768 464.186 459.330 412.651 404.638 404.022 381.929 371.856 321.415 302.227 261.695 226.826 212.037 210.420
566.832 464.295 459.227 412.737 404.907 403.324 381.975 371.043 321.343 302.252 262.302 226.892 212.611 210.261
566.935 464.397 459.148 412.813 405.156 402.426 382.009 370.247 321.360 302.292 263.081 226.956 213.064 210.117
567.114 464.470 459.091 412.859 405.380 401.294 382.047 369.438 321.476 302.343 264.031 227.025 213.435 209.996
567.262 464.531 459.045 412.897 405.558 400.365 382.087 368.605 321.753 302.392 264.828 227.096 213.721 209.861
567.459 464.589 459.000 412.922 405.751 399.306 382.158 367.635 322.262 302.440 265.766 227.173 213.904 209.634
567.648 464.653 458.951 412.927 405.927 398.368 382.288 366.411 322.913 302.495 266.677 227.239 214.194 209.308
567.884 464.700 458.889 412.864 406.093 397.508 382.379 365.100 323.559 302.556 267.745 227.303 214.639 208.781
568.178 464.770 458.771 412.707 406.282 396.732 382.437 363.940 324.180 302.608 269.254 227.363 214.986 207.793
568.575 464.848 458.586 412.377 406.481 396.059 382.434 362.911 324.942 302.654 271.433 227.422 215.072 206.205
569.225 465.022 458.189 411.728 406.718 395.262 382.276 362.174 325.754 302.675 275.246 227.502 214.821 203.410
570.254 465.189 457.570 410.592 406.959 394.288 382.034 361.534 326.575 302.745 278.799 227.563 214.445 201.453
571.438 465.365 456.689 409.456 407.239 393.279 381.782 361.101 327.365 302.800 281.631 227.623 214.048 200.185
572.525 465.085 456.008 408.926 407.499 392.490 381.678 360.760 328.376 302.836 283.619 227.665 213.609 198.925
573.417 464.686 455.431 408.577 407.616 391.852 381.789 360.487 329.426 302.871 284.730 227.696 213.340 198.080
574.202 464.263 455.111 408.059 407.724 391.285 382.103 360.217 330.623 302.883 285.579 227.733 212.960 197.256
574.712 463.831 454.985 407.811 407.675 390.850 382.324 359.976 331.778 302.898 286.312 227.761 212.590 196.495
575.003 463.422 454.980 407.921 407.330 390.552 382.430 359.761 332.908 302.907 286.979 227.791 212.232 195.784
575.104 463.053 455.035 408.058 407.152 390.323 382.462 359.561 333.809 302.915 287.543 227.811 211.821 195.352
575.047 462.698 455.141 408.258 407.025 390.181 382.485 359.348 334.559 302.923 288.076 227.832 211.419 195.009
574.932 462.409 455.245 408.441 406.972 390.114 382.503 359.147 335.112 302.927 288.507 227.852 210.987 194.852
574.735 462.167 455.348 408.675 406.977 390.077 382.555 358.963 335.549 302.931 288.867 227.868 210.544 194.744
574.565 461.962 455.421 408.857 407.032 390.047 382.712 358.783 335.846 302.935 289.173 227.878 210.146 194.642
574.377 461.792 455.479 409.022 407.110 390.035 383.014 358.589 336.081 302.936 289.424 227.889 209.664 194.587
574.198 461.653 455.518 409.193 407.214 390.029 383.331 358.403 336.201 302.936 289.650 227.898 209.254 194.523
574.059 461.539 455.534 409.301 407.347 390.020 383.417 358.213 336.237 302.929 289.890 227.904 209.079 194.531
573.948 461.430 455.547 409.392 407.529 389.993 383.417 358.042 336.272 302.921 290.056 227.909 209.038 194.508
573.854 461.333 455.559 409.474 407.742 389.937 383.395 357.916 336.290 302.919 290.146 227.912 209.046 194.476
573.793 461.267 455.572 409.522 407.951 389.882 383.371 357.832 336.303 302.917 290.206 227.914 209.065 194.406
573.749 461.201 455.580 409.556 408.139 389.798 383.346 357.765 336.306 302.910 290.332 227.917 209.093 194.308
573.713 461.146 455.590 409.590 408.289 389.720 383.323 357.712 336.313 302.906 290.483 227.921 209.124 194.171
573.680 461.105 455.601 409.628 408.397 389.660 383.301 357.673 336.320 302.905 290.600 227.923 209.145 194.062
573.649 461.077 455.612 409.661 408.499 389.617 383.286 357.642 336.327 302.904 290.697 227.926 209.166 193.938
573.632 461.052 455.616 409.697 408.595 389.587 383.280 357.619 336.336 302.903 290.774 227.928 209.194 193.785
573.622 461.033 455.624 409.727 408.677 389.565 383.273 357.600 336.345 302.902 290.834 227.931 209.219 193.650
573.612 461.017 455.629 409.762 408.746 389.547 383.265 357.584 336.353 302.902 290.874 227.932 209.243 193.532
573.598 461.005 455.638 409.793 408.789 389.533 383.258 357.572 336.361 302.903 290.907 227.934 209.262 193.447
573.588 460.996 455.646 409.818 408.830 389.518 383.250 357.562 336.366 302.903 290.931 227.935 209.279 193.377
573.575 460.988 455.653 409.843 408.854 389.507 383.241 357.554 336.371 302.903 290.950 227.936 209.291 193.333
573.563 460.982 455.661 409.865 408.873 389.494 383.231 357.547 336.374 302.903 290.959 227.938 209.302 193.308
573.551 460.977 455.675 409.884 408.888 389.475 383.215 357.541 336.376 302.904 290.964 227.939 209.304 193.306
573.540 460.972 455.704 409.890 408.906 389.441 383.180 357.537 336.375 302.905 290.964 227.940 209.291 193.356
573.528 460.968 455.728 409.896 408.922 389.403 383.147 357.532 336.376 302.903 290.930 227.941 209.293 193.434
573.528 460.963 455.836 409.865 408.962 389.275 383.016 357.529 336.366 302.912 290.836 227.942 209.200 193.771
573.549 460.961 455.934 409.823 408.995 389.118 382.887 357.522 336.350 302.932 290.624 227.947 209.118 194.241
573.568 460.924 456.116 409.742 409.047 388.854 382.648 357.511 336.343 302.933 290.877 227.956 209.047 194.435
573.558 460.895 456.243 409.683 409.074 388.632 382.444 357.500 336.334 302.933 291.171 227.969 208.982 194.582
573.502 460.884 456.319 409.649 409.090 388.476 382.289 357.493 336.324 302.928 291.375 227.982 208.946 194.743
573.433 460.877 456.361 409.626 409.098 388.378 382.182 357.486 336.316 302.925 291.513 227.993 208.929 194.884
573.363 460.875 456.388 409.610 409.100 388.314 382.110 357.483 336.310 302.922 291.599 228.001 208.919 195.006
573.294 460.873 456.406 409.596 409.099 388.271 382.057 357.480 336.308 302.919 291.663 228.008 208.912 195.114
573.235 460.873 456.418 409.582 409.095 388.240 382.017 357.478 336.309 302.916 291.710 228.012 208.906 195.209
573.183 460.873 456.427 409.569 409.089 388.222 381.989 357.476 336.311 302.914 291.740 228.016 208.902 195.289
573.139 460.874 456.435 409.556 409.083 388.208 381.967 357.474 336.313 302.913 291.763 228.019 208.899 195.357
573.104 460.875 456.442 409.542 409.074 388.199 381.950 357.473 336.316 302.911 291.780 228.021 208.894 195.417
573.080 460.877 456.450 409.529 409.065 388.193 381.937 357.472 336.319 302.911 291.791 228.023 208.891 195.460
573.061 460.879 456.456 409.518 409.058 388.190 381.928 357.470 336.323 302.910 291.798 228.024 208.888 195.496
573.041 460.880 456.461 409.507 409.051 388.187 381.921 357.469 336.326 302.910 291.803 228.025 208.886 195.533
573.027 460.882 456.465 409.496 409.044 388.185 381.915 357.468 336.330 302.909 291.807 228.026 208.884 195.562
573.015 460.884 456.469 409.485 409.038 388.184 381.910 357.467 336.333 302.909 291.810 228.026 208.882 195.588
0.096 163.329 51.396 0.901 47.846 6.397 76.176 1.155 42.234 0.000 110.849 0.000 58.733 440.888
0.096 328.957 159.740 0.901 123.753 7.989 217.626 1.155 111.397 0.000 206.902 0.000 111.237 730.246
0.096 504.528 296.314 0.901 202.439 12.134 390.606 1.155 213.142 0.000 258.854 0.000 156.205 963.624
1330.974 884.116 764.712 575.595 420.965 374.482 355.941 266.292 24.770 1.155 0.901 0.096 0.000 0.000
538.857 511.493 507.886 467.092 437.804 427.888 405.740 384.429 367.087 308.397 277.992 220.228 65.751 39.031 15.798 12.894 9.731 0.998 0.904 0.000 0.000 0.000
527.408 493.636 489.973 443.788 442.204 433.232 407.048 402.778 365.020 291.761 246.943 198.392 154.527 61.012 28.254 5.533 5.045 1.447 1.000 1.000 0.000 0.000 0.000 0.000
519.586 500.026 482.389 446.161 444.309 437.131 410.595 409.761 382.462 295.320 250.478 172.329 149.465 57.002 29.222 6.360 4.023 1.378 1.000 1.000 0.000 0.000 0.000 0.000
516.351 500.936 479.881 445.187 444.687 437.145 419.952 411.901 386.214 295.251 249.144 183.069 161.048 55.507 7.727 4.000 2.000 0.000 0.000
514.538 501.816 478.850 444.600 443.923 435.359 424.374 415.337 387.193 293.329 251.008 188.432 165.224 50.016 6.000 0.000
514.034 503.338 478.654 448.882 444.984 434.912 430.239 417.931 385.830 291.775 252.415 190.922 160.621 45.463 0.000
514.085 502.621 478.521 446.859 446.493 435.019 432.932 419.787 384.814 290.249 254.076 193.643 159.302 41.600
514.224 501.750 478.552 448.728 444.712 435.028 433.729 421.257 384.165 289.163 255.417 197.272 157.257 38.747
514.368 500.327 478.642 458.802 450.647 442.629 435.230 434.582 383.200 288.465 256.361 201.855 154.893
514.230 498.467 478.949 459.049 452.358 441.077 435.702 435.043 382.179 287.999 257.011 204.807 153.130
514.135 496.473 479.136 457.809 453.960 439.927 436.132 435.752 381.871 287.708 257.489 207.292 152.317
514.164 494.417 479.328 456.962 454.758 439.247 436.629 436.516 381.761 287.517 257.785 208.587 152.329
514.431 492.420 479.455 456.307 454.866 438.552 437.823 437.002 381.768 287.427 258.009 209.624 152.316
514.676 490.197 479.516 455.664 454.615 439.523 437.757 437.461 381.611 287.402 258.164 211.493 151.921
514.757 487.925 479.560 455.202 454.339 440.835 438.214 436.960 381.449 287.440 258.284 212.837 152.199
514.779 486.049 479.599 454.966 454.133 441.699 439.037 436.432 381.409 287.506 258.372 213.312 152.708
514.776 484.570 479.612 454.652 453.835 442.344 440.317 435.791 381.538 287.559 258.439 213.220 153.349
514.771 483.474 479.613 454.200 453.469 442.819 442.342 435.067 381.709 287.621 258.496 212.517 153.902
514.737 482.745 479.615 453.660 452.972 444.909 443.161 434.304 381.871 287.774 258.576 211.450 154.227
514.715 482.102 479.606 453.127 452.394 447.140 443.399 433.596 381.955 288.018 258.630 210.788 154.530
514.704 481.570 479.606 452.555 451.810 449.486 443.592 432.878 381.978 288.190 258.731 210.092 154.805
514.684 481.125 479.624 452.013 451.262 451.223 443.755 432.241 381.930 288.277 258.873 209.922 155.070
514.709 480.703 479.626 452.810 451.538 450.636 443.901 431.675 381.898 288.272 258.986 209.899 155.346
514.718 480.313 479.641 454.035 451.090 450.087 444.036 431.243 381.848 288.257 259.064 210.042 155.625
514.738 479.954 479.647 455.035 450.732 449.585 444.159 430.962 381.810 288.234 259.116 210.151 155.877
514.750 479.650 479.616 455.765 450.448 449.095 444.285 430.795 381.790 288.213 259.153 210.345 156.094
514.760 479.648 479.255 456.384 450.221 448.596 444.407 430.699 381.785 288.192 259.178 210.544 156.331
514.767 479.638 478.930 456.960 450.023 448.134 444.541 430.663 381.773 288.178 259.190 210.674 156.528
514.761 479.625 478.591 457.437 449.867 447.706 444.693 430.662 381.766 288.166 259.196 210.808 156.721
514.752 479.610 478.251 457.848 449.729 447.269 444.871 430.687 381.756 288.156 259.201 210.987 156.882
514.748 479.589 477.938 458.235 449.612 446.878 445.048 430.730 381.741 288.149 259.200 211.116 157.015
514.737 479.575 477.626 458.572 449.496 446.519 445.293 430.797 381.723 288.145 259.199 211.249 157.069
514.731 479.556 477.304 458.845 449.397 446.196 445.540 430.869 381.703 288.141 259.197 211.406 157.114
514.719 479.536 476.967 459.095 449.287 445.908 445.878 430.971 381.674 288.137 259.195 211.561 157.072
514.708 479.513 476.663 459.288 449.182 446.208 445.674 431.082 381.644 288.132 259.192 211.717 156.997
514.709 479.485 476.299 459.478 449.079 446.588 445.457 431.208 381.593 288.127 259.190 211.912 156.873
514.714 479.452 475.853 459.651 448.981 446.993 445.314 431.344 381.534 288.120 259.187 212.130 156.726
514.723 479.414 475.382 459.823 448.888 447.426 445.205 431.431 381.440 288.108 259.186 212.356 156.617
514.746 479.383 474.817 460.000 448.812 447.835 445.169 431.459 381.349 288.086 259.188 212.631 156.524
514.776 479.343 474.174 460.203 448.730 448.315 445.184 431.428 381.231 288.057 259.187 212.993 156.379
514.816 479.316 473.535 460.458 448.690 448.650 445.265 431.180 381.086 288.015 259.188 213.384 156.417
514.863 479.285 472.833 460.736 448.925 448.677 445.393 430.918 380.974 287.968 259.194 213.734 156.499
514.917 479.277 472.141 461.107 449.047 448.700 445.634 430.593 380.820 287.888 259.198 213.983 156.696
514.970 479.277 471.371 461.451 449.139 448.740 445.888 430.347 380.710 287.817 259.206 213.898 157.186
515.016 479.283 470.684 461.707 449.211 448.789 446.088 430.216 380.636 287.763 259.216 213.659 157.732
515.049 479.283 469.974 461.912 449.277 448.832 446.286 430.138 380.585 287.717 259.223 213.375 158.347
515.069 479.286 469.315 462.062 449.333 448.858 446.452 430.107 380.551 287.682 259.227 213.125 158.932
515.084 479.292 468.637 462.187 449.395 448.893 446.605 430.096 380.522 287.655 259.230 212.872 159.532
515.095 479.298 467.932 462.284 449.451 448.930 446.744 430.099 380.506 287.634 259.231 212.646 160.151
515.102 479.301 467.182 462.358 449.493 448.962 446.853 430.119 380.507 287.619 259.230 212.457 160.816
515.109 479.309 466.277 462.427 449.542 449.002 446.967 430.149 380.514 287.605 259.229 212.271 161.599
515.115 479.314 465.345 462.481 449.591 449.039 447.074 430.184 380.514 287.595 259.228 212.098 162.422
515.120 479.324 464.408 462.523 449.653 449.079 447.161 430.219 380.508 287.587 259.227 211.953 163.240
515.125 479.337 463.239 462.561 449.728 449.130 447.245 430.265 380.526 287.579 259.225 211.812 164.227
515.129 479.346 462.597 461.899 449.819 449.188 447.324 430.320 380.547 287.573 259.224 211.672 165.363
515.131 479.348 462.627 460.586 449.901 449.232 447.395 430.372 380.543 287.568 259.222 211.544 166.531
515.134 479.355 462.650 459.158 450.004 449.281 447.457 430.422 380.543 287.563 259.221 211.424 167.789
515.134 479.358 462.670 457.615 450.117 449.334 447.511 430.478 380.569 287.559 259.219 211.309 169.124
515.136 479.363 462.687 455.976 450.260 449.381 447.565 430.528 380.593 287.554 259.218 211.206 170.531
515.137 479.363 462.701 454.283 450.441 449.419 447.612 430.575 380.621 287.551 259.216 211.103 171.977
515.132 479.352 462.711 452.638 450.688 449.465 447.644 430.610 380.615 287.548 259.215 211.004 173.376
515.130 479.351 462.720 450.972 450.865 449.504 447.680 430.640 380.642 287.545 259.214 210.911 174.826
515.113 479.327 462.726 451.503 449.549 448.919 447.684 430.671 380.604 287.542 259.213 210.803 176.346
515.106 479.302 462.730 452.190 449.597 447.676 447.006 430.700 380.581 287.539 259.212 210.721 177.639
515.084 479.247 462.732 453.302 449.646 447.626 444.656 430.707 380.342 287.536 259.211 210.609 179.301
515.061 479.205 462.736 453.997 449.706 447.591 442.479 430.705 380.170 287.533 259.210 210.526 181.079
515.054 479.168 462.738 454.469 449.722 447.551 439.995 430.700 380.011 287.530 259.209 210.468 183.385
515.055 479.144 462.745 454.776 449.726 447.498 437.595 430.703 379.901 287.525 259.209 210.420 185.702
515.059 479.136 462.753 454.977 449.704 447.461 435.108 430.711 379.835 287.521 259.209 210.400 188.126
515.065 479.126 462.766 455.151 449.672 447.426 432.970 430.711 379.815 287.517 259.209 210.386 190.186
515.069 479.116 462.782 455.303 449.635 447.391 431.152 430.706 379.807 287.514 259.209 210.374 191.941
515.073 479.102 462.802 455.439 449.587 447.361 430.697 429.504 379.791 287.511 259.209 210.371 193.553
515.076 479.088 462.823 455.571 449.542 447.329 430.689 428.101 379.789 287.508 259.210 210.366 194.910
515.078 479.070 462.845 455.694 449.490 447.299 430.680 426.893 379.779 287.505 259.209 210.370 196.087
515.081 479.056 462.869 455.833 449.439 447.264 430.668 425.725 379.773 287.503 259.209 210.374 197.204
515.084 479.037 462.896 455.973 449.384 447.227 430.655 424.532 379.773 287.502 259.209 210.385 198.344
515.086 479.022 462.927 456.103 449.328 447.191 430.640 423.509 379.778 287.500 259.208 210.391 199.316
515.089 479.004 462.959 456.245 449.271 447.149 430.625 422.422 379.785 287.498 259.208 210.405 200.340
515.092 478.991 462.993 456.378 449.210 447.104 430.613 421.421 379.778 287.496 259.207 210.421 201.295
515.095 478.974 463.028 456.486 449.155 447.059 430.599 420.490 379.771 287.495 259.206 210.441 202.202
515.097 478.958 463.063 456.571 449.104 447.011 430.586 419.617 379.781 287.493 259.206 210.462 203.051
515.098 478.949 463.103 456.640 449.056 446.962 430.575 418.912 379.789 287.491 259.205 210.477 203.743
515.100 478.940 463.145 456.697 449.011 446.909 430.564 418.161 379.803 287.489 259.204 210.502 204.475
515.102 478.931 463.191 456.739 448.972 446.855 430.555 417.443 379.824 287.488 259.203 210.529 205.168
515.103 478.925 463.235 456.769 448.943 446.800 430.549 416.756 379.856 287.487 259.202 210.558 205.816
515.103 478.922 463.288 456.795 448.915 446.746 430.545 416.104 379.889 287.485 259.201 210.580 206.428
515.104 478.920 463.345 456.820 448.891 446.686 430.542 415.405 379.928 287.482 259.199 210.601 207.077
515.104 478.919 463.403 456.842 448.876 446.626 430.541 414.691 379.973 287.480 259.198 210.625 207.721
515.105 478.920 463.466 456.863 448.865 446.562 430.542 413.920 380.024 287.478 259.196 210.650 208.409
515.105 478.923 463.527 456.878 448.861 446.500 430.545 413.146 380.076 287.476 259.194 210.673 209.096
515.105 478.927 463.596 456.899 448.859 446.434 430.549 412.357 380.135 287.474 259.193 210.689 209.784
515.105 478.933 463.673 456.919 448.859 446.369 430.554 411.600 380.194 287.470 259.190 210.694 210.439
515.105 478.940 463.756 456.937 448.864 446.297 430.561 410.752 380.257 287.467 259.187 211.177 210.700
515.111 478.943 463.885 456.955 448.896 446.257 430.593 409.846 380.302 287.473 259.188 212.031 210.520
515.112 478.948 464.011 456.970 448.912 446.207 430.608 409.014 380.359 287.470 259.186 212.783 210.420
515.112 478.956 464.135 456.995 448.934 446.150 430.620 408.180 380.423 287.466 259.184 213.498 210.347
515.112 478.963 464.249 457.010 448.958 446.094 430.630 407.436 380.484 287.461 259.180 214.133 210.291
515.112 478.971 464.379 457.028 448.979 446.028 430.638 406.725 380.551 287.456 259.176 214.730 210.227
515.111 478.977 464.519 457.043 448.995 445.957 430.643 406.178 380.615 287.448 259.172 215.184 210.159
515.111 478.983 464.663 457.052 449.009 445.887 430.648 405.770 380.671 287.440 259.166 215.519 210.082
515.111 478.986 464.819 457.059 449.024 445.805 430.649 405.439 380.724 287.431 259.160 215.792 210.001
515.110 478.990 464.955 457.065 449.039 445.726 430.651 405.180 380.766 287.423 259.156 216.001 209.939
515.109 478.992 465.105 457.070 449.046 445.647 430.653 405.010 380.811 287.414 259.149 216.137 209.859
515.109 478.994 465.252 457.073 449.053 445.559 430.652 404.877 380.849 287.406 259.143 216.247 209.787
515.108 478.995 465.391 457.077 449.060 445.472 430.650 404.784 380.886 287.396 259.137 216.325 209.719
515.108 478.996 465.515 457.082 449.065 445.387 430.648 404.717 380.919 287.386 259.131 216.383 209.663
515.108 478.996 465.610 457.085 449.068 445.311 430.649 404.673 380.947 287.380 259.127 216.422 209.623
515.107 478.996 465.696 457.088 449.069 445.237 430.650 404.640 380.974 287.374 259.123 216.454 209.593
515.107 478.996 465.770 457.092 449.068 445.168 430.649 404.618 380.999 287.368 259.119 216.478 209.568
515.106 478.997 465.829 457.095 449.069 445.107 430.649 404.603 381.023 287.363 259.116 216.497 209.548
515.107 478.997 465.879 457.098 449.065 445.053 430.650 404.593 381.045 287.359 259.113 216.512 209.529
515.107 478.997 465.923 457.101 449.063 445.002 430.650 404.585 381.065 287.355 259.111 216.526 209.515
515.108 478.997 465.959 457.104 449.060 444.956 430.650 404.580 381.086 287.352 259.108 216.537 209.503
515.108 478.997 465.988 457.107 449.058 444.916 430.650 404.577 381.104 287.349 259.107 216.547 209.493
515.108 478.997 466.011 457.110 449.057 444.882 430.649 404.575 381.121 287.346 259.105 216.555 209.483
515.108 478.998 466.031 457.113 449.053 444.853 430.649 404.574 381.139 287.344 259.104 216.562 209.472
515.109 478.998 466.048 457.115 449.050 444.826 430.648 404.573 381.155 287.341 259.103 216.571 209.462
515.109 478.998 466.063 457.117 449.048 444.804 430.647 404.572 381.171 287.339 259.102 216.579 209.450
515.110 478.999 466.076 457.120 449.046 444.786 430.646 404.572 381.188 287.337 259.101 216.585 209.435
97.500 101.474 97.578 77.102 107.511 88.872 91.623 85.427 70.887 47.884 55.352 42.547 36.242
188.234 187.347 188.750 191.503 198.054 181.994 190.040 154.619 156.517 98.688 106.276 80.258 77.720
284.878 285.078 273.264 296.525 295.668 274.590 291.140 206.203 234.245 157.580 158.347 125.490 116.992
495.113 481.590 477.278 472.153 470.474 469.045 461.091 404.538 355.867 268.900 255.649 195.320 192.981
495.438 490.214 476.086 474.773 472.982 464.076 462.988 408.298 358.383 274.422 258.522 188.634 175.183
495.861 493.685 477.084 475.643 473.594 465.384 460.760 408.709 356.193 276.969 258.901 190.817 166.400
496.303 495.830 478.679 475.449 474.031 465.862 459.349 409.130 354.132 278.851 258.715 193.130 160.538
497.314 496.525 479.471 475.385 474.347 465.794 458.218 410.091 352.824 280.359 258.519 194.904 156.251
498.786 496.547 480.025 475.444 474.614 465.845 456.710 411.508 351.799 281.886 258.170 196.706 151.961
500.022 496.729 480.435 475.522 474.727 465.915 454.206 412.968 351.440 283.558 257.678 198.860 147.940
500.457 496.826 480.866 475.628 474.796 466.083 450.952 414.792 352.511 285.707 256.772 200.827 143.781
500.374 496.726 481.238 475.720 474.801 466.332 448.521 416.690 354.137 288.273 255.408 201.429 140.350
500.317 496.405 481.505 475.797 474.816 466.595 447.156 418.286 355.985 291.197 253.579 200.576 137.786
500.690 496.018 481.669 475.836 474.827 466.833 446.404 419.574 357.285 294.542 251.450 199.534 135.336
501.077 495.424 481.797 475.860 474.841 467.066 445.931 420.366 358.410 298.308 248.962 198.918 133.038
501.557 494.789 481.870 475.838 474.850 467.175 445.661 420.699 359.217 302.333 246.343 198.577 131.092
501.902 494.176 481.914 475.826 474.888 467.295 445.514 420.823 359.917 305.523 244.000 198.227 129.994
502.170 493.680 481.927 475.820 474.956 467.449 445.438 420.890 360.525 308.257 241.863 197.843 129.181
502.357 493.246 481.934 475.822 475.011 467.578 445.392 420.912 361.015 310.482 240.028 197.539 128.683
502.451 492.820 481.936 475.836 475.062 467.673 445.363 420.916 361.374 312.220 238.560 197.315 128.473
502.472 492.263 481.935 475.855 475.110 467.739 445.340 420.917 361.666 313.760 237.205 197.178 128.559
502.438 491.626 481.939 475.888 475.152 467.838 445.322 420.931 361.905 315.106 236.011 197.131 128.713
502.371 491.112 481.941 475.916 475.179 467.881 445.308 420.927 362.069 316.212 235.000 197.169 128.917
502.284 490.568 481.947 475.946 475.201 467.868 445.307 420.933 362.228 317.109 234.167 197.233 129.208
502.220 490.048 481.953 475.976 475.214 467.815 445.307 420.926 362.346 317.891 233.426 197.327 129.551
502.122 489.456 481.967 476.008 475.220 467.722 445.306 420.889 362.351 318.552 232.781 197.560 130.066
502.026 488.754 481.984 476.049 475.223 467.582 445.315 420.857 362.253 319.144 232.200 197.869 130.746
501.815 487.783 482.026 476.095 475.222 467.395 445.300 420.638 361.599 319.656 231.701 199.182 131.588
501.547 486.667 482.118 476.165 475.210 467.184 445.317 420.364 360.779 320.086 231.278 200.771 132.515
501.363 485.365 482.214 476.239 475.186 466.951 445.349 420.141 360.303 320.452 230.930 202.033 133.475
501.179 484.084 482.311 476.321 475.158 466.643 445.413 420.005 360.164 320.802 230.630 202.774 134.518
501.035 482.987 482.387 476.389 475.137 466.369 445.467 419.914 360.180 321.110 230.363 203.128 135.534
500.942 482.447 481.986 476.448 475.115 466.013 445.502 419.880 360.238 321.407 230.126 203.251 136.644
500.918 482.491 480.787 476.503 475.101 465.657 445.522 419.866 360.282 321.722 229.900 203.331 137.920
500.976 482.517 479.184 476.556 475.097 465.348 445.533 419.881 360.314 322.052 229.725 203.378 139.440
501.042 482.532 476.720 476.594 475.101 465.190 445.538 419.911 360.341 322.422 229.528 203.422 141.659
501.253 482.537 476.661 475.118 473.216 465.289 445.535 419.963 360.361 322.827 229.379 203.491 144.371
501.408 482.533 476.719 475.135 469.568 465.469 445.532 420.001 360.381 323.269 229.151 203.522 147.314
501.493 482.529 476.747 475.142 466.626 465.641 445.528 420.011 360.396 323.696 228.878 203.555 149.758
501.528 482.528 476.773 475.150 465.814 463.520 445.527 420.018 360.408 324.149 228.505 203.577 152.503
501.538 482.531 476.787 475.162 465.906 460.732 445.528 420.028 360.419 324.596 228.123 203.595 155.057
501.539 482.537 476.790 475.165 465.997 458.365 445.524 420.027 360.427 325.075 227.654 203.598 157.303
501.538 482.541 476.785 475.166 466.082 456.564 445.522 420.034 360.432 325.473 227.212 203.603 159.047
501.529 482.547 476.784 475.167 466.187 454.951 445.520 420.035 360.436 325.819 226.824 203.604 160.596
501.515 482.550 476.781 475.166 466.308 453.725 445.517 420.036 360.436 326.065 226.529 203.603 161.770
501.500 482.553 476.781 475.165 466.478 452.707 445.514 420.038 360.437 326.265 226.294 203.603 162.664
501.477 482.555 476.778 475.163 466.686 451.855 445.511 420.030 360.435 326.394 226.131 203.605 163.378
501.441 482.556 476.778 475.162 466.975 451.018 445.509 420.029 360.433 326.499 226.004 203.609 163.986
501.421 482.557 476.779 475.164 467.277 450.331 445.507 420.025 360.431 326.569 225.922 203.614 164.402
501.366 482.559 476.779 475.160 467.724 449.639 445.504 420.030 360.429 326.606 225.860 203.624 164.719
501.300 482.559 476.775 475.154 468.225 449.009 445.502 420.015 360.426 326.609 225.819 203.634 164.974
501.234 482.560 476.770 475.156 468.701 448.353 445.500 420.013 360.424 326.604 225.785 203.648 165.251
501.160 482.561 476.766 475.155 469.117 447.696 445.498 420.020 360.422 326.588 225.760 203.656 165.601
501.095 482.562 476.763 475.153 469.422 447.099 445.496 420.031 360.420 326.572 225.744 203.667 165.975
501.041 482.563 476.762 475.153 469.671 446.443 445.493 420.042 360.418 326.565 225.732 203.675 166.442
501.001 482.563 476.760 475.153 469.861 445.843 445.491 420.052 360.416 326.565 225.725 203.679 166.892
500.979 482.564 476.760 475.154 470.005 445.487 445.341 420.060 360.413 326.568 225.724 203.681 167.264
500.962 482.564 476.761 475.155 470.137 445.486 444.827 420.066 360.410 326.572 225.726 203.686 167.649
500.946 482.564 476.763 475.156 470.251 445.484 444.352 420.071 360.406 326.575 225.729 203.693 168.011
500.935 482.564 476.762 475.155 470.335 445.481 443.957 420.077 360.401 326.578 225.734 203.698 168.322
500.928 482.564 476.763 475.156 470.408 445.478 443.600 420.082 360.398 326.584 225.741 203.701 168.598
500.920 482.564 476.764 475.156 470.475 445.476 443.286 420.086 360.393 326.587 225.747 203.708 168.838
500.914 482.564 476.765 475.156 470.531 445.473 443.005 420.090 360.389 326.590 225.755 203.713 169.056
500.906 482.564 476.766 475.156 470.579 445.472 442.765 420.093 360.383 326.592 225.761 203.720 169.243
500.902 482.564 476.766 475.156 470.614 445.470 442.570 420.096 360.379 326.594 225.768 203.725 169.397
500.897 482.564 476.767 475.155 470.646 445.469 442.396 420.098 360.373 326.595 225.774 203.733 169.533
500.893 482.564 476.768 475.155 470.675 445.467 442.250 420.100 360.368 326.596 225.780 203.738 169.646
500.889 482.564 476.769 475.155 470.698 445.467 442.122 420.100 360.361 326.597 225.785 203.747 169.747
500.885 482.564 476.769 475.155 470.718 445.466 442.009 420.101 360.354 326.597 225.790 203.755 169.837
500.882 482.564 476.769 475.155 470.734 445.465 441.917 420.101 360.348 326.597 225.795 203.763 169.909
500.879 482.564 476.770 475.154 470.749 445.464 441.837 420.101 360.341 326.597 225.799 203.772 169.972
500.877 482.565 476.770 475.154 470.760 445.464 441.772 420.101 360.333 326.597 225.803 203.781 170.023
500.875 482.565 476.770 475.154 470.769 445.463 441.721 420.100 360.325 326.596 225.806 203.791 170.063
500.874 482.565 476.771 475.154 470.777 445.463 441.676 420.100 360.318 326.596 225.808 203.799 170.099
500.872 482.565 476.771 475.154 470.783 445.463 441.639 420.099 360.310 326.596 225.811 203.809 170.128
500.870 482.566 476.771 475.153 470.789 445.463 441.608 420.098 360.301 326.596 225.813 203.820 170.152
89.987 111.121 91.900 78.943 94.885 93.642 78.145 86.870 68.486 61.351 42.183 48.930 53.557
180.233 207.018 185.872 180.321 179.885 215.767 163.109 172.591 128.430 112.545 86.667 89.429 98.135
257.298 304.834 273.462 279.859 279.143 310.906 253.773 273.179 192.553 182.645 121.034 126.704 144.611
522.748 492.581 492.250 458.425 447.251 442.972 437.770 427.977 346.893 291.899 226.146 217.941 195.148
523.955 491.811 490.452 459.221 449.170 441.047 439.490 435.576 353.657 286.806 213.267 212.184 203.364
523.974 490.796 489.534 458.950 449.916 440.628 440.371 439.705 355.735 282.723 213.244 208.222 206.201
523.605 489.911 489.063 458.552 450.330 446.420 440.008 439.799 357.395 279.346 213.140 211.372 201.059
523.126 488.886 488.774 457.625 451.753 450.517 440.650 439.302 358.972 277.280 213.219 212.650 197.246
522.577 488.762 487.931 457.234 456.909 450.507 440.852 438.614 360.426 275.750 214.480 212.071 193.887
521.830 488.682 487.092 461.571 456.262 450.478 441.121 438.001 361.557 274.745 215.333 211.343 191.986
521.196 488.591 486.368 465.303 455.813 450.345 441.139 437.185 362.517 273.788 216.094 210.489 191.173
520.943 488.454 485.735 468.072 455.506 450.211 440.929 436.534 363.365 273.052 216.610 209.353 191.236
520.632 488.348 485.251 470.712 455.238 449.910 440.624 436.031 364.145 272.252 217.163 208.299 191.393
520.442 488.188 484.847 472.795 454.994 449.632 440.269 435.644 364.677 271.544 217.656 207.685 191.625
520.323 487.934 484.469 475.035 454.717 449.271 439.677 435.359 365.140 270.957 218.077 206.936 192.106
520.276 487.619 484.131 477.000 454.372 449.005 439.075 435.268 365.555 270.518 218.412 206.164 192.605
520.240 487.169 483.612 479.518 453.936 448.715 438.417 435.154 365.902 270.194 218.669 205.255 193.220
520.237 486.750 482.841 482.228 453.221 448.436 437.793 435.113 366.224 269.958 218.875 204.361 193.962
520.225 486.446 484.775 481.946 452.334 448.266 437.312 435.190 366.493 269.839 219.005 203.530 194.639
520.253 486.730 486.238 481.189 451.297 448.132 437.086 435.288 366.707 269.787 219.083 202.934 195.277
520.254 488.385 486.072 480.621 450.256 448.026 437.034 435.311 366.878 269.771 219.146 202.453 195.794
520.229 489.613 485.925 480.239 449.130 447.805 437.119 435.232 367.004 269.806 219.194 202.161 196.543
520.172 490.575 485.804 479.919 447.713 447.129 437.467 435.359 367.104 269.917 219.268 201.897 197.674
520.046 491.326 485.757 479.905 447.651 446.074 438.060 435.595 367.180 269.972 219.313 201.878 197.242
519.983 491.827 485.689 479.822 447.583 445.574 438.674 435.740 367.215 270.018 219.358 201.875 196.642
519.961 492.117 485.596 479.697 447.485 445.265 439.189 435.818 367.242 270.106 219.386 201.866 196.272
519.953 492.330 485.474 479.502 447.371 445.071 439.632 435.851 367.262 270.222 219.420 201.862 196.050
519.948 492.474 485.329 479.262 447.234 444.949 440.054 435.875 367.280 270.352 219.449 201.864 195.929
519.945 492.597 485.128 478.948 447.077 444.877 440.451 435.909 367.299 270.508 219.489 201.855 195.916
519.945 492.662 484.851 478.569 446.856 444.831 440.815 435.947 367.315 270.692 219.550 201.841 196.126
519.946 492.730 484.386 478.172 446.511 444.831 441.146 436.022 367.329 270.880 219.608 201.822 196.617
519.950 492.838 483.369 477.604 445.914 444.917 441.593 436.233 367.337 271.058 219.677 201.799 197.710
519.958 492.942 482.005 476.992 445.144 445.118 442.124 436.585 367.347 271.266 219.726 201.760 199.033
519.973 493.044 480.878 476.161 445.393 444.304 442.705 437.077 367.347 271.443 219.799 201.688 200.186
519.988 493.149 480.128 475.442 445.572 443.695 443.160 437.552 367.345 271.546 219.856 201.602 200.965
520.008 493.231 479.292 474.634 445.788 443.669 443.247 438.121 367.323 271.635 219.922 201.680 201.449
520.047 493.275 478.384 473.907 445.936 444.079 442.855 438.607 367.399 271.665 219.970 202.819 201.057
520.085 493.359 477.438 473.283 446.136 444.536 442.571 439.260 367.434 271.702 220.011 203.486 200.698
520.120 493.458 476.696 472.969 446.274 444.891 442.317 439.838 367.456 271.738 220.034 203.780 200.429
520.147 493.615 476.053 472.788 446.377 445.196 442.063 440.426 367.471 271.745 220.052 203.851 200.216
520.167 493.762 475.607 472.701 446.461 445.413 441.854 440.888 367.492 271.760 220.053 203.792 200.049
520.182 493.886 475.276 472.661 446.524 445.590 441.690 441.256 367.504 271.776 220.053 203.665 199.937
520.191 493.994 475.072 472.649 446.579 445.708 441.563 441.514 367.519 271.798 220.044 203.515 199.853
520.204 494.097 474.920 472.644 446.621 445.807 441.712 441.469 367.540 271.824 220.033 203.354 199.774
520.212 494.166 474.819 472.643 446.647 445.879 441.857 441.395 367.559 271.847 220.026 203.234 199.717
520.219 494.230 474.737 472.643 446.672 445.932 441.959 441.340 367.578 271.879 220.013 203.132 199.665
520.224 494.275 474.678 472.644 446.688 445.969 442.038 441.301 367.593 271.910 220.002 203.047 199.632
520.230 494.317 474.628 472.645 446.703 445.999 442.098 441.269 367.609 271.950 219.986 202.970 199.597
520.234 494.350 474.594 472.645 446.713 446.019 442.136 441.244 367.622 271.995 219.969 202.912 199.567
520.237 494.376 474.564 472.643 446.722 446.034 442.166 441.223 367.633 272.046 219.948 202.863 199.545
520.239 494.393 474.541 472.642 446.727 446.043 442.187 441.206 367.642 272.098 219.930 202.823 199.529
520.240 494.409 474.522 472.638 446.730 446.048 442.202 441.189 367.650 272.163 219.905 202.788 199.515
520.242 494.420 474.507 472.635 446.733 446.051 442.211 441.174 367.656 272.231 219.880 202.755 199.504
520.243 494.430 474.493 472.629 446.733 446.050 442.216 441.159 367.661 272.332 219.835 202.723 199.495
520.245 494.438 474.479 472.622 446.732 446.047 442.215 441.140 367.665 272.449 219.784 202.697 199.487
520.246 494.441 474.469 472.615 446.732 446.043 442.215 441.124 367.668 272.568 219.732 202.666 199.481
520.246 494.445 474.461 472.609 446.731 446.038 442.212 441.109 367.670 272.702 219.668 202.631 199.476
520.247 494.447 474.452 472.599 446.728 446.030 442.204 441.089 367.672 272.883 219.572 202.605 199.472
520.248 494.451 474.442 472.587 446.724 446.020 442.193 441.065 367.673 273.088 219.452 202.586 199.469
520.249 494.454 474.435 472.581 446.721 446.013 442.186 441.048 367.674 273.282 219.328 202.562 199.466
520.250 494.455 474.429 472.574 446.719 446.005 442.178 441.033 367.675 273.514 219.164 202.540 199.464
520.250 494.457 474.423 472.567 446.716 445.997 442.170 441.016 367.675 273.803 218.953 202.510 199.463
520.251 494.460 474.418 472.561 446.713 445.990 442.164 441.002 367.676 274.109 218.723 202.471 199.462
520.251 494.464 474.414 472.557 446.711 445.983 442.158 440.989 367.675 274.416 218.485 202.436 199.462
520.251 494.467 474.411 472.554 446.709 445.978 442.153 440.980 367.675 274.690 218.268 202.402 199.461
520.252 494.472 474.408 472.552 446.707 445.973 442.150 440.972 367.675 274.967 218.046 202.366 199.461
520.252 494.475 474.405 472.550 446.705 445.970 442.148 440.965 367.675 275.197 217.855 202.342 199.461
520.252 494.479 474.403 472.549 446.704 445.966 442.147 440.960 367.675 275.393 217.692 202.320 199.461
520.252 494.482 474.401 472.549 446.703 445.964 442.146 440.956 367.674 275.543 217.562 202.305 199.462
520.253 494.485 474.399 472.548 446.702 445.963 442.147 440.953 367.674 275.644 217.471 202.298 199.462
520.253 494.488 474.398 472.548 446.702 445.962 442.148 440.951 367.674 275.720 217.401 202.294 199.463
520.253 494.489 474.397 472.548 446.702 445.961 442.149 440.950 367.674 275.771 217.352 202.290 199.463
520.253 494.491 474.396 472.548 446.702 445.961 442.150 440.950 367.674 275.811 217.313 202.288 199.464
520.253 494.491 474.395 472.548 446.702 445.961 442.151 440.949 367.673 275.837 217.286 202.288 199.464
520.253 494.492 474.395 472.549 446.702 445.961 442.152 440.949 367.673 275.857 217.266 202.287 199.465
520.253 494.493 474.394 472.549 446.702 445.961 442.152 440.949 367.673 275.872 217.250 202.287 199.465
102.828 103.708 89.099 96.438 86.886 90.462 83.618 89.081 82.033 52.906 37.997 44.733 40.210
193.719 190.753 164.765 189.457 181.531 183.114 179.689 182.376 141.409 124.599 96.823 96.008 75.757
287.712 309.204 270.963 303.405 249.808 274.352 270.703 255.820 203.789 174.347 142.198 152.846 104.852
515.649 494.616 476.392 473.677 462.527 445.056 444.572 418.355 324.580 299.617 247.657 217.884 179.419
509.243 497.031 487.621 473.828 472.809 449.164 445.576 418.354 315.563 300.291 222.672 222.591 185.256
506.110 496.937 494.345 477.188 475.419 450.806 445.457 418.087 306.928 299.912 224.895 213.191 190.726
504.290 498.618 496.548 480.126 477.578 451.489 445.138 418.150 299.698 299.241 225.599 208.927 194.600
503.337 500.623 496.135 482.837 479.268 451.720 444.616 418.340 299.526 293.595 225.791 206.780 197.433
503.849 501.833 495.650 486.042 480.563 451.582 443.929 418.520 299.293 288.640 225.770 204.363 199.965
505.690 502.391 495.041 488.676 481.201 450.923 443.125 418.749 298.988 284.504 225.637 202.567 202.506
508.706 502.963 494.144 490.094 481.647 449.568 441.737 419.372 298.682 280.950 225.439 204.718 201.979
510.697 503.568 493.426 490.887 482.087 448.340 439.995 419.744 298.527 278.454 225.379 206.070 202.825
512.015 503.938 493.036 491.257 482.663 447.242 438.135 419.929 298.435 276.363 225.414 206.906 204.666
512.807 504.148 492.944 491.510 483.162 446.531 436.600 420.055 298.396 274.656 225.484 207.570 206.136
513.433 504.227 492.880 491.624 483.534 445.894 435.371 420.174 298.358 273.044 225.618 208.229 207.613
513.793 504.292 492.904 491.754 483.692 445.508 434.515 420.280 298.348 271.698 225.739 208.803 208.675
514.092 504.292 492.921 491.830 483.737 445.227 433.852 420.342 298.331 270.508 225.889 209.821 209.157
514.339 504.332 492.974 491.941 483.714 445.085 433.417 420.399 298.320 269.259 226.025 210.849 209.347
514.559 504.354 493.060 492.114 483.641 445.058 433.120 420.464 298.318 267.914 226.166 211.374 209.856
514.670 504.413 493.120 492.302 483.573 445.062 432.890 420.535 298.324 266.869 226.260 211.569 210.414
514.760 504.472 493.153 492.513 483.504 445.078 432.668 420.607 298.328 265.954 226.342 211.652 210.970
514.827 504.515 493.172 492.739 483.440 445.128 432.477 420.664 298.320 265.201 226.421 211.619 211.477
514.873 504.546 493.180 492.938 483.394 445.205 432.325 420.706 298.314 264.671 226.489 211.844 211.514
514.929 504.594 493.201 493.169 483.348 445.373 432.212 420.742 298.312 264.158 226.556 212.271 211.135
514.961 504.642 493.415 493.226 483.310 445.564 432.091 420.767 298.316 263.748 226.599 212.591 210.770
514.994 504.677 493.636 493.232 483.272 445.802 431.978 420.786 298.319 263.438 226.637 212.824 210.403
515.025 504.719 493.786 493.249 483.236 446.032 431.870 420.794 298.330 263.179 226.666 213.013 210.101
515.048 504.755 493.884 493.270 483.200 446.234 431.779 420.804 298.344 262.982 226.683 213.151 209.866
515.066 504.785 493.919 493.286 483.168 446.360 431.708 420.817 298.360 262.836 226.692 213.251 209.754
515.085 504.796 493.922 493.299 483.142 446.443 431.657 420.823 298.372 262.721 226.694 213.332 209.713
515.103 504.802 493.918 493.306 483.120 446.494 431.622 420.831 298.386 262.632 226.690 213.395 209.701
515.112 504.802 493.915 493.313 483.103 446.519 431.597 420.835 298.399 262.567 226.684 213.441 209.713
515.120 504.801 493.913 493.318 483.089 446.534 431.581 420.839 298.408 262.517 226.677 213.476 209.729
515.126 504.799 493.911 493.321 483.077 446.544 431.568 420.841 298.416 262.477 226.668 213.504 209.749
515.129 504.798 493.910 493.323 483.068 446.549 431.559 420.843 298.425 262.448 226.659 213.523 209.767
515.132 504.796 493.910 493.325 483.060 446.552 431.552 420.844 298.431 262.426 226.650 213.538 209.783
90.771 106.391 92.624 94.334 86.694 98.210 77.405 93.980 55.275 69.052 44.444 49.562 41.260
181.254 190.403 186.578 192.592 195.949 190.728 174.406 181.911 110.594 126.375 92.009 96.211 80.990
286.344 281.784 289.560 301.519 293.153 279.409 263.636 263.505 167.951 183.080 119.023 136.982 134.054
507.575 494.161 492.357 473.718 468.253 460.825 436.791 428.989 296.797 286.691 232.134 225.669 196.040
509.263 493.810 493.708 476.333 465.575 464.668 433.990 430.361 304.305 289.005 229.614 209.894 199.474
510.217 493.921 493.426 477.350 465.390 464.533 431.402 430.384 308.888 290.579 228.353 205.954 199.603
510.832 493.749 493.220 477.813 466.032 464.298 432.495 427.148 310.866 292.559 226.736 204.881 199.371
511.281 493.583 493.146 478.006 466.426 464.309 433.245 423.941 311.739 294.459 225.189 205.587 199.089
511.971 493.476 493.298 478.220 466.965 464.583 434.026 420.242 312.482 296.089 223.788 206.036 198.823
512.405 493.442 493.429 478.264 467.285 464.810 434.542 418.296 313.078 297.413 222.733 205.779 198.524
512.695 493.556 493.434 478.253 467.431 464.975 434.916 417.133 313.559 298.544 221.813 205.467 198.225
512.879 493.626 493.456 478.218 467.503 465.087 435.163 416.518 313.874 299.370 221.120 205.169 198.015
512.983 493.679 493.508 478.179 467.535 465.183 435.340 416.153 314.127 300.036 220.522 204.913 197.842
513.037 493.720 493.548 478.139 467.541 465.268 435.479 415.956 314.305 300.543 220.060 204.681 197.722
513.078 493.752 493.605 478.107 467.549 465.330 435.580 415.828 314.430 301.033 219.580 204.492 197.636
513.096 493.777 493.644 478.082 467.551 465.381 435.659 415.763 314.518 301.396 219.216 204.341 197.576
513.110 493.798 493.705 478.068 467.553 465.420 435.717 415.719 314.580 301.760 218.825 204.213 197.532
513.117 493.816 493.763 478.056 467.553 465.453 435.764 415.699 314.627 302.031 218.517 204.105 197.498
513.121 493.831 493.818 478.050 467.554 465.479 435.802 415.694 314.659 302.178 218.317 204.023 197.475
513.122 493.853 493.841 478.043 467.554 465.498 435.829 415.696 314.681 302.246 218.211 203.966 197.459
513.123 493.885 493.850 478.038 467.555 465.512 435.851 415.703 314.697 302.255 218.164 203.920 197.447
513.124 493.912 493.856 478.035 467.556 465.523 435.868 415.710 314.707 302.232 218.153 203.886 197.439
513.124 493.930 493.861 478.033 467.557 465.531 435.881 415.716 314.714 302.186 218.173 203.861 197.434
513.124 493.944 493.865 478.032 467.558 465.536 435.891 415.721 314.718 302.145 218.194 203.842 197.430
513.124 493.953 493.868 478.029 467.558 465.540 435.899 415.725 314.721 302.105 218.222 203.826 197.428
513.124 493.960 493.871 478.028 467.559 465.543 435.905 415.729 314.723 302.064 218.252 203.816 197.426
513.124 493.966 493.873 478.027 467.559 465.546 435.910 415.731 314.725 302.028 218.280 203.806 197.425
513.124 493.970 493.874 478.026 467.560 465.548 435.914 415.734 314.725 301.996 218.305 203.800 197.424
513.124 493.973 493.876 478.025 467.560 465.549 435.917 415.736 314.726 301.972 218.324 203.794 197.424
83.931 104.028 95.227 80.171 103.564 98.952 107.712 74.033 64.333 61.724 42.516 45.106 38.701
182.465 203.437 188.839 169.089 189.179 189.273 206.216 161.155 115.608 132.689 76.419 105.689 79.944
283.855 301.047 297.354 253.624 282.603 285.335 297.566 236.719 171.258 191.140 113.749 164.952 120.799
506.481 504.977 493.433 474.013 458.015 456.762 445.328 395.444 316.956 302.186 261.484 197.494 187.427
512.750 506.201 491.480 475.374 458.841 457.974 444.265 404.530 313.734 303.063 235.108 204.161 192.520
514.784 505.589 491.039 475.185 457.946 457.835 443.575 406.961 305.904 301.931 231.809 211.838 195.603
515.780 504.871 490.938 475.002 457.751 456.836 443.400 407.676 300.873 299.106 231.732 218.418 197.618
516.355 504.628 490.917 474.870 457.379 456.414 443.487 407.900 300.165 294.436 231.478 222.944 199.029
516.779 504.578 490.930 474.813 456.984 456.154 443.574 408.014 299.472 290.807 231.221 226.559 200.115
517.125 504.717 490.944 474.767 456.499 456.055 443.681 408.079 298.906 287.895 231.045 229.488 200.799
517.389 504.932 490.958 474.745 456.051 456.028 443.771 408.128 298.441 285.225 232.214 230.838 201.280
517.561 505.284 490.966 474.744 456.081 455.589 443.865 408.170 298.124 282.811 234.684 230.520 201.601
517.640 505.628 490.975 474.737 456.128 455.231 443.931 408.200 297.878 280.486 237.047 230.268 201.849
517.639 505.900 490.982 474.731 456.145 455.023 443.971 408.223 297.705 278.431 239.125 230.107 202.018
517.595 506.188 490.992 474.727 456.165 454.847 444.002 408.244 297.567 276.447 241.099 229.972 202.154
517.512 506.472 491.003 474.718 456.180 454.719 444.026 408.257 297.480 274.769 242.747 229.876 202.240
517.409 506.718 491.012 474.708 456.193 454.660 444.041 408.269 297.413 273.257 244.221 229.791 202.306
517.301 506.958 491.020 474.693 456.205 454.623 444.050 408.280 297.366 271.829 245.606 229.717 202.353
517.196 507.174 491.032 474.678 456.219 454.595 444.059 408.286 297.333 270.566 246.819 229.656 202.386
517.109 507.368 491.042 474.660 456.232 454.578 444.066 408.293 297.313 269.550 247.785 229.597 202.405
517.035 507.534 491.049 474.643 456.246 454.567 444.072 408.298 297.299 268.630 248.667 229.540 202.419
516.988 507.656 491.055 474.628 456.260 454.565 444.075 408.302 297.289 267.853 249.407 229.494 202.429
516.950 507.745 491.058 474.617 456.273 454.559 444.081 408.305 297.283 267.281 249.952 229.462 202.435
516.925 507.811 491.059 474.605 456.284 454.561 444.084 408.308 297.278 266.823 250.391 229.433 202.439
516.907 507.861 491.060 474.595 456.292 454.561 444.088 408.311 297.275 266.450 250.748 229.409 202.442
516.897 507.894 491.061 474.589 456.299 454.562 444.092 408.313 297.274 266.161 251.025 229.391 202.443
516.889 507.920 491.062 474.584 456.304 454.562 444.095 408.314 297.272 265.913 251.263 229.377 202.444
516.885 507.937 491.063 474.580 456.309 454.562 444.098 408.316 297.271 265.727 251.442 229.367 202.445
516.882 507.949 491.063 474.576 456.313 454.563 444.100 408.317 297.271 265.584 251.579 229.359 202.446
516.880 507.957 491.063 474.574 456.315 454.564 444.102 408.318 297.271 265.474 251.684 229.353 202.446
516.879 507.963 491.064 474.572 456.318 454.564 444.103 408.318 297.270 265.386 251.768 229.349 202.446
516.878 507.967 491.064 474.571 456.319 454.564 444.104 408.319 297.270 265.323 251.828 229.346 202.446
516.877 507.970 491.064 474.570 456.321 454.564 444.106 408.319 297.270 265.276 251.874 229.344 202.446
516.877 507.972 491.064 474.569 456.322 454.564 444.106 408.319 297.270 265.236 251.912 229.342 202.446
516.876 507.974 491.064 474.568 456.322 454.564 444.107 408.319 297.270 265.208 251.939 229.341 202.446
516.876 507.975 491.064 474.568 456.323 454.564 444.108 408.319 297.270 265.186 251.960 229.341 202.446
94.473 98.264 100.714 77.149 87.128 113.085 89.993 85.362 56.782 58.773 54.898 45.844 37.535
197.261 182.161 177.366 181.119 157.546 224.295 196.588 183.645 91.807 110.248 111.450 107.341 79.173
299.388 281.566 262.217 284.971 237.789 329.829 278.672 266.136 142.641 161.186 167.378 166.615 121.611
533.951 497.148 493.983 475.185 463.485 439.515 421.325 390.633 282.805 269.296 267.817 263.974 200.884
530.782 513.474 495.772 482.680 468.195 440.514 418.191 391.906 283.217 272.140 251.658 245.956 205.514
530.074 521.095 496.334 484.564 469.910 440.534 415.375 392.388 295.204 273.131 241.350 233.118 206.923
529.934 525.249 496.689 485.352 470.594 440.611 413.424 392.573 304.493 273.973 233.182 226.055 207.871
530.011 527.878 496.817 485.638 471.380 440.753 412.241 392.612 311.012 274.327 227.542 221.120 208.670
530.139 529.283 496.755 485.724 471.805 440.893 411.332 392.622 315.695 274.309 223.965 218.311 209.166
530.256 529.935 496.743 485.704 471.714 440.927 410.803 392.661 319.384 274.165 221.318 216.833 209.556
530.293 530.278 496.732 485.647 471.552 440.823 410.409 392.724 322.520 274.019 219.068 216.034 209.900
530.466 530.296 496.733 485.582 471.426 440.708 410.124 392.789 324.838 273.922 217.372 215.555 210.189
530.580 530.290 496.738 485.507 471.328 440.593 409.926 392.834 326.678 273.817 215.951 215.244 210.515
530.670 530.288 496.744 485.404 471.231 440.498 409.809 392.875 327.991 273.675 214.981 214.895 210.938
530.714 530.288 496.742 485.263 471.148 440.428 409.714 392.890 329.152 273.549 214.732 213.927 211.454
530.755 530.295 496.741 485.073 471.058 440.375 409.638 392.894 329.990 273.351 214.450 213.222 212.158
530.788 530.313 496.737 484.831 470.995 440.332 409.594 392.903 330.658 273.172 214.187 212.837 212.654
530.828 530.340 496.735 484.553 470.943 440.304 409.565 392.904 331.325 272.923 214.092 213.454 212.033
530.860 530.366 496.737 484.268 470.913 440.281 409.546 392.916 331.851 272.726 214.098 213.878 211.559
530.884 530.386 496.740 484.042 470.898 440.265 409.529 392.928 332.233 272.588 214.147 214.144 211.218
530.915 530.413 496.748 483.838 470.912 440.252 409.530 392.957 332.564 272.455 214.370 214.121 210.924
530.942 530.436 496.754 483.646 470.920 440.241 409.530 392.972 332.848 272.350 214.544 214.149 210.668
530.966 530.456 496.763 483.462 470.927 440.236 409.532 392.983 333.075 272.269 214.674 214.196 210.462
530.991 530.474 496.769 483.291 470.930 440.231 409.538 392.984 333.272 272.210 214.768 214.264 210.278
531.012 530.487 496.774 483.129 470.935 440.228 409.543 392.990 333.440 272.159 214.845 214.338 210.119
531.033 530.504 496.780 482.942 470.937 440.227 409.547 392.989 333.591 272.119 214.911 214.443 209.978
531.058 530.522 496.788 482.725 470.941 440.225 409.559 392.985 333.724 272.086 214.966 214.566 209.855
531.080 530.540 496.795 482.491 470.946 440.225 409.568 392.986 333.841 272.058 215.013 214.711 209.746
531.104 530.559 496.803 482.229 470.953 440.225 409.578 392.990 333.933 272.037 215.051 214.874 209.664
531.129 530.582 496.814 481.950 470.958 440.225 409.597 392.979 334.021 272.021 215.086 215.053 209.584
531.162 530.608 496.824 481.614 470.968 440.226 409.619 392.968 334.099 272.007 215.272 215.120 209.515
531.185 530.626 496.831 481.255 470.965 440.225 409.627 392.953 334.159 272.009 215.570 215.132 209.464
531.215 530.653 496.840 480.873 470.978 440.225 409.636 392.953 334.211 272.008 215.838 215.147 209.422
531.251 530.683 496.851 480.462 470.994 440.225 409.656 392.943 334.261 272.008 216.113 215.167 209.384
531.294 530.719 496.869 480.040 471.028 440.227 409.686 392.951 334.304 272.008 216.328 215.189 209.357
531.334 530.748 496.885 479.655 471.067 440.227 409.698 392.973 334.338 272.006 216.518 215.213 209.339
531.373 530.783 496.901 479.334 471.108 440.227 409.716 392.987 334.368 272.005 216.638 215.237 209.325
531.409 530.811 496.915 479.066 471.156 440.227 409.720 393.016 334.394 272.000 216.712 215.263 209.312
531.437 530.833 496.922 478.882 471.195 440.226 409.716 393.040 334.413 271.994 216.753 215.286 209.305
531.464 530.853 496.932 478.735 471.237 440.225 409.708 393.068 334.429 271.984 216.754 215.312 209.299
531.486 530.870 496.939 478.643 471.276 440.225 409.694 393.099 334.442 271.974 216.722 215.335 209.295
531.502 530.884 496.945 478.580 471.307 440.224 409.678 393.122 334.453 271.963 216.691 215.358 209.291
531.514 530.894 496.949 478.542 471.333 440.224 409.660 393.145 334.461 271.951 216.659 215.381 209.287
531.525 530.903 496.953 478.513 471.357 440.224 409.644 393.165 334.467 271.937 216.625 215.403 209.284
531.531 530.909 496.955 478.496 471.374 440.223 409.628 393.179 334.473 271.923 216.603 215.425 209.281
531.537 530.914 496.958 478.485 471.391 440.223 409.611 393.194 334.477 271.908 216.576 215.447 209.279
531.542 530.919 496.959 478.477 471.403 440.223 409.597 393.205 334.480 271.894 216.555 215.469 209.276
531.545 530.922 496.961 478.472 471.415 440.223 409.584 393.217 334.483 271.878 216.534 215.491 209.274
531.548 530.925 496.962 478.469 471.424 440.223 409.572 393.226 334.485 271.861 216.519 215.513 209.273
531.550 530.927 496.963 478.466 471.433 440.223 409.561 393.234 334.486 271.842 216.504 215.538 209.272
531.552 530.929 496.964 478.464 471.439 440.223 409.551 393.241 334.488 271.826 216.492 215.561 209.271
531.553 530.930 496.965 478.463 471.445 440.223 409.542 393.247 334.489 271.805 216.482 215.586 209.270
531.555 530.931 496.966 478.461 471.451 440.223 409.533 393.252 334.489 271.782 216.474 215.614 209.269
102.376 113.537 96.896 96.167 102.488 103.044 80.111 81.818 45.072 62.893 39.591 34.678 41.327
196.459 217.445 198.119 187.194 216.903 180.612 181.683 158.734 95.861 125.517 93.054 67.223 81.197
287.558 307.880 298.033 268.779 320.036 282.870 269.767 227.910 164.073 194.168 134.435 119.688 124.803
532.152 505.404 492.448 469.593 466.539 449.859 442.669 393.000 312.086 267.136 236.196 220.805 212.113
531.962 508.584 493.661 470.215 461.567 452.714 441.730 401.019 315.762 258.199 231.089 220.559 212.939
532.073 509.831 493.812 469.337 459.178 452.929 441.267 403.959 315.219 251.858 237.107 225.154 208.276
532.634 510.103 493.822 468.622 457.545 452.050 440.860 406.019 314.316 248.275 240.658 227.363 207.732
533.105 510.130 493.786 467.970 456.236 451.109 440.703 407.469 313.666 247.404 241.750 228.455 208.218
533.482 510.064 493.712 467.454 454.977 450.527 440.780 408.706 313.010 247.071 242.182 229.323 208.712
533.750 510.007 493.673 467.278 454.068 450.095 440.921 409.714 312.445 247.530 241.832 229.996 208.690
533.904 509.927 493.652 467.223 453.360 449.720 441.087 410.696 311.958 248.194 241.292 230.536 208.453
533.982 509.880 493.645 467.200 452.812 449.397 441.226 411.605 311.575 248.827 240.774 230.945 208.132
533.982 509.849 493.648 467.186 452.274 449.150 441.331 412.672 311.265 249.379 240.304 231.262 207.697
533.906 509.837 493.653 467.180 451.679 448.983 441.398 413.776 311.036 249.804 239.930 231.495 207.324
533.786 509.833 493.661 467.174 450.894 448.827 441.466 414.925 310.823 250.077 239.674 231.704 207.157
533.608 509.843 493.677 467.170 449.905 448.726 441.571 415.543 310.680 250.260 239.513 231.848 207.658
533.453 509.769 493.677 467.169 448.758 448.720 441.714 415.766 310.561 250.375 239.404 231.975 208.658
533.293 509.685 493.680 467.169 448.749 447.633 441.906 415.692 310.471 250.454 239.329 232.076 209.865
533.183 509.611 493.663 467.171 448.759 446.578 442.135 415.433 310.397 250.505 239.288 232.160 211.118
533.117 509.557 493.639 467.173 448.731 445.665 442.350 415.171 310.349 250.537 239.267 232.213 212.233
533.091 509.524 493.599 467.174 448.663 444.718 442.582 414.894 310.303 250.559 239.258 232.259 213.374
533.088 509.503 493.574 467.177 448.609 443.845 442.819 414.681 310.266 250.572 239.258 232.299 214.307
533.097 509.491 493.548 467.179 448.532 443.175 443.022 414.515 310.236 250.581 239.261 232.325 215.037
533.115 509.488 493.533 467.180 448.469 443.198 442.756 414.402 310.215 250.586 239.265 232.345 215.446
533.133 509.487 493.527 467.180 448.405 443.351 442.469 414.317 310.200 250.591 239.269 232.358 215.714
533.150 509.485 493.520 467.181 448.355 443.466 442.294 414.259 310.188 250.593 239.271 232.368 215.870
533.164 509.484 493.517 467.181 448.307 443.563 442.175 414.213 310.178 250.594 239.273 232.376 215.975
533.178 509.484 493.515 467.181 448.271 443.632 442.105 414.182 310.171 250.595 239.275 232.382 216.029
533.187 509.483 493.513 467.181 448.242 443.687 442.062 414.159 310.166 250.596 239.276 232.387 216.060
533.195 509.482 493.513 467.181 448.219 443.727 442.036 414.145 310.162 250.596 239.277 232.390 216.076
533.202 509.482 493.513 467.182 448.201 443.758 442.018 414.136 310.159 250.596 239.277 232.392 216.084
533.207 509.482 493.513 467.182 448.187 443.781 442.008 414.129 310.157 250.596 239.278 232.394 216.087
113.548 94.632 103.465 84.059 86.148 86.487 86.934 83.184 64.966 57.538 44.390 47.314 47.335
215.617 197.325 194.000 197.442 171.801 176.487 175.187 176.592 115.283 105.260 97.512 86.735 90.760
318.250 288.946 284.289 285.465 271.924 286.341 262.046 269.141 172.275 163.772 138.711 127.264 131.575
537.351 506.441 502.003 477.276 456.447 453.464 443.637 440.334 283.050 244.506 227.100 215.025 213.367
533.744 512.249 504.874 478.659 457.680 456.961 448.841 440.645 283.523 252.360 219.334 206.897 204.234
531.534 514.693 506.208 479.213 458.179 457.081 452.633 438.919 283.942 257.678 219.575 202.746 197.600
530.140 516.550 507.306 479.652 458.472 456.457 454.875 437.563 284.260 261.594 219.388 199.627 194.115
529.332 518.030 507.820 479.962 458.577 456.191 455.874 436.726 284.440 264.042 219.248 197.634 192.125
528.888 519.144 508.155 480.187 458.633 457.170 455.296 436.024 284.566 265.695 219.119 196.279 190.844
528.626 519.994 508.267 480.341 458.661 457.882 454.822 435.439 284.634 266.818 219.037 195.379 190.098
528.478 520.582 508.348 480.472 458.685 458.475 454.473 434.767 284.693 267.644 218.989 194.718 189.676
528.412 508.392 480.574 458.949 458.698 454.251 434.176 386.821 284.734 268.196 218.965 194.273 189.453 134.105 0.000
529.049 508.402 480.607 458.807 458.795 454.087 433.857 379.258 284.715 268.588 218.952 193.940 190.967 139.973
529.562 508.258 480.570 458.801 458.495 454.055 433.848 377.150 284.735 268.872 218.974 193.682 190.900 142.096
529.887 508.141 480.552 458.849 458.336 454.014 433.877 376.204 284.739 269.078 218.981 193.497 190.404 143.440
530.144 508.047 480.547 458.883 458.227 453.951 433.869 375.063 284.733 269.222 218.986 193.373 189.921 145.034
530.385 507.970 480.543 458.920 458.119 453.857 433.866 373.995 284.721 269.330 218.984 193.275 189.662 146.373
530.600 507.910 480.545 458.948 458.039 453.780 433.848 373.037 284.710 269.418 218.983 193.198 189.506 147.478
530.781 507.862 480.546 458.969 457.968 453.725 433.836 372.336 284.704 269.481 218.983 193.143 189.395 148.271
530.925 507.826 480.549 458.983 457.919 453.690 433.824 371.916 284.701 269.526 218.983 193.105 189.313 148.740
531.038 507.792 480.549 458.994 457.876 453.667 433.816 371.640 284.700 269.561 218.983 193.075 189.239 149.070
531.122 507.764 480.548 459.002 457.835 453.652 433.811 371.472 284.700 269.588 218.983 193.051 189.180 149.292
531.178 507.737 480.547 459.007 457.804 453.644 433.808 371.363 284.700 269.606 218.983 193.035 189.139 149.450
531.219 507.713 480.546 459.011 457.770 453.638 433.805 371.301 284.701 269.621 218.982 193.022 189.107 149.564
531.249 507.692 480.547 459.015 457.751 453.633 433.801 371.263 284.702 269.633 218.982 193.011 189.076 149.647
531.269 507.671 480.546 459.017 457.725 453.630 433.799 371.215 284.703 269.642 218.982 193.004 189.049 149.748
531.285 507.650 480.546 459.020 457.697 453.629 433.796 371.138 284.704 269.649 218.982 192.997 189.021 149.885
531.302 507.629 480.547 459.023 457.678 453.627 433.793 371.059 284.706 269.655 218.982 192.992 188.990 150.018
531.320 507.610 480.547 459.025 457.650 453.627 433.788 370.891 284.707 269.660 218.982 192.989 188.948 150.257
531.358 507.587 480.546 459.033 457.593 453.628 433.777 370.486 284.710 269.663 218.981 192.986 188.880 150.772
531.391 507.564 480.545 459.036 457.521 453.630 433.770 369.858 284.717 269.665 218.980 192.986 188.781 151.556
531.467 507.539 480.547 459.043 457.461 453.633 433.748 369.393 284.724 269.666 218.978 192.985 188.624 152.191
531.523 507.510 480.547 459.040 457.420 453.639 433.734 369.119 284.728 269.667 218.977 192.986 188.495 152.614
531.562 507.477 480.548 459.038 457.375 453.646 433.719 368.954 284.732 269.667 218.976 192.988 188.382 152.936
531.587 507.433 480.547 459.038 457.349 453.651 433.706 368.879 284.736 269.666 218.975 192.990 188.311 153.133
531.602 507.388 480.548 459.037 457.326 453.655 433.695 368.830 284.738 269.666 218.974 192.991 188.268 153.282
531.612 507.326 480.548 459.039 457.309 453.657 433.686 368.814 284.740 269.666 218.974 192.993 188.260 153.377
531.620 507.248 480.549 459.040 457.299 453.657 433.678 368.807 284.742 269.665 218.973 192.994 188.286 153.443
531.625 507.177 480.551 459.043 457.290 453.654 433.668 368.806 284.743 269.666 218.973 192.994 188.326 153.485
531.628 507.067 480.554 459.046 457.285 453.651 433.663 368.814 284.744 269.666 218.973 192.994 188.399 153.515
531.632 506.882 480.560 459.050 457.282 453.650 433.659 368.823 284.746 269.668 218.974 192.994 188.545 153.536
531.637 506.649 480.564 459.057 457.281 453.641 433.654 368.835 284.747 269.669 218.974 192.995 188.745 153.552
531.653 506.189 480.571 459.066 457.279 453.625 433.653 368.849 284.750 269.671 218.976 192.994 189.155 153.569
531.669 505.765 480.591 459.079 457.270 453.620 433.643 368.863 284.755 269.676 218.978 192.994 189.508 153.589
531.688 505.407 480.603 459.096 457.271 453.607 433.640 368.878 284.759 269.682 218.978 192.995 189.793 153.604
531.703 505.072 480.624 459.109 457.262 453.606 433.634 368.895 284.766 269.690 218.978 192.995 190.047 153.619
531.715 504.855 480.637 459.119 457.253 453.603 433.629 368.916 284.771 269.698 218.976 192.994 190.213 153.624
531.725 504.677 480.654 459.126 457.239 453.604 433.620 368.935 284.777 269.708 218.973 192.992 190.343 153.627
531.734 504.561 480.664 459.132 457.227 453.608 433.611 368.949 284.782 269.717 218.971 192.990 190.425 153.629
531.735 504.457 480.675 459.137 457.216 453.616 433.606 368.964 284.787 269.726 218.969 192.988 190.493 153.631
531.736 504.377 480.682 459.140 457.209 453.624 433.602 368.978 284.791 269.735 218.966 192.985 190.546 153.628
531.738 504.305 480.688 459.143 457.202 453.630 433.598 368.990 284.795 269.744 218.965 192.982 190.592 153.627
531.739 504.237 480.694 459.146 457.198 453.639 433.596 369.001 284.799 269.751 218.963 192.980 190.634 153.625
531.738 504.166 480.700 459.147 457.193 453.644 433.594 369.011 284.803 269.758 218.960 192.977 190.685 153.622
531.738 504.102 480.706 459.149 457.190 453.651 433.592 369.020 284.807 269.766 218.958 192.975 190.727 153.620
531.737 504.036 480.711 459.151 457.188 453.657 433.591 369.029 284.811 269.772 218.956 192.972 190.771 153.617
531.738 503.973 480.715 459.152 457.185 453.664 433.590 369.034 284.814 269.778 218.955 192.970 190.813 153.617
531.738 503.913 480.719 459.155 457.183 453.669 433.589 369.040 284.817 269.784 218.953 192.969 190.856 153.615
531.737 503.843 480.724 459.157 457.181 453.675 433.589 369.046 284.820 269.790 218.951 192.967 190.906 153.614
531.734 503.761 480.728 459.158 457.181 453.680 433.589 369.051 284.825 269.796 218.948 192.966 190.969 153.613
531.734 503.667 480.734 459.160 457.180 453.689 433.590 369.055 284.830 269.803 218.946 192.965 191.035 153.614
531.732 503.556 480.742 459.162 457.178 453.695 433.590 369.059 284.835 269.810 218.942 192.964 191.121 153.614
531.731 503.450 480.749 459.165 457.176 453.705 433.590 369.062 284.841 269.817 218.940 192.963 191.194 153.617
531.730 503.335 480.755 459.168 457.176 453.713 433.591 369.065 284.846 269.826 218.937 192.961 191.280 153.617
531.723 503.176 480.763 459.171 457.178 453.723 433.594 369.068 284.854 269.835 218.933 192.960 191.404 153.620
531.721 503.031 480.772 459.175 457.177 453.735 433.595 369.071 284.860 269.846 218.928 192.958 191.508 153.622
531.716 502.838 480.786 459.179 457.177 453.748 433.597 369.074 284.870 269.858 218.923 192.957 191.654 153.625
531.709 502.672 480.800 459.185 457.178 453.762 433.598 369.076 284.878 269.872 218.916 192.953 191.773 153.628
531.704 502.488 480.813 459.191 457.178 453.778 433.600 369.080 284.887 269.888 218.910 192.950 191.903 153.630
531.702 502.327 480.826 459.198 457.174 453.792 433.601 369.082 284.896 269.906 218.906 192.947 192.009 153.634
531.698 502.167 480.843 459.206 457.167 453.807 433.602 369.085 284.903 269.926 218.902 192.943 192.113 153.638
531.691 502.035 480.856 459.214 457.163 453.822 433.602 369.087 284.910 269.947 218.898 192.937 192.196 153.641
531.683 501.912 480.872 459.221 457.154 453.832 433.600 369.092 284.916 269.970 218.894 192.929 192.284 153.641
531.676 501.799 480.889 459.229 457.143 453.841 433.598 369.094 284.921 269.993 218.892 192.921 192.363 153.640
531.669 501.705 480.902 459.236 457.132 453.850 433.595 369.097 284.925 270.019 218.890 192.911 192.429 153.641
531.662 501.616 480.917 459.245 457.120 453.856 433.592 369.099 284.928 270.046 218.888 192.901 192.490 153.640
531.656 501.542 480.927 459.253 457.109 453.862 433.588 369.101 284.931 270.075 218.888 192.892 192.536 153.639
531.650 501.479 480.939 459.261 457.101 453.864 433.586 369.104 284.933 270.105 218.886 192.882 192.573 153.638
531.643 501.419 480.951 459.270 457.090 453.867 433.582 369.105 284.934 270.139 218.886 192.871 192.607 153.636
531.636 501.362 480.965 459.280 457.077 453.868 433.577 369.107 284.936 270.180 218.885 192.856 192.638 153.634
531.630 501.313 480.975 459.290 457.066 453.870 433.573 369.108 284.937 270.223 218.885 192.844 192.652 153.633
531.623 501.267 480.988 459.303 457.053 453.871 433.568 369.109 284.939 270.275 218.884 192.831 192.660 153.631
531.616 501.219 481.006 459.317 457.033 453.868 433.559 369.109 284.939 270.341 218.885 192.811 192.670 153.627
531.607 501.167 481.030 459.335 457.005 453.861 433.548 369.109 284.939 270.426 218.884 192.786 192.682 153.622
531.598 501.120 481.050 459.357 456.980 453.854 433.538 369.108 284.939 270.538 218.883 192.756 192.659 153.620
531.591 501.069 481.070 459.388 456.953 453.845 433.523 369.106 284.941 270.679 218.884 192.736 192.601 153.614
531.579 500.998 481.121 459.436 456.897 453.826 433.493 369.103 284.941 270.919 218.888 192.680 192.520 153.600
531.562 500.900 481.195 459.515 456.813 453.797 433.450 369.098 284.941 271.276 218.894 192.608 192.370 153.580
531.529 500.758 481.308 459.655 456.685 453.762 433.384 369.088 284.942 271.770 218.900 192.495 192.170 153.555
531.500 500.602 481.386 459.846 456.557 453.726 433.314 369.075 284.948 272.189 218.902 192.407 192.011 153.536
531.462 500.399 481.506 460.009 456.386 453.710 433.219 369.056 284.959 272.466 218.906 192.318 192.099 153.504
531.427 500.199 481.602 460.071 456.222 453.727 433.136 369.035 284.981 272.618 218.904 192.350 192.253 153.474
531.393 500.017 481.672 460.087 456.084 453.725 433.073 369.011 284.995 272.766 218.899 192.690 192.138 153.450
531.368 499.885 481.724 460.089 456.004 453.729 433.036 368.987 285.006 272.870 218.896 192.906 192.057 153.442
531.351 499.780 481.760 460.091 455.952 453.738 433.017 368.964 285.016 272.951 218.892 193.058 191.992 153.439
531.336 499.696 481.783 460.092 455.921 453.748 433.007 368.940 285.023 273.010 218.890 193.167 191.944 153.444
531.324 499.633 481.799 460.093 455.901 453.757 433.002 368.920 285.028 273.060 218.889 193.243 191.902 153.449
531.317 499.588 481.808 460.093 455.889 453.764 433.000 368.904 285.033 273.093 218.888 193.294 191.874 153.455
531.309 499.554 481.815 460.094 455.881 453.771 432.999 368.889 285.036 273.122 218.888 193.332 191.848 153.462
531.304 499.527 481.820 460.094 455.877 453.776 432.999 368.877 285.038 273.144 218.889 193.359 191.828 153.467
531.299 499.507 481.824 460.094 455.874 453.781 432.999 368.867 285.040 273.161 218.889 193.378 191.814 153.473
