0.000
0.005
0.008
0.010
0.015
0.054
0.669
0.851
1.321
1.602
2.244
2.861
3.507
4.127
4.724
5.320
5.923
6.551
7.160
7.759
8.421
9.044
9.636
10.268
10.880
0.000
0.011
0.020
0.029
0.049
0.484
0.892
1.174
1.739
1.985
2.569
3.210
3.806
4.425
5.020
5.621
6.220
6.800
7.340
7.869
8.410
8.961
9.527
10.017
10.547
11.054
11.573
12.140
12.662
13.214
13.756
14.292
0.000
0.010
0.018
0.026
0.044
0.191
0.458
0.607
0.970
1.195
1.727
2.303
2.872
3.482
4.120
4.711
5.289
5.871
6.424
7.054
7.670
8.283
8.621
0.000
0.010
0.019
0.027
0.045
0.190
0.472
0.623
0.993
1.218
1.748
2.386
2.986
3.617
4.240
4.879
5.525
6.113
6.729
7.366
7.997
8.620
8.967
0.000
0.010
0.018
0.026
0.044
0.184
0.454
0.600
0.926
1.161
1.721
2.270
2.862
3.452
3.740
0.000
0.010
0.018
0.026
0.044
0.196
0.471
0.616
1.000
1.265
1.878
2.482
3.066
3.219
0.000
0.010
0.018
0.026
0.044
0.185
0.463
0.610
0.926
1.184
1.824
2.465
3.110
3.782
4.174
0.000
0.010
0.018
0.027
0.045
0.183
0.454
0.599
0.941
1.187
1.844
2.460
3.064
3.735
4.369
5.035
5.682
6.288
0.000
0.010
0.018
0.026
0.044
0.197
0.507
0.655
1.004
1.272
1.891
2.478
3.084
3.620
0.000
0.010
0.018
0.026
0.044
0.193
0.463
0.614
0.983
1.441
2.091
2.728
3.373
4.035
4.760
5.423
6.083
6.769
7.440
8.136
8.823
9.502
10.158
10.818
11.517
12.218
12.875
13.242
