2.845617676e+00
2.816031364e+00
2.808127208e+00
2.801219333e+00
2.251917413e+00
2.053565472e+00
2.002323190e+00
1.986223951e+00
1.977876111e+00
1.974498994e+00
1.972397140e+00
1.970766777e+00
1.969232982e+00
1.968647689e+00
1.968472581e+00
1.968385326e+00
1.968318661e+00
1.968240208e+00
1.968152061e+00
1.968079928e+00
1.968019521e+00
1.967969906e+00
1.967935739e+00
1.967914753e+00
1.967901924e+00
1.967893659e+00
1.967887111e+00
1.967881273e+00
1.967875445e+00
1.967868653e+00
1.967859098e+00
1.967845822e+00
1.967830093e+00
1.967806683e+00
1.967782034e+00
1.967757995e+00
1.967727999e+00
1.967674120e+00
1.967525614e+00
1.967303687e+00
1.967097777e+00
1.967000412e+00
1.966937673e+00
1.966896698e+00
1.966870073e+00
1.966853350e+00
1.966842796e+00
1.966834339e+00
1.966826905e+00
1.966819833e+00
1.966812596e+00
1.966798979e+00
1.966781463e+00
1.966776520e+00
1.966774236e+00
1.966771861e+00
1.966769644e+00
1.966768205e+00
1.966767431e+00
1.966766920e+00
1.966766500e+00
1.966766153e+00
1.966765887e+00
1.966765698e+00
1.966765576e+00
1.966765493e+00
1.966765426e+00
1.966765350e+00
1.966765217e+00
1.966764888e+00
1.966763645e+00
1.966756528e+00
1.966728889e+00
1.966719110e+00
1.966717671e+00
1.966717108e+00
1.966716810e+00
1.966716628e+00
1.966716502e+00
1.966716409e+00
1.966716344e+00
1.966716295e+00
1.966716258e+00
1.966716231e+00
1.966716211e+00
1.966716196e+00
1.966716184e+00
1.966716174e+00
2.012133794e+00
1.761954164e+00
1.651547149e+00
1.546302164e+00
1.253842339e+00
1.194289578e+00
1.177493901e+00
1.169973778e+00
1.167492231e+00
1.164430453e+00
1.163852200e+00
1.163550010e+00
1.160455866e+00
1.159944246e+00
1.159785308e+00
1.159694968e+00
1.159593100e+00
1.159453990e+00
1.159349406e+00
1.159303834e+00
1.159269857e+00
1.159204702e+00
1.159129226e+00
1.159088381e+00
1.159059613e+00
1.159041308e+00
1.159028819e+00
1.159020487e+00
1.159014994e+00
1.159010975e+00
1.159007651e+00
1.159004817e+00
1.159002319e+00
1.158999971e+00
1.158997892e+00
1.158995917e+00
1.158993927e+00
1.158991732e+00
1.158989310e+00
1.158986438e+00
1.158982972e+00
1.158978457e+00
1.158972657e+00
1.158965281e+00
1.158956937e+00
1.158946388e+00
1.158936922e+00
1.158931769e+00
1.158929385e+00
1.158927699e+00
1.158926300e+00
1.158924951e+00
1.158923475e+00
1.158921919e+00
1.158919982e+00
1.158917655e+00
1.158914943e+00
1.158911783e+00
1.158908035e+00
1.158903992e+00
1.158899621e+00
1.158895094e+00
1.158890180e+00
1.158884848e+00
1.158878897e+00
1.158871788e+00
1.158862646e+00
1.158847008e+00
1.158819598e+00
1.158799790e+00
1.158785695e+00
1.158770840e+00
1.158757272e+00
1.158748641e+00
1.158742839e+00
1.158738247e+00
1.158734358e+00
1.158730924e+00
1.158727551e+00
1.158724149e+00
1.158720909e+00
1.158717760e+00
1.158714951e+00
1.158712619e+00
1.158710669e+00
1.158709100e+00
1.158707639e+00
1.158706259e+00
1.158704924e+00
1.158703586e+00
1.158702031e+00
1.158700298e+00
1.158698366e+00
1.158696403e+00
1.158694355e+00
1.158692255e+00
1.158689916e+00
1.158687532e+00
1.158685073e+00
1.158682810e+00
1.158680820e+00
1.158679220e+00
1.158678143e+00
1.158677440e+00
1.158676942e+00
1.158676582e+00
1.158676312e+00
1.158676087e+00
1.158675906e+00
1.158675762e+00
1.158675656e+00
1.158675573e+00
1.158675510e+00
1.158675461e+00
1.158675422e+00
1.158675389e+00
1.158675362e+00
1.158675339e+00
1.158675321e+00
1.158675306e+00
1.158675292e+00
1.158675279e+00
1.158675268e+00
1.407156665e+00
1.259077599e+00
1.205132426e+00
1.154895299e+00
1.151775196e+00
1.151259167e+00
1.151027162e+00
1.150932539e+00
1.150848253e+00
1.150686060e+00
1.150498428e+00
1.150319969e+00
1.150211010e+00
1.150129511e+00
1.150052779e+00
1.149987135e+00
1.149947261e+00
1.149924935e+00
1.149911400e+00
1.149901358e+00
1.149891224e+00
1.149882614e+00
1.149877193e+00
1.149873449e+00
1.149870093e+00
1.149866289e+00
1.149859025e+00
1.149832878e+00
1.149795411e+00
1.149777729e+00
1.149767078e+00
1.149761248e+00
1.149756234e+00
1.149749116e+00
1.149734664e+00
1.149699474e+00
1.149650789e+00
1.149613414e+00
1.149584608e+00
1.149555471e+00
1.149531300e+00
1.149514522e+00
1.149504129e+00
1.149497351e+00
1.149493175e+00
1.149490305e+00
1.149488161e+00
1.149486088e+00
1.149483834e+00
1.149480749e+00
1.149476838e+00
1.149473250e+00
1.149470889e+00
1.149469407e+00
1.149468224e+00
1.149467276e+00
1.149466562e+00
1.149465963e+00
1.149465477e+00
1.149465098e+00
1.149464813e+00
1.149464595e+00
1.149464430e+00
1.149464307e+00
1.149464219e+00
1.149464154e+00
1.149464107e+00
1.149464073e+00
1.149464047e+00
1.149464029e+00
1.149464016e+00
1.149464007e+00
1.149464000e+00
1.149463995e+00
1.149463990e+00
1.149463987e+00
1.440931772e+00
1.277852615e+00
1.216549582e+00
1.168514790e+00
1.165348160e+00
1.164774162e+00
1.164545185e+00
1.164365848e+00
1.164226325e+00
1.164118117e+00
1.164029186e+00
1.163957185e+00
1.163901296e+00
1.163869396e+00
1.163839739e+00
1.163806491e+00
1.163765431e+00
1.163716042e+00
1.163667599e+00
1.163629003e+00
1.163599116e+00
1.163563998e+00
1.163405125e+00
1.163344341e+00
1.163336739e+00
1.163332372e+00
1.163328769e+00
1.163325215e+00
1.163321105e+00
1.163315824e+00
1.163306867e+00
1.163283467e+00
1.163234590e+00
1.163200574e+00
1.163180725e+00
1.163159466e+00
1.163129040e+00
1.163105154e+00
1.163091278e+00
1.163082582e+00
1.163077857e+00
1.163075483e+00
1.163074317e+00
1.163073659e+00
1.163073278e+00
1.163073041e+00
1.163072884e+00
1.163072764e+00
1.163072668e+00
1.163072575e+00
1.163072477e+00
1.163072361e+00
1.163072214e+00
1.163072026e+00
1.163071768e+00
1.163071445e+00
1.163071045e+00
1.163070567e+00
1.163070027e+00
1.163069418e+00
1.163068701e+00
1.163067886e+00
1.163066924e+00
1.163065947e+00
1.163065051e+00
1.163064348e+00
1.163063883e+00
1.163063614e+00
1.163063468e+00
1.163063399e+00
1.163063367e+00
1.163063352e+00
1.163063344e+00
1.163063340e+00
1.163063338e+00
1.163063337e+00
1.457672361e+00
1.271924000e+00
1.215334109e+00
1.166745399e+00
1.163802515e+00
1.163172390e+00
1.162853975e+00
1.162555015e+00
1.162250729e+00
1.161890482e+00
1.161658279e+00
1.161504594e+00
1.161436952e+00
1.161389562e+00
1.161360696e+00
1.161341057e+00
1.161319862e+00
1.161290822e+00
1.161274081e+00
1.161267052e+00
1.161263103e+00
1.161260281e+00
1.161257919e+00
1.161255382e+00
1.161252368e+00
1.161248838e+00
1.161245492e+00
1.161243567e+00
1.161242804e+00
1.161242530e+00
1.161242419e+00
1.161242366e+00
1.161242339e+00
1.161242323e+00
1.161242314e+00
1.161242308e+00
1.435515502e+00
1.268118272e+00
1.212926199e+00
1.165546338e+00
1.163129159e+00
1.162658268e+00
1.162477973e+00
1.162338484e+00
1.162092567e+00
1.162068111e+00
1.162059038e+00
1.162054716e+00
1.162052146e+00
1.162050218e+00
1.162048314e+00
1.162046362e+00
1.162044450e+00
1.162042777e+00
1.162041670e+00
1.162041100e+00
1.162040797e+00
1.162040640e+00
1.162040559e+00
1.162040516e+00
1.162040491e+00
1.162040477e+00
1.162040468e+00
1.162040462e+00
1.162040459e+00
1.402990764e+00
1.257132538e+00
1.206104770e+00
1.155346561e+00
1.152429776e+00
1.152043576e+00
1.151915529e+00
1.151854002e+00
1.151821488e+00
1.151804218e+00
1.151789134e+00
1.151773658e+00
1.151758338e+00
1.151747569e+00
1.151739405e+00
1.151733118e+00
1.151727847e+00
1.151723057e+00
1.151719085e+00
1.151716323e+00
1.151714500e+00
1.151713392e+00
1.151712768e+00
1.151712412e+00
1.151712197e+00
1.151712070e+00
1.151711991e+00
1.151711944e+00
1.151711918e+00
1.151711903e+00
1.151711894e+00
1.151711889e+00
1.151711886e+00
1.151711884e+00
1.151711883e+00
1.151711883e+00
1.410125292e+00
1.279102022e+00
1.218487721e+00
1.164102860e+00
1.161341645e+00
1.160716036e+00
1.160452115e+00
1.160262951e+00
1.160149949e+00
1.160114520e+00
1.160095998e+00
1.160086168e+00
1.160080202e+00
1.160075743e+00
1.160070218e+00
1.160062341e+00
1.160055343e+00
1.160051229e+00
1.160049230e+00
1.160048184e+00
1.160047495e+00
1.160046984e+00
1.160046576e+00
1.160046236e+00
1.160045914e+00
1.160045585e+00
1.160045203e+00
1.160044748e+00
1.160044193e+00
1.160043542e+00
1.160042700e+00
1.160041702e+00
1.160040582e+00
1.160039351e+00
1.160038132e+00
1.160037043e+00
1.160036178e+00
1.160035577e+00
1.160035230e+00
1.160035039e+00
1.160034938e+00
1.160034880e+00
1.160034846e+00
1.160034822e+00
1.160034805e+00
1.160034791e+00
1.160034780e+00
1.160034770e+00
1.160034761e+00
1.160034752e+00
1.160034744e+00
1.160034735e+00
1.160034726e+00
1.420403590e+00
1.259675573e+00
1.190111027e+00
1.154458899e+00
1.151284774e+00
1.150622758e+00
1.150383790e+00
1.150238616e+00
1.150161908e+00
1.150123857e+00
1.150102880e+00
1.150087643e+00
1.150072609e+00
1.150055332e+00
1.150034159e+00
1.150014007e+00
1.149996367e+00
1.149984685e+00
1.149976269e+00
1.149969108e+00
1.149962696e+00
1.149957724e+00
1.149954842e+00
1.149953562e+00
1.149953014e+00
1.149952773e+00
1.149952661e+00
1.149952609e+00
1.149952584e+00
1.149952571e+00
1.149952564e+00
1.149952561e+00
1.422292510e+00
1.263509860e+00
1.201016913e+00
1.158928474e+00
1.156556214e+00
1.156238855e+00
1.156118256e+00
1.156067861e+00
1.156041931e+00
1.156024055e+00
1.156007781e+00
1.153637259e+00
1.152509058e+00
1.152398834e+00
1.152368837e+00
1.152347155e+00
1.152334216e+00
1.152327083e+00
1.152323690e+00
1.152322133e+00
1.152321344e+00
1.152320899e+00
1.152320624e+00
1.152320415e+00
1.152320224e+00
1.152320006e+00
1.152319687e+00
1.152319075e+00
1.152317461e+00
1.152312666e+00
1.152303035e+00
1.152298260e+00
1.152297325e+00
1.152296876e+00
1.152296612e+00
1.152296443e+00
1.152296314e+00
1.152296181e+00
1.152296008e+00
1.152295695e+00
1.152295078e+00
1.152293706e+00
1.152291048e+00
1.152287646e+00
1.152285621e+00
1.152284782e+00
1.152284396e+00
1.152284174e+00
1.152284038e+00
1.152283941e+00
1.152283867e+00
1.152283805e+00
1.152283750e+00
1.152283702e+00
1.152283654e+00
1.152283604e+00
1.152283551e+00
1.152283491e+00
1.152283419e+00
1.152283334e+00
1.152283228e+00
1.152283088e+00
1.152282910e+00
1.152282678e+00
1.152282390e+00
1.152282048e+00
1.152281671e+00
1.152281298e+00
1.152280956e+00
1.152280676e+00
1.152280456e+00
1.152280285e+00
1.152280150e+00
1.152280040e+00
1.152279946e+00
1.152279866e+00
1.152279794e+00
1.152279730e+00
1.152279665e+00
1.152279595e+00
1.152279515e+00
1.152279411e+00
1.152279265e+00
1.152279036e+00
1.152278633e+00
1.152277829e+00
1.152276003e+00
1.152271595e+00
1.152262717e+00
1.152251804e+00
1.152245039e+00
1.152242947e+00
1.152242278e+00
1.152241996e+00
1.152241850e+00
1.152241773e+00
1.152241728e+00
1.152241703e+00
1.152241688e+00
1.152241679e+00
1.152241674e+00
