0.004
0.007
0.010
0.015
0.053
0.461
0.668
0.851
1.025
1.166
1.321
1.469
1.602
1.744
1.891
2.004
2.122
2.243
2.360
2.501
2.625
2.727
2.860
2.971
3.086
3.219
3.385
3.506
3.630
3.732
3.867
4.007
4.127
4.226
4.349
4.459
4.606
4.724
4.868
4.988
5.098
5.217
5.320
5.437
5.568
5.696
5.819
5.923
6.056
6.171
6.303
6.428
6.551
6.648
6.787
6.903
7.031
7.160
7.284
7.380
7.513
7.629
7.759
7.887
8.013
8.112
8.254
8.421
8.548
8.672
8.802
8.907
9.043
9.158
9.286
9.413
9.536
9.636
9.773
9.889
10.017
10.145
10.268
10.366
10.508
10.625
10.752
10.880
0.011
0.020
0.029
0.048
0.484
0.761
0.891
1.174
1.416
1.585
1.738
1.883
1.985
2.108
2.229
2.349
2.432
2.569
2.710
2.842
2.972
3.065
3.210
3.334
3.468
3.576
3.707
3.806
3.946
4.062
4.197
4.300
4.425
4.530
4.668
4.780
4.915
5.019
5.146
5.244
5.379
5.490
5.621
5.725
5.852
5.953
6.109
6.220
6.352
6.453
6.576
6.686
6.799
6.911
7.015
7.114
7.219
7.340
7.462
7.567
7.677
7.771
7.869
7.980
8.089
8.196
8.312
8.410
8.511
8.625
8.729
8.850
8.960
9.084
9.199
9.314
9.413
9.527
9.636
9.734
9.831
9.932
10.017
10.122
10.239
10.337
10.445
10.547
10.648
10.753
10.862
10.960
11.053
11.164
11.275
11.379
11.480
11.573
11.690
11.802
11.899
12.011
12.140
12.236
12.352
12.465
12.557
12.662
12.789
12.885
13.003
13.118
13.214
13.319
13.439
13.534
13.649
13.756
13.849
13.954
14.083
14.178
14.292
0.010
0.018
0.026
0.044
0.191
0.330
0.457
0.607
0.739
0.827
0.969
1.088
1.195
1.326
1.441
1.538
1.639
1.727
1.825
1.957
2.072
2.163
2.303
2.428
2.519
2.638
2.748
2.871
3.006
3.148
3.244
3.369
3.482
3.613
3.748
3.893
4.000
4.120
4.231
4.342
4.473
4.589
4.710
4.820
4.927
5.030
5.162
5.289
5.383
5.505
5.615
5.743
5.871
5.997
6.086
6.203
6.315
6.424
6.585
6.727
6.820
6.943
7.053
7.164
7.303
7.455
7.548
7.670
7.781
7.892
8.045
8.188
8.282
8.402
8.513
8.620
0.010
0.018
0.027
0.045
0.190
0.332
0.471
0.623
0.757
0.859
0.993
1.127
1.218
1.333
1.468
1.553
1.641
1.748
1.913
2.035
2.162
2.253
2.386
2.525
2.653
2.766
2.893
2.985
3.114
3.254
3.374
3.487
3.616
3.715
3.863
4.012
4.123
4.240
4.358
4.466
4.611
4.768
4.879
5.000
5.118
5.228
5.376
5.525
5.640
5.758
5.875
5.983
6.113
6.269
6.385
6.502
6.620
6.729
6.865
7.017
7.131
7.248
7.365
7.473
7.606
7.766
7.880
7.997
8.115
8.225
8.362
8.503
8.619
8.737
8.855
8.966
0.010
0.018
0.026
0.044
0.184
0.325
0.454
0.600
0.731
0.828
0.926
1.010
1.161
1.296
1.430
1.518
1.620
1.720
1.836
1.963
2.080
2.173
2.270
2.384
2.535
2.656
2.773
2.862
2.952
3.062
3.201
3.322
3.452
3.543
3.632
3.739
0.010
0.018
0.026
0.044
0.195
0.333
0.471
0.616
0.747
0.838
1.000
1.129
1.265
1.384
1.488
1.583
1.738
1.878
2.013
2.134
2.239
2.334
2.482
2.614
2.745
2.864
2.968
3.066
3.219
0.010
0.018
0.026
0.044
0.185
0.327
0.463
0.610
0.741
0.839
0.926
1.038
1.184
1.316
1.450
1.561
1.689
1.824
1.968
2.091
2.210
2.323
2.465
2.603
2.747
2.872
2.996
3.110
3.251
3.402
3.531
3.659
3.782
3.897
4.030
4.173
0.010
0.018
0.026
0.044
0.182
0.317
0.453
0.599
0.729
0.836
0.941
1.067
1.187
1.319
1.458
1.556
1.699
1.843
1.971
2.090
2.225
2.323
2.460
2.595
2.718
2.833
2.966
3.064
3.204
3.349
3.484
3.599
3.735
3.834
3.973
4.125
4.254
4.369
4.503
4.601
4.743
4.890
5.035
5.150
5.288
5.385
5.528
5.682
5.812
5.926
6.060
6.158
6.287
0.010
0.018
0.026
0.044
0.197
0.389
0.507
0.655
0.786
0.874
1.004
1.139
1.272
1.409
1.539
1.627
1.764
1.890
1.980
2.124
2.251
2.339
2.478
2.603
2.738
2.859
2.996
3.084
3.221
3.354
3.496
3.620
0.010
0.018
0.026
0.044
0.193
0.338
0.463
0.613
0.746
0.834
0.982
1.300
1.440
1.592
1.724
1.817
1.948
2.091
2.236
2.379
2.507
2.621
2.727
2.859
2.988
3.133
3.261
3.373
3.482
3.615
3.755
3.903
4.035
4.140
4.260
4.473
4.612
4.760
4.892
4.994
5.114
5.277
5.423
5.572
5.704
5.809
5.934
6.083
6.244
6.399
6.531
6.641
6.769
6.909
7.050
7.205
7.338
7.440
7.567
7.715
7.854
8.003
8.135
8.239
8.366
8.524
8.673
8.822
8.956
9.062
9.182
9.339
9.502
9.652
9.784
9.892
10.015
10.158
10.302
10.455
10.587
10.695
10.818
10.968
11.128
11.277
11.409
11.516
11.642
11.788
11.935
12.086
12.218
12.323
12.448
12.586
12.727
12.875
13.007
13.114
13.241
