0.000
0.071
0.076
0.082
0.093
0.216
0.403
0.466
0.694
0.806
1.201
1.584
1.929
0.000
0.007
0.012
0.017
0.028
0.093
0.223
0.262
0.348
0.402
0.541
0.705
0.893
1.135
1.588
1.896
2.132
2.349
2.468
0.000
0.005
0.009
0.013
0.021
0.079
0.197
0.220
0.358
0.439
0.623
1.019
1.244
1.469
1.734
1.961
2.192
2.420
2.594
0.000
0.005
0.009
0.014
0.021
0.080
0.199
0.224
0.363
0.444
0.631
0.833
1.066
1.295
1.561
1.791
2.101
2.330
2.562
2.794
0.000
0.006
0.010
0.014
0.021
0.295
0.465
0.507
0.722
0.850
1.107
1.405
1.626
1.960
2.387
2.792
3.183
3.589
4.073
4.459
4.865
5.274
5.461
0.000
0.006
0.012
0.017
0.026
0.000
0.007
0.013
0.018
0.029
0.267
0.487
0.559
0.702
0.882
1.289
1.663
0.000
0.007
0.014
0.020
0.032
0.130
0.341
0.395
0.494
0.555
0.742
0.956
1.146
1.206
0.000
0.005
0.008
0.012
0.018
0.065
0.154
0.172
0.277
0.338
0.531
0.739
0.929
1.017
0.000
0.005
0.009
0.012
0.018
0.061
0.148
0.166
0.269
0.329
0.549
0.740
0.931
0.000
0.005
0.008
0.012
0.018
0.063
0.149
0.167
0.270
0.357
0.550
0.748
0.855
0.000
0.005
0.008
0.012
0.017
0.061
0.145
0.161
0.263
0.350
0.541
0.754
0.839
0.000
0.005
0.008
0.012
0.019
0.064
0.153
0.171
0.276
0.337
0.554
0.744
0.934
0.979
0.000
0.005
0.008
0.012
0.022
0.066
0.152
0.169
0.274
0.334
0.547
0.730
0.922
0.967
0.000
0.005
0.009
0.012
0.019
0.067
0.154
0.178
0.291
0.378
0.568
0.763
0.000
0.005
0.009
0.012
0.019
0.064
0.152
0.170
0.276
0.336
0.556
0.746
0.850
0.000
0.005
0.009
0.012
0.019
0.063
0.152
0.169
0.270
0.329
0.541
0.727
0.914
0.000
0.005
0.008
0.012
0.018
0.062
0.156
0.174
0.280
0.341
0.534
0.724
0.914
0.958
0.000
0.005
0.012
0.016
0.022
0.066
0.154
0.173
0.279
0.342
0.535
0.731
0.864
0.000
0.005
0.008
0.012
0.018
0.061
0.182
0.199
0.301
0.363
0.552
0.743
0.929
0.000
0.005
0.009
0.012
0.019
0.067
0.154
0.173
0.279
0.341
0.533
0.724
0.921
1.115
0.000
0.005
0.008
0.012
0.019
0.270
0.425
0.456
0.649
0.757
0.969
1.219
1.517
1.834
2.097
2.358
2.621
2.912
3.212
3.519
3.783
0.000
0.006
0.010
0.015
0.024
0.325
0.543
0.635
0.000
0.007
0.014
0.019
0.030
0.221
0.451
0.523
0.723
0.876
1.262
1.652
2.034
0.000
0.010
0.015
0.021
0.032
0.135
0.382
0.439
0.727
0.908
1.350
1.440
0.000
0.007
0.013
0.019
0.031
0.124
0.319
0.375
0.684
0.914
1.386
1.480
0.000
0.007
0.013
0.019
0.030
0.134
0.327
0.385
0.686
0.893
1.352
1.461
0.000
0.007
0.014
0.020
0.032
0.131
0.333
0.392
0.699
0.913
1.409
1.686
0.000
0.008
0.013
0.019
0.031
0.139
0.345
0.401
0.867
1.195
1.667
2.137
2.239
0.000
0.007
0.013
0.018
0.030
0.128
0.331
0.390
0.695
0.891
1.344
1.446
0.000
0.007
0.013
0.019
0.031
0.143
0.342
0.400
0.701
0.899
1.352
1.818
2.092
0.000
0.008
0.015
0.021
0.033
0.136
0.357
0.417
0.738
0.871
1.339
1.740
0.000
0.008
0.014
0.019
0.031
0.137
0.344
0.403
0.714
0.909
1.374
1.482
0.000
0.007
0.013
0.019
0.031
0.136
0.329
0.387
0.701
0.902
1.348
1.839
2.298
2.750
3.210
3.715
0.000
0.008
0.013
0.019
0.031
0.138
0.342
0.401
0.708
0.927
1.378
1.629
0.000
0.007
0.013
0.019
0.032
0.140
0.358
0.417
0.701
0.892
1.422
1.910
2.180
0.000
0.007
0.013
0.019
0.029
0.129
0.329
0.388
0.704
0.908
1.373
1.534
0.000
0.008
0.013
0.020
0.032
0.133
0.332
0.391
0.672
0.876
1.349
1.872
2.303
2.857
3.315
3.410
0.000
0.007
0.013
0.019
0.031
0.141
0.357
0.416
0.714
0.908
1.376
1.486
0.000
0.007
0.013
0.019
0.031
0.132
0.343
0.401
0.694
0.896
1.369
1.470
0.000
0.007
0.013
0.019
0.030
0.131
0.337
0.396
0.706
0.956
1.426
1.525
0.000
0.007
0.013
0.019
0.031
0.135
0.329
0.396
0.710
0.908
1.381
1.860
0.000
0.007
0.013
0.019
0.031
0.141
0.327
0.384
0.691
0.887
1.341
1.506
0.000
0.007
0.013
0.019
0.030
0.137
0.343
0.408
0.721
0.950
1.510
1.603
0.000
0.008
0.016
0.021
0.033
0.136
0.345
0.401
0.704
0.914
1.385
1.481
0.000
0.007
0.013
0.019
0.031
0.125
0.325
0.382
0.698
0.905
1.377
1.477
0.000
0.007
0.013
0.019
0.031
0.128
0.340
0.397
0.691
0.900
1.357
1.855
2.312
2.779
2.943
0.000
0.007
0.013
0.019
0.031
0.133
0.338
0.397
0.701
0.911
1.366
1.463
0.000
0.007
0.013
0.019
0.030
0.132
0.342
0.398
0.704
0.904
1.366
1.474
0.000
0.008
0.013
0.019
0.031
0.140
0.337
0.395
0.726
0.932
1.389
1.543
0.000
0.008
0.014
0.019
0.031
0.131
0.329
0.388
0.683
0.897
1.363
1.459
0.000
0.007
0.013
0.021
0.033
0.139
0.351
0.411
0.775
0.972
1.411
1.886
0.000
0.007
0.014
0.020
0.031
0.218
0.422
0.486
0.785
0.986
1.438
1.542
0.000
0.007
0.013
0.020
0.030
0.124
0.331
0.388
0.694
0.871
1.288
1.644
0.000
0.008
0.013
0.019
0.029
0.129
0.333
0.391
0.695
0.891
1.369
1.468
0.000
0.007
0.013
0.019
0.031
0.121
0.319
0.375
0.680
0.887
1.511
1.618
0.000
0.007
0.013
0.019
0.030
0.137
0.327
0.384
0.702
0.893
1.375
1.851
2.323
2.790
3.193
3.660
3.930
0.000
0.007
0.013
0.019
0.031
0.144
0.348
0.411
0.711
0.853
1.303
1.738
1.777
0.000
0.007
0.013
0.019
0.031
0.138
0.349
0.410
0.724
0.981
1.407
1.498
0.000
0.007
0.013
0.019
0.030
0.131
0.327
0.387
0.691
0.869
1.339
1.777
2.252
0.000
0.007
0.013
0.019
0.030
0.128
0.325
0.384
0.693
0.897
1.353
1.817
2.275
2.739
3.253
3.757
4.221
4.702
0.000
0.007
0.013
0.019
0.031
0.131
0.325
0.380
0.680
0.882
1.344
1.816
2.067
0.000
0.007
0.013
0.019
0.029
0.133
0.334
0.395
0.704
0.842
1.238
1.690
2.086
2.508
2.921
3.132
0.000
0.007
0.013
0.019
0.029
0.133
0.329
0.386
0.697
0.899
1.347
1.806
2.275
2.733
3.193
3.684
4.152
4.412
0.000
0.007
0.013
0.019
0.030
0.130
0.396
0.456
0.747
0.912
1.342
1.770
2.193
2.639
3.091
3.564
3.918
0.000
0.007
0.013
0.019
0.032
0.133
0.342
0.402
0.702
0.914
1.366
1.460
0.000
0.008
0.014
0.019
0.029
0.133
0.320
0.375
0.686
0.892
1.352
1.611
0.000
0.008
0.013
0.019
0.031
0.130
0.333
0.408
0.708
0.921
1.367
1.474
0.000
0.007
0.013
0.019
0.031
0.126
0.331
0.389
0.695
0.907
1.380
1.486
0.000
0.008
0.013
0.019
0.031
0.134
0.335
0.392
0.757
0.957
1.401
1.764
0.000
0.007
0.013
0.019
0.029
0.129
0.328
0.385
0.649
0.848
1.355
1.709
0.000
0.007
0.013
0.019
0.031
0.132
0.337
0.395
0.685
0.882
1.349
1.451
0.000
0.007
0.013
0.019
0.030
0.127
0.323
0.378
0.685
0.898
1.389
1.490
0.000
0.007
0.013
0.019
0.032
0.139
0.340
0.401
0.718
0.924
1.446
1.896
2.100
0.000
0.008
0.013
0.019
0.031
0.138
0.345
0.403
0.705
0.914
1.368
1.478
0.000
0.007
0.013
0.019
0.031
0.135
0.365
0.421
0.742
0.886
1.302
1.703
2.081
2.187
0.000
0.007
0.013
0.019
0.030
0.136
0.331
0.387
0.686
0.887
1.339
1.443
0.000
0.007
0.013
0.019
0.029
0.130
0.324
0.383
0.677
0.877
1.355
1.822
2.290
0.000
0.007
0.013
0.018
0.030
0.134
0.329
0.393
0.701
0.903
1.371
1.508
0.000
0.008
0.013
0.019
0.030
0.138
0.343
0.402
0.693
0.834
1.236
1.650
2.105
2.516
2.937
3.383
3.768
4.036
0.000
0.007
0.013
0.018
0.029
0.181
0.429
0.497
0.651
0.790
1.094
1.378
1.719
2.017
2.351
2.649
2.936
3.255
3.572
3.906
4.221
4.583
4.877
5.184
5.511
5.849
6.158
6.480
6.765
6.989
0.000
0.007
0.013
0.019
0.031
0.146
0.517
0.573
0.671
0.725
0.866
0.995
1.192
1.320
1.492
1.685
1.843
2.165
2.468
2.661
2.891
3.082
3.303
3.497
3.713
3.941
4.166
4.426
4.653
4.880
5.134
5.359
5.584
5.852
6.078
6.303
6.554
6.778
7.012
7.311
0.000
0.006
0.010
0.018
0.026
0.086
0.209
0.231
0.371
0.451
0.671
0.823
1.042
1.222
1.412
1.695
1.946
2.202
2.468
2.719
2.974
3.261
3.516
3.766
4.016
4.267
4.596
4.885
5.136
5.197
0.000
0.005
0.010
0.014
0.022
0.084
0.198
0.222
0.368
0.447
0.708
0.931
1.152
1.378
1.602
1.851
1.997
0.000
0.006
0.010
0.014
0.021
0.079
0.197
0.220
0.364
0.444
0.682
0.881
1.136
1.364
1.590
1.819
2.113
2.352
2.581
2.829
3.058
3.287
3.567
3.788
4.013
4.268
4.489
4.714
4.972
5.198
0.000
0.006
0.010
0.014
0.021
0.075
0.190
0.213
0.365
0.456
0.679
0.937
1.190
1.442
1.700
1.963
2.192
2.416
2.672
2.897
3.123
3.385
3.609
3.836
4.084
4.176
0.000
0.006
0.010
0.014
0.022
0.080
0.196
0.219
0.365
0.481
0.703
0.939
1.158
1.385
1.637
1.899
2.165
2.394
2.625
2.855
3.104
3.369
3.596
3.822
4.046
4.268
4.529
4.790
5.018
5.245
5.474
5.710
5.965
6.222
6.445
6.680
6.910
7.172
7.617
7.887
7.943
0.000
0.006
0.014
0.019
0.027
0.086
0.201
0.223
0.396
0.473
0.727
0.959
1.183
1.427
1.648
1.873
2.145
2.370
2.600
2.857
3.084
3.310
3.428
0.000
0.005
0.010
0.014
0.022
0.093
0.208
0.257
0.432
0.523
0.815
1.080
1.479
1.709
1.937
2.203
2.463
2.687
2.920
0.000
0.006
0.010
0.016
0.023
0.078
0.189
0.213
0.355
0.431
0.694
0.919
1.143
1.376
1.622
1.842
2.118
2.340
2.564
2.819
3.065
3.264
0.000
0.006
0.010
0.014
0.026
0.084
0.197
0.219
0.391
0.507
0.760
1.012
1.259
1.506
1.620
0.000
0.006
0.010
0.014
0.022
0.085
0.197
0.220
0.380
0.462
0.672
0.903
1.128
1.377
1.632
1.918
2.172
2.463
2.719
2.989
3.265
3.540
3.793
4.047
0.000
0.006
0.010
0.014
0.021
0.083
0.200
0.223
0.396
0.486
0.716
0.969
1.200
1.438
1.664
1.917
2.135
2.390
2.617
2.838
3.063
3.357
3.578
3.825
3.919
0.000
0.006
0.010
0.014
0.021
0.079
0.193
0.215
0.319
0.405
0.595
0.782
0.997
1.181
1.370
1.558
1.746
1.932
2.143
2.333
2.518
0.000
0.005
0.009
0.013
0.019
0.061
0.148
0.165
0.294
0.379
0.568
0.757
0.943
1.129
1.361
1.574
1.764
1.947
0.000
0.005
0.009
0.012
0.019
0.064
0.153
0.170
0.271
0.331
0.490
0.680
0.871
1.056
1.247
1.436
1.655
1.844
2.031
2.243
2.433
2.607
0.000
0.005
0.009
0.013
0.019
0.062
0.148
0.164
0.293
0.380
0.567
0.756
0.943
1.133
1.266
0.000
0.005
0.008
0.013
0.019
0.063
0.157
0.174
0.307
0.365
0.552
0.737
0.955
1.145
1.335
1.523
1.708
1.898
2.112
2.297
2.356
0.000
0.005
0.009
0.013
0.019
0.063
0.146
0.168
0.296
0.356
0.543
0.758
0.944
1.129
1.318
1.507
1.695
1.908
2.091
2.280
2.507
0.000
0.005
0.009
0.012
0.020
0.063
0.147
0.164
0.265
0.351
0.514
0.702
0.891
1.082
1.269
1.482
1.670
1.857
2.045
2.233
2.424
2.643
2.831
3.017
0.000
0.005
0.009
0.013
0.019
0.062
0.145
0.162
0.264
0.322
0.506
0.690
0.880
1.072
1.260
1.448
1.716
1.906
2.096
2.283
2.467
2.655
2.740
0.000
0.005
0.009
0.012
0.018
0.063
0.148
0.164
0.330
0.392
0.606
0.793
0.981
1.169
1.354
1.539
1.754
1.943
2.127
2.273
0.000
0.005
0.009
0.012
0.028
0.074
0.159
0.176
0.280
0.340
0.503
0.661
0.849
1.065
1.338
1.530
1.716
1.901
2.091
2.304
2.491
2.680
2.783
0.000
0.005
0.009
0.013
0.019
0.066
0.150
0.168
0.297
0.384
0.572
0.757
0.945
1.130
1.322
1.538
1.730
1.919
2.110
2.299
2.493
2.710
2.867
0.000
0.005
0.008
0.012
0.018
0.096
0.181
0.200
0.301
0.389
0.586
0.778
0.967
1.157
1.376
1.591
1.783
1.975
2.164
2.357
2.540
2.758
2.944
3.135
3.239
0.000
0.005
0.009
0.012
0.019
0.062
0.152
0.169
0.273
0.332
0.518
0.726
0.920
1.107
1.293
1.480
1.699
1.890
2.176
2.488
2.575
0.000
0.005
0.009
0.013
0.019
0.064
0.152
0.169
0.299
0.361
0.559
0.905
1.129
1.320
1.516
1.706
1.900
2.089
2.311
2.500
2.692
2.881
3.069
3.261
3.392
0.000
0.005
0.009
0.013
0.019
0.063
0.151
0.175
0.278
0.364
0.551
0.737
0.924
1.113
1.326
1.513
1.700
1.886
2.139
0.000
0.005
0.009
0.013
0.019
0.062
0.151
0.169
0.300
0.360
0.564
0.757
0.972
1.166
1.357
1.544
1.731
1.927
2.153
2.345
2.535
2.725
2.772
0.000
0.005
0.009
0.013
0.019
0.065
0.156
0.174
0.279
0.369
0.530
0.719
0.934
1.125
1.318
1.512
1.701
1.940
2.157
2.348
2.536
2.730
2.776
0.000
0.005
0.009
0.013
0.019
0.073
0.159
0.176
0.280
0.367
0.530
0.720
0.941
1.134
1.326
1.516
1.707
1.901
2.116
2.303
2.492
2.681
2.771
0.000
0.005
0.009
0.013
0.019
0.065
0.158
0.175
0.304
0.393
0.586
0.776
0.995
1.185
1.373
1.585
1.776
1.967
2.156
2.242
0.000
0.005
0.009
0.013
0.019
0.065
0.152
0.169
0.302
0.364
0.585
0.777
0.972
1.161
1.349
1.541
1.763
1.953
2.143
2.335
2.381
0.000
0.005
0.009
0.013
0.019
0.063
0.153
0.170
0.304
0.393
0.587
0.778
1.020
1.208
1.400
1.622
1.826
2.027
2.219
2.263
0.000
0.005
0.009
0.013
0.019
0.064
0.154
0.172
0.303
0.367
0.559
0.748
0.961
1.178
1.376
1.571
1.762
1.955
2.173
2.364
2.410
0.000
0.005
0.009
0.013
0.019
0.073
0.161
0.179
0.283
0.342
0.503
0.695
0.901
1.123
1.316
1.508
1.699
1.897
2.091
2.180
0.000
0.005
0.009
0.013
0.019
0.066
0.151
0.169
0.296
0.387
0.581
0.773
0.969
1.167
1.360
1.583
1.804
1.999
2.190
0.000
0.005
0.009
0.013
0.019
0.062
0.147
0.165
0.295
0.423
0.615
0.809
1.003
1.194
1.385
1.513
0.000
0.005
0.009
0.013
0.019
0.065
0.155
0.172
0.305
0.392
0.586
0.777
0.966
1.158
1.351
1.570
1.762
1.808
0.000
0.005
0.009
0.013
0.019
0.064
0.153
0.175
0.312
0.399
0.591
0.783
0.972
1.161
1.379
1.607
0.000
0.005
0.009
0.013
0.019
0.065
0.155
0.173
0.304
0.366
0.561
0.755
0.977
1.166
1.356
1.547
1.736
1.929
2.150
2.339
2.487
0.000
0.005
0.009
0.013
0.019
0.063
0.152
0.172
0.301
0.363
0.556
0.775
0.966
1.160
1.356
1.551
1.747
1.968
2.075
0.000
0.005
0.009
0.013
0.019
0.099
0.184
0.204
0.331
0.392
0.581
0.782
0.997
1.182
1.366
1.550
1.735
1.925
2.134
0.000
0.005
0.009
0.013
0.019
0.064
0.152
0.169
0.301
0.389
0.603
0.803
1.013
1.198
1.389
1.603
1.794
1.895
0.000
0.005
0.009
0.012
0.019
0.064
0.149
0.167
0.297
0.383
0.573
0.812
0.997
0.000
0.005
0.009
0.013
0.020
0.063
0.149
0.167
0.293
0.379
0.567
0.785
0.969
1.154
1.340
1.553
1.698
0.000
0.005
0.009
0.013
0.019
0.061
0.146
0.163
0.291
0.379
0.567
0.752
0.940
1.128
1.318
1.532
1.591
0.000
0.006
0.009
0.013
0.019
0.064
0.151
0.168
0.271
0.330
0.488
0.673
0.883
1.094
1.281
1.466
1.656
1.844
2.033
2.248
2.353
0.000
0.005
0.009
0.012
0.019
0.061
0.146
0.171
0.299
0.387
0.575
0.762
0.951
1.165
1.351
1.566
0.000
0.005
0.009
0.012
0.019
0.064
0.150
0.167
0.270
0.356
0.514
0.726
0.911
1.099
1.288
1.528
1.729
1.944
2.130
0.000
0.005
0.009
0.013
0.019
0.062
0.148
0.169
0.272
0.356
0.539
0.730
0.923
1.111
1.326
1.516
1.708
1.894
0.000
0.005
0.009
0.012
0.018
0.064
0.164
0.186
0.316
0.404
0.591
0.774
0.963
1.149
1.334
1.550
0.000
0.007
0.011
0.015
0.021
0.064
0.149
0.166
0.322
0.408
0.599
0.788
0.975
1.160
1.350
1.438
0.000
0.005
0.009
0.013
0.019
0.062
0.146
0.164
0.294
0.384
0.576
0.765
0.952
1.145
1.335
1.554
1.740
1.929
1.974
0.000
0.005
0.009
0.013
0.019
0.066
0.150
0.167
0.269
0.327
0.486
0.669
0.852
1.064
1.248
1.534
1.724
1.906
2.032
0.000
0.005
0.009
0.013
0.019
0.061
0.145
0.162
0.287
0.372
0.557
0.745
0.929
1.112
1.301
1.511
0.000
0.005
0.009
0.012
0.018
0.063
0.147
0.164
0.294
0.381
0.568
0.755
0.941
1.130
1.319
1.528
0.000
0.007
0.013
0.018
0.028
0.241
0.457
0.524
0.679
0.784
1.063
1.344
1.694
2.086
0.000
0.008
0.014
0.019
0.031
0.115
0.302
0.341
0.441
0.501
0.639
0.802
0.938
1.127
1.291
1.509
1.696
1.888
2.081
2.273
2.466
2.683
2.883
3.074
3.180
0.000
0.005
0.008
0.011
0.018
0.061
0.148
0.165
0.266
0.358
0.528
0.715
0.898
1.107
1.291
1.475
1.661
1.845
1.971
0.000
0.005
0.008
0.011
0.018
0.062
0.147
0.165
0.267
0.323
0.482
0.671
0.856
1.047
1.251
1.457
1.586
0.000
0.005
0.009
0.012
0.018
0.062
0.146
0.164
0.265
0.324
0.510
0.729
0.915
1.106
1.292
1.336
0.000
0.005
0.008
0.012
0.018
0.062
0.149
0.168
0.273
0.332
0.735
0.921
1.109
1.297
1.485
1.530
0.000
0.005
0.008
0.012
0.018
0.064
0.152
0.170
0.272
0.333
0.496
0.685
0.877
1.095
1.284
1.346
0.000
0.005
0.008
0.012
0.018
0.063
0.149
0.167
0.271
0.332
0.524
0.741
0.933
1.121
1.269
0.000
0.005
0.008
0.012
0.018
0.062
0.149
0.166
0.269
0.329
0.492
0.679
0.866
1.052
1.267
1.457
0.000
0.005
0.008
0.012
0.018
0.063
0.148
0.165
0.267
0.326
0.540
0.727
0.915
1.101
1.188
0.000
0.005
0.008
0.011
0.018
0.061
0.146
0.163
0.263
0.322
0.508
0.721
0.906
1.091
1.275
1.318
0.000
0.005
0.008
0.012
0.018
0.061
0.147
0.167
0.268
0.327
0.536
0.721
0.910
0.995
0.000
0.005
0.009
0.012
0.019
0.064
0.151
0.169
0.272
0.333
0.551
0.742
0.931
1.018
0.000
0.005
0.008
0.012
0.019
0.063
0.150
0.168
0.270
0.330
0.519
0.708
0.897
1.070
0.000
0.005
0.008
0.012
0.018
0.064
0.152
0.169
0.273
0.332
0.546
0.736
0.926
0.000
0.012
0.017
0.023
0.035
0.249
0.537
0.602
0.763
0.910
1.218
1.515
1.806
2.119
2.473
2.816
3.253
3.301
0.000
0.007
0.013
0.018
0.029
0.213
0.440
0.509
0.724
0.955
1.354
1.467
0.000
0.007
0.013
0.018
0.029
0.236
0.467
0.538
0.750
0.937
1.372
1.737
2.156
2.484
0.000
0.007
0.013
0.018
0.029
0.135
0.428
0.496
0.696
0.879
1.248
1.668
2.017
2.351
2.675
3.017
3.132
0.000
0.007
0.012
0.018
0.029
0.333
0.592
0.681
0.957
1.182
1.605
2.051
2.499
3.014
3.470
3.881
4.258
4.571
0.000
0.008
0.015
0.021
0.034
0.119
0.347
0.481
0.640
0.709
0.914
1.133
1.369
1.601
1.837
2.068
2.325
2.597
2.833
3.070
3.302
3.532
3.788
4.057
4.170
0.000
0.005
0.009
0.013
0.021
0.000
0.007
0.013
0.018
0.029
0.127
0.317
0.365
0.498
0.576
0.812
1.036
1.227
1.446
1.726
1.983
2.216
2.420
2.634
2.856
3.166
3.438
3.733
4.035
4.307
4.577
4.895
5.159
5.443
5.627
0.000
0.007
0.012
0.018
0.028
0.312
0.586
0.669
0.886
1.079
1.510
1.817
0.000
0.007
0.013
0.019
0.030
0.111
0.312
0.411
0.528
0.583
0.810
1.036
1.262
1.525
1.753
1.980
2.238
2.464
0.000
0.005
0.011
0.015
0.023
0.076
0.196
0.220
0.398
0.485
0.643
0.788
0.983
1.214
1.482
1.710
1.944
2.199
2.431
2.661
2.881
0.000
0.005
0.009
0.013
0.021
0.199
0.368
0.407
0.541
0.621
0.805
1.086
1.264
1.486
1.800
2.098
2.372
2.639
2.931
3.201
3.324
0.000
0.006
0.010
0.015
0.023
0.209
0.414
0.491
0.642
0.000
0.007
0.012
0.018
0.028
0.229
0.465
0.540
0.721
0.893
1.206
1.555
1.869
2.196
2.464
0.000
0.007
0.013
0.020
0.032
0.130
0.364
0.488
0.668
0.761
0.956
1.145
1.439
1.698
1.945
2.249
2.490
2.782
3.054
3.342
3.664
3.960
4.304
4.630
4.970
5.260
5.600
5.891
6.236
6.416
0.000
0.006
0.011
0.016
0.026
0.318
0.702
0.777
0.922
1.002
1.210
1.381
1.655
1.885
2.213
2.645
3.100
3.370
3.637
3.931
4.244
4.321
0.000
0.006
0.010
0.015
0.023
0.156
0.000
0.007
0.013
0.018
0.029
0.229
0.457
0.525
0.715
0.865
1.246
1.633
1.985
2.295
2.790
3.181
3.610
4.021
4.466
4.886
5.425
5.901
6.391
6.851
7.231
7.639
8.055
8.467
8.938
9.001
0.000
0.008
0.014
0.020
0.033
0.140
0.371
0.433
0.523
0.582
0.746
0.880
1.070
1.260
1.447
1.636
1.824
2.040
2.263
2.333
0.000
0.005
0.009
0.012
0.019
0.078
0.166
0.186
0.289
0.350
0.517
0.706
0.898
1.087
1.302
1.493
1.597
0.000
0.005
0.009
0.012
0.019
0.069
0.161
0.185
0.287
0.348
0.535
0.722
0.911
1.099
1.270
0.000
0.005
0.009
0.012
0.019
0.063
0.149
0.168
0.270
0.331
0.494
0.685
0.945
1.134
1.195
0.000
0.005
0.009
0.013
0.019
0.064
0.150
0.168
0.271
0.331
0.520
0.706
0.893
1.082
1.126
0.000
0.005
0.008
0.012
0.018
0.062
0.149
0.167
0.270
0.330
0.491
0.680
0.892
1.079
1.179
0.000
0.005
0.008
0.012
0.018
0.062
0.148
0.166
0.267
0.332
0.518
0.704
0.890
1.075
1.161
0.000
0.005
0.008
0.012
0.019
0.063
0.149
0.167
0.270
0.329
0.540
0.729
0.917
0.000
0.005
0.008
0.012
0.019
0.064
0.151
0.169
0.273
0.332
0.561
0.751
0.940
0.984
0.000
0.005
0.009
0.012
0.019
0.064
0.151
0.175
0.279
0.340
0.530
0.718
0.912
1.000
0.000
0.005
0.008
0.012
0.019
0.065
0.151
0.169
0.271
0.330
0.515
0.701
0.887
1.015
0.000
0.005
0.008
0.012
0.019
0.064
0.193
0.211
0.315
0.375
0.568
0.757
0.946
0.990
0.000
0.005
0.008
0.012
0.018
0.062
0.148
0.171
0.272
0.332
0.546
0.734
0.794
0.000
0.005
0.008
0.012
0.019
0.064
0.153
0.171
0.276
0.337
0.527
0.745
0.763
0.000
0.007
0.013
0.018
0.029
0.257
0.499
0.573
0.780
0.942
1.370
1.700
0.000
0.008
0.013
0.021
0.034
0.153
0.402
0.453
0.556
0.611
0.741
0.884
1.075
1.337
1.571
1.808
2.040
2.304
2.538
2.808
2.922
0.000
0.006
0.010
0.014
0.022
0.083
0.205
0.228
0.368
0.448
0.686
0.925
1.163
1.403
1.638
1.930
2.209
2.443
2.679
0.000
0.006
0.010
0.014
0.021
0.081
0.202
0.226
0.366
0.485
0.707
0.967
1.254
1.490
1.725
1.961
2.200
2.466
2.743
2.974
3.214
3.390
0.000
0.006
0.010
0.018
0.026
0.085
0.203
0.228
0.344
0.463
0.694
0.933
1.204
1.445
1.710
1.950
2.189
2.420
2.607
0.000
0.006
0.010
0.015
0.022
0.082
0.201
0.224
0.370
0.453
0.653
0.920
1.161
1.397
1.635
1.893
2.134
2.409
2.688
2.935
3.079
0.000
0.006
0.010
0.015
0.023
0.088
0.213
0.238
0.397
0.480
0.716
0.913
1.152
1.395
1.634
1.895
2.159
2.396
2.634
2.866
3.101
3.365
3.639
3.873
4.106
4.341
4.651
4.908
5.180
5.412
5.662
5.895
6.126
6.386
6.656
6.889
7.122
7.358
7.596
7.859
8.015
0.000
0.006
0.010
0.015
0.022
0.083
0.204
0.234
0.378
0.000
0.007
0.013
0.018
0.029
0.137
0.336
0.396
0.759
0.903
1.256
1.610
1.944
2.280
0.000
0.008
0.014
0.020
0.033
0.144
0.377
0.425
0.552
0.634
0.829
1.024
1.260
1.520
1.788
2.027
2.290
2.531
2.812
3.051
3.293
3.435
0.000
0.006
0.010
0.015
0.026
0.089
0.217
0.239
0.381
0.464
0.703
0.942
1.222
1.458
1.695
1.961
2.203
2.441
2.503
0.000
0.018
0.022
0.026
0.034
0.094
0.214
0.237
0.416
0.473
0.672
0.940
1.182
1.418
1.693
1.934
2.017
0.000
0.006
0.010
0.015
0.022
0.083
0.206
0.231
0.411
0.532
0.800
1.067
1.331
1.593
1.857
2.161
2.367
0.000
0.006
0.011
0.015
0.022
0.083
0.204
0.227
0.471
0.575
0.828
1.080
1.293
1.519
1.772
2.014
2.225
2.477
2.689
2.901
3.146
3.381
3.444
0.000
0.006
0.011
0.016
0.025
0.089
0.214
0.242
0.388
0.509
0.744
0.981
1.239
1.475
1.710
1.994
2.279
2.515
2.777
3.013
3.248
3.481
3.694
0.000
0.006
0.010
0.015
0.022
0.086
0.232
0.256
0.400
0.495
0.732
1.001
1.240
1.513
1.750
1.989
2.228
2.493
2.736
3.016
3.257
3.438
0.000
0.006
0.010
0.015
0.022
0.083
0.209
0.232
0.349
0.432
0.663
0.901
1.187
1.425
1.664
1.928
2.170
2.407
2.687
2.927
3.167
3.436
3.677
3.915
4.189
4.460
4.696
4.961
4.996
0.000
0.006
0.010
0.015
0.023
0.087
0.209
0.233
0.382
0.519
0.758
1.043
1.283
1.520
1.760
2.000
2.264
2.544
2.781
3.022
3.262
3.496
3.758
4.039
4.297
4.546
4.782
5.020
5.284
5.561
5.800
6.034
6.213
0.000
0.006
0.010
0.015
0.022
0.085
0.205
0.228
0.347
0.443
0.693
0.906
1.176
1.412
1.692
1.927
2.162
2.398
2.662
2.944
3.235
3.471
3.709
3.952
4.216
4.454
4.734
4.818
0.000
0.006
0.010
0.015
0.022
0.082
0.204
0.231
0.412
0.496
0.734
1.016
1.249
1.487
1.726
1.987
2.144
0.000
0.006
0.010
0.015
0.022
0.082
0.203
0.226
0.411
0.572
0.839
1.109
1.378
1.648
1.939
2.244
2.511
2.777
3.038
3.302
3.566
3.871
4.136
4.401
4.669
4.934
5.199
5.544
5.806
6.073
6.343
6.625
6.891
7.013
0.000
0.006
0.010
0.015
0.022
0.085
0.209
0.233
0.380
0.504
0.698
0.937
1.208
1.450
1.689
1.954
2.235
2.470
2.707
2.942
3.177
3.487
3.762
4.002
4.239
4.478
4.715
4.983
5.259
5.499
5.737
5.976
6.215
6.483
0.000
0.006
0.010
0.015
0.023
0.083
0.206
0.229
0.418
0.475
0.719
0.963
1.105
1.272
1.416
1.661
1.992
2.315
2.568
3.001
3.202
3.398
3.600
3.824
4.019
4.081
0.000
0.007
0.013
0.018
0.029
0.210
0.452
0.524
0.786
1.006
1.449
1.564
0.000
0.007
0.013
0.019
0.031
0.139
0.358
0.405
0.501
0.556
0.749
0.951
1.168
1.417
1.668
1.913
2.132
2.356
0.000
0.006
0.010
0.014
0.022
0.081
0.200
0.224
0.367
0.487
0.717
0.950
1.187
1.451
1.724
0.000
0.006
0.010
0.014
0.021
0.081
0.197
0.220
0.335
0.417
0.716
0.952
1.182
1.422
1.684
1.902
0.000
0.006
0.010
0.014
0.024
0.087
0.206
0.230
0.342
0.426
0.619
0.882
1.112
1.345
1.601
1.875
2.111
2.343
2.581
2.825
3.085
3.317
3.670
3.913
4.151
4.383
4.639
4.876
5.149
5.326
0.000
0.006
0.010
0.015
0.022
0.085
0.202
0.226
0.367
0.448
0.606
0.869
1.065
1.304
1.536
1.811
2.046
2.277
2.508
2.769
2.805
0.000
0.006
0.010
0.014
0.022
0.091
0.210
0.233
0.374
0.456
0.693
0.924
1.158
1.423
1.653
1.889
2.165
2.406
2.638
2.899
2.934
0.000
0.006
0.010
0.014
0.022
0.083
0.204
0.235
0.351
0.431
0.661
0.891
1.166
1.401
1.662
1.938
0.000
0.006
0.011
0.015
0.026
0.091
0.214
0.238
0.389
0.473
0.709
0.978
1.240
1.478
1.713
1.950
2.184
2.306
0.000
0.006
0.010
0.014
0.021
0.092
0.215
0.239
0.381
0.473
0.707
0.964
1.238
1.477
1.716
1.956
2.192
2.494
2.530
0.000
0.006
0.010
0.014
0.021
0.080
0.194
0.218
0.363
0.418
0.680
0.824
0.963
1.156
1.351
1.543
1.767
1.960
2.063
0.000
0.005
0.009
0.013
0.019
0.062
0.146
0.164
0.266
0.354
0.542
0.736
0.927
1.120
1.294
0.000
0.005
0.009
0.013
0.019
0.065
0.154
0.171
0.277
0.362
0.557
0.746
0.967
1.216
1.365
0.000
0.005
0.009
0.013
0.019
0.065
0.154
0.171
0.276
0.364
0.554
0.748
0.969
1.162
1.224
0.000
0.005
0.009
0.013
0.023
0.066
0.152
0.171
0.278
0.338
0.532
0.725
0.945
1.132
1.325
1.414
0.000
0.007
0.013
0.018
0.029
0.128
0.324
0.381
0.612
0.767
1.104
1.492
1.789
2.130
0.000
0.007
0.012
0.018
0.028
0.251
0.550
0.638
0.795
1.034
1.384
1.566
0.000
0.010
0.016
0.021
0.034
0.141
0.357
0.435
0.698
0.920
1.333
1.449
0.000
0.008
0.014
0.021
0.034
0.157
0.367
0.440
0.702
0.937
1.369
1.486
0.000
0.009
0.015
0.021
0.034
0.202
0.424
0.497
0.735
0.954
1.388
1.499
0.000
0.008
0.015
0.021
0.034
0.142
0.363
0.436
0.676
0.924
1.370
1.483
0.000
0.008
0.014
0.021
0.034
0.145
0.366
0.438
0.693
0.919
1.363
1.477
0.000
0.008
0.014
0.020
0.038
0.149
0.372
0.441
0.685
0.906
1.321
1.433
0.000
0.008
0.014
0.020
0.033
0.135
0.365
0.433
0.693
0.943
1.386
1.492
0.000
0.008
0.014
0.021
0.034
0.146
0.373
0.450
0.697
0.920
1.370
1.695
0.000
0.008
0.015
0.021
0.032
0.151
0.370
0.443
0.695
0.916
1.340
1.453
0.000
0.012
0.019
0.025
0.038
0.147
0.368
0.447
0.704
0.958
1.390
1.501
0.000
0.008
0.014
0.030
0.042
0.153
0.366
0.435
0.681
0.899
1.316
1.431
0.000
0.008
0.014
0.021
0.034
0.149
0.371
0.444
0.694
0.913
1.338
1.454
0.000
0.008
0.014
0.020
0.033
0.148
0.360
0.433
0.686
0.907
1.391
1.715
0.000
0.008
0.015
0.021
0.034
0.151
0.365
0.438
0.700
0.918
1.348
1.457
0.016
0.247
0.253
0.258
0.312
0.582
1.005
1.088
1.289
1.492
1.965
2.012
0.000
0.008
0.015
0.021
0.034
0.154
0.403
0.473
0.751
0.947
1.362
1.842
2.266
2.710
3.177
3.659
4.080
4.533
4.962
5.436
5.847
6.238
6.493
0.000
0.008
0.016
0.022
0.037
0.165
0.391
0.471
0.761
1.005
1.493
1.618
0.000
0.008
0.015
0.022
0.036
0.158
0.402
0.469
0.755
1.009
1.488
1.772
0.000
0.008
0.015
0.022
0.035
0.165
0.428
0.500
0.797
1.044
1.533
1.716
0.000
0.008
0.015
0.022
0.036
0.154
0.395
0.465
0.746
0.990
1.473
1.940
2.330
0.000
0.008
0.015
0.022
0.036
0.150
0.424
0.491
0.770
0.985
1.415
1.879
2.323
2.796
3.280
3.792
4.248
0.000
0.008
0.015
0.022
0.036
0.169
0.431
0.502
0.797
1.068
1.545
1.743
0.000
0.008
0.015
0.021
0.035
0.164
0.405
0.477
0.759
1.012
1.481
1.605
0.000
0.008
0.015
0.022
0.036
0.162
0.406
0.474
0.769
1.005
1.464
1.931
2.420
2.980
3.524
4.056
4.512
4.976
5.222
0.000
0.008
0.015
0.021
0.035
0.152
0.391
0.457
0.713
0.973
1.451
1.952
2.431
0.000
0.008
0.015
0.022
0.035
0.169
0.418
0.490
0.789
1.041
1.519
1.637
0.000
0.008
0.015
0.021
0.034
0.165
0.413
0.481
0.760
1.006
1.483
1.891
2.311
2.790
0.000
0.008
0.015
0.029
0.042
0.164
0.409
0.480
0.777
1.023
1.493
1.986
2.114
0.000
0.009
0.015
0.022
0.036
0.161
0.406
0.478
0.767
1.018
1.482
1.960
2.303
0.000
0.007
0.013
0.018
0.029
0.298
0.583
0.676
0.889
1.034
1.351
1.468
0.000
0.007
0.014
0.019
0.032
0.137
0.361
0.434
0.677
0.893
1.323
1.437
0.000
0.008
0.014
0.020
0.033
0.162
0.396
0.475
0.741
0.968
1.411
1.842
2.276
2.492
0.000
0.008
0.014
0.020
0.032
0.140
0.358
0.431
0.718
0.947
1.384
1.577
0.000
0.008
0.014
0.020
0.033
0.149
0.376
0.449
0.696
0.913
1.342
1.452
0.000
0.008
0.014
0.021
0.034
0.148
0.372
0.441
0.700
0.934
1.388
1.504
0.000
0.008
0.014
0.021
0.032
0.135
0.342
0.418
0.701
0.927
1.353
1.459
0.000
0.008
0.014
0.021
0.034
0.142
0.364
0.438
0.689
0.912
1.339
1.447
0.000
0.008
0.014
0.020
0.033
0.145
0.379
0.454
0.702
0.918
1.345
1.789
2.233
2.349
0.000
0.008
0.014
0.021
0.034
0.140
0.346
0.423
0.663
0.889
1.329
1.446
0.000
0.008
0.015
0.021
0.034
0.198
0.420
0.498
0.810
1.024
1.482
1.597
0.000
0.008
0.014
0.021
0.034
0.149
0.372
0.446
0.702
0.920
1.342
1.657
0.000
0.008
0.015
0.021
0.042
0.155
0.387
0.459
0.714
0.948
1.391
1.506
0.000
0.008
0.014
0.020
0.033
0.148
0.362
0.436
0.688
0.910
1.326
1.442
0.000
0.008
0.014
0.021
0.034
0.144
0.398
0.467
0.728
0.940
1.362
1.471
0.000
0.008
0.014
0.020
0.033
0.150
0.369
0.444
0.694
0.919
1.358
1.468
0.000
0.008
0.014
0.020
0.033
0.149
0.366
0.440
0.713
0.923
1.364
1.547
0.000
0.008
0.014
0.020
0.033
0.147
0.381
0.459
0.718
0.942
1.376
1.483
0.000
0.008
0.014
0.020
0.033
0.145
0.350
0.423
0.673
0.885
1.317
1.437
0.000
0.008
0.015
0.022
0.035
0.152
0.417
0.486
0.739
0.971
1.396
1.513
0.000
0.008
0.014
0.020
0.032
0.143
0.352
0.428
0.697
0.912
1.343
1.456
0.000
0.008
0.014
0.020
0.033
0.155
0.373
0.448
0.701
0.930
1.377
1.565
0.000
0.008
0.014
0.020
0.033
0.163
0.410
0.486
0.760
0.978
1.416
1.533
0.000
0.011
0.017
0.023
0.036
0.150
0.375
0.442
0.696
0.925
1.373
1.553
0.000
0.008
0.014
0.020
0.033
0.148
0.359
0.433
0.684
0.912
1.338
1.446
0.000
0.008
0.014
0.020
0.033
0.190
0.407
0.474
0.732
0.952
1.396
1.510
0.000
0.008
0.014
0.021
0.034
0.150
0.378
0.446
0.705
0.920
1.359
1.470
0.000
0.008
0.014
0.020
0.033
0.153
0.384
0.456
0.707
0.929
1.360
1.477
0.000
0.008
0.014
0.020
0.031
0.171
0.397
0.470
0.720
0.931
1.374
1.813
2.246
2.351
0.000
0.007
0.014
0.020
0.033
0.150
0.360
0.429
0.688
0.920
1.366
1.480
0.000
0.008
0.014
0.020
0.032
0.158
0.392
0.471
0.719
0.979
1.428
1.537
0.000
0.008
0.013
0.019
0.032
0.150
0.376
0.449
0.714
0.915
1.431
2.434
3.199
4.034
0.000
0.021
0.027
0.033
0.046
0.204
0.554
0.661
1.072
1.415
2.047
2.207
0.000
0.011
0.017
0.023
0.036
0.194
0.473
0.550
0.886
1.167
1.709
2.225
2.725
3.108
0.000
0.007
0.014
0.020
0.050
0.171
0.487
0.566
0.843
1.051
1.503
1.927
2.033
0.000
0.007
0.014
0.020
0.033
0.153
0.372
0.443
0.700
0.927
1.363
1.474
0.000
0.008
0.014
0.021
0.034
0.148
0.375
0.453
0.718
0.957
1.402
1.512
0.000
0.008
0.014
0.020
0.033
0.145
0.367
0.440
0.695
0.942
1.391
1.851
2.433
0.000
0.007
0.014
0.020
0.032
0.145
0.376
0.450
0.695
0.891
1.315
1.741
0.000
0.007
0.014
0.020
0.032
0.148
0.374
0.450
0.676
0.860
1.275
1.633
2.014
0.000
0.007
0.014
0.023
0.036
0.157
0.378
0.448
0.658
0.885
1.189
1.580
1.926
2.339
2.705
3.039
3.364
3.700
4.062
4.454
4.786
5.215
5.500
0.000
0.007
0.013
0.023
0.036
0.152
0.358
0.433
0.684
0.911
1.354
1.802
2.147
0.000
0.007
0.013
0.020
0.032
0.138
0.369
0.438
0.696
0.914
1.349
1.784
0.000
0.007
0.014
0.020
0.033
0.147
0.365
0.465
0.710
0.948
1.378
1.609
0.000
0.007
0.014
0.020
0.032
0.138
0.358
0.429
0.683
0.894
1.322
1.748
2.047
0.000
0.008
0.014
0.020
0.032
0.149
0.364
0.430
0.696
0.913
1.378
1.807
2.243
2.698
2.909
0.000
0.008
0.014
0.020
0.033
0.147
0.376
0.445
0.702
0.929
1.362
1.780
2.213
0.000
0.007
0.014
0.020
0.033
0.147
0.354
0.422
0.678
0.939
1.378
1.565
0.000
0.007
0.013
0.020
0.032
0.147
0.373
0.444
0.702
0.930
1.368
1.691
0.000
0.007
0.013
0.019
0.032
0.161
0.389
0.461
0.709
0.937
1.370
1.612
0.000
0.007
0.014
0.020
0.032
0.150
0.366
0.443
0.702
0.915
1.346
1.777
2.073
0.000
0.007
0.014
0.020
0.033
0.141
0.353
0.427
0.680
0.895
1.339
1.766
2.187
2.587
0.000
0.007
0.013
0.020
0.039
0.147
0.408
0.481
0.723
0.928
1.378
1.776
2.220
0.000
0.007
0.014
0.020
0.033
0.154
0.372
0.443
0.703
0.927
1.367
1.805
2.241
2.349
0.000
0.007
0.013
0.020
0.031
0.153
0.420
0.493
0.756
0.979
1.396
1.718
0.000
0.007
0.014
0.020
0.032
0.151
0.372
0.448
0.698
0.936
1.382
1.761
2.161
2.565
3.013
3.065
0.000
0.007
0.014
0.020
0.032
0.139
0.402
0.473
0.731
0.959
1.382
1.804
2.221
2.722
3.215
3.671
0.000
0.007
0.013
0.018
0.029
0.134
0.334
0.380
0.505
0.583
0.794
0.971
1.211
1.500
1.763
2.035
2.325
2.621
2.921
3.231
3.536
3.799
4.081
4.378
4.686
4.999
5.115
0.000
0.006
0.011
0.016
0.026
0.114
0.291
0.328
1.173
1.243
1.453
1.671
1.888
2.122
2.341
2.532
2.774
2.977
3.252
3.531
3.821
4.099
4.344
4.616
4.863
5.158
5.440
5.710
5.966
6.212
6.494
6.795
7.063
7.314
7.562
7.814
8.098
8.395
8.674
8.930
9.174
9.423
9.707
9.744
0.000
0.010
0.015
0.020
0.028
0.098
0.238
0.267
0.456
0.556
0.812
1.039
1.255
1.512
2.433
2.682
2.934
3.897
4.146
4.406
4.657
4.906
5.136
5.341
5.574
5.857
6.072
6.309
6.367
0.000
0.006
0.010
0.014
0.020
0.735
0.850
0.873
1.014
1.132
1.355
1.576
0.000
0.007
0.012
0.018
0.028
0.229
0.460
0.529
0.670
0.784
1.163
1.574
1.675
0.000
0.009
0.016
0.024
0.039
0.149
0.343
0.402
0.730
0.835
1.073
1.374
1.764
2.099
2.446
2.833
0.000
0.007
0.012
0.018
0.029
0.131
0.345
0.399
0.661
0.803
1.206
1.682
2.079
2.468
2.783
0.000
0.007
0.012
0.018
0.027
0.134
0.335
0.398
0.624
0.825
1.221
1.665
2.140
2.493
2.852
3.265
3.679
4.043
4.471
4.829
5.205
5.610
5.997
6.390
6.823
7.187
7.553
7.949
8.358
8.724
9.146
9.507
9.867
10.274
10.662
11.028
11.476
11.886
12.252
12.664
13.073
13.432
13.848
14.210
14.591
14.996
15.402
15.756
16.186
16.580
16.956
17.390
17.804
18.155
18.580
18.943
19.295
19.717
20.099
20.452
20.884
21.248
21.598
22.010
22.393
22.748
23.171
23.532
0.000
0.007
0.014
0.019
0.030
0.134
0.345
0.397
0.642
0.850
1.160
1.543
1.946
2.312
2.673
3.101
3.499
3.852
4.271
4.630
4.977
5.399
5.805
6.158
6.591
6.968
7.331
7.757
8.139
8.500
8.918
9.276
9.642
10.064
10.444
10.796
0.000
0.007
0.012
0.018
0.027
0.130
0.333
0.390
0.599
0.774
1.190
1.557
1.991
2.353
2.721
3.137
3.544
3.919
4.354
4.704
5.105
5.530
5.941
6.304
0.000
0.007
0.012
0.017
0.028
0.135
0.342
0.394
0.649
0.823
1.139
1.473
1.794
2.147
2.527
2.895
3.209
3.550
3.858
4.206
4.577
4.886
5.257
5.662
6.039
6.465
6.858
7.328
7.697
0.000
0.007
0.012
0.017
0.028
0.126
0.337
0.393
0.577
0.687
1.020
1.275
1.639
1.962
2.334
2.715
3.100
3.445
3.800
4.136
4.524
4.910
5.265
5.622
5.985
6.316
6.703
7.086
7.449
7.820
8.203
8.539
8.927
0.000
0.007
0.012
0.017
0.027
0.131
0.334
0.387
0.573
0.671
0.931
1.265
1.597
1.983
2.333
2.768
3.110
3.432
3.783
3.968
0.000
0.006
0.011
0.016
0.026
0.110
0.291
0.334
0.697
0.915
1.233
1.571
1.895
2.241
2.615
2.996
3.309
3.653
3.975
4.322
4.686
5.056
5.375
5.709
6.018
6.332
6.707
7.113
7.430
0.000
0.006
0.011
0.016
0.024
0.111
0.289
0.333
0.514
0.639
0.932
1.235
1.537
1.844
2.207
2.576
2.875
3.239
3.545
3.810
0.000
0.007
0.013
0.018
0.029
0.185
0.436
0.508
0.722
0.912
1.311
1.656
1.854
0.000
0.007
0.013
0.019
0.031
0.128
0.320
0.373
0.539
0.628
0.842
1.113
1.443
1.773
2.085
2.364
2.634
2.933
3.247
3.574
3.884
0.000
0.006
0.011
0.016
0.026
0.115
0.291
0.332
0.578
0.733
1.110
1.504
1.846
2.170
2.500
2.794
3.043
3.328
3.603
3.898
4.265
4.670
5.089
5.449
5.645
0.000
0.006
0.011
0.016
0.025
0.110
0.278
0.319
0.570
0.708
1.089
1.433
1.778
2.123
2.470
2.859
0.000
0.006
0.011
0.016
0.025
0.110
0.287
0.328
0.592
0.767
1.146
1.532
1.923
2.317
2.724
0.000
0.007
0.013
0.019
0.030
0.134
0.325
0.389
0.644
0.774
1.133
1.244
0.000
0.007
0.012
0.017
0.028
0.191
0.387
0.433
0.604
0.701
0.924
1.114
1.347
1.642
1.962
2.223
2.536
2.812
3.120
3.405
3.698
4.002
4.289
4.571
0.000
0.006
0.011
0.017
0.025
0.110
0.280
0.321
0.560
0.665
0.973
1.355
1.689
1.997
2.309
2.680
2.987
3.339
3.672
4.014
4.328
4.691
5.021
5.380
5.695
6.036
6.349
6.713
7.023
7.374
7.536
0.000
0.008
0.013
0.018
0.028
0.118
0.295
0.334
0.567
0.754
1.124
1.493
0.000
0.007
0.012
0.018
0.028
0.184
0.402
0.474
0.620
0.794
1.153
1.330
0.000
0.017
0.023
0.029
0.045
0.162
0.396
0.475
0.722
0.947
1.383
1.817
2.270
2.717
0.000
0.010
0.018
0.026
0.042
0.169
0.385
0.458
0.710
0.940
1.366
1.481
0.000
0.009
0.017
0.024
0.040
0.162
0.388
0.463
0.713
0.935
1.370
1.500
0.000
0.008
0.014
0.021
0.033
0.153
0.370
0.441
0.689
0.909
1.338
1.450
0.000
0.009
0.016
0.023
0.037
0.156
0.380
0.446
0.698
0.917
1.368
1.481
0.000
0.010
0.018
0.025
0.045
0.160
0.369
0.441
0.688
0.896
1.318
1.419
0.000
0.010
0.017
0.024
0.045
0.165
0.386
0.452
0.702
0.964
1.378
1.489
0.000
0.009
0.016
0.021
0.034
0.142
0.369
0.441
0.716
0.955
1.389
1.503
0.000
0.011
0.018
0.025
0.038
0.161
0.380
0.451
0.687
0.909
1.337
1.454
0.000
0.024
0.033
0.042
0.060
0.179
0.412
0.483
0.738
0.953
1.372
1.703
0.000
0.010
0.018
0.026
0.042
0.170
0.398
0.469
0.718
0.935
1.369
1.814
0.000
0.011
0.020
0.029
0.048
0.164
0.392
0.457
0.696
0.906
1.339
1.764
2.172
0.000
0.013
0.020
0.026
0.038
0.179
0.392
0.460
0.709
0.990
1.421
1.532
0.000
0.009
0.015
0.022
0.036
0.145
0.357
0.427
0.671
0.892
1.311
1.735
2.023
0.000
0.051
0.057
0.063
0.074
0.192
0.419
0.487
0.766
0.983
1.401
1.715
0.000
0.012
0.019
0.025
0.049
0.160
0.381
0.454
0.649
0.866
1.248
1.622
2.071
2.457
2.707
0.000
0.011
0.020
0.029
0.048
0.171
0.381
0.464
0.839
1.038
1.460
1.826
2.192
2.588
0.000
0.010
0.017
0.023
0.035
0.149
0.377
0.453
0.688
0.817
1.271
1.711
2.133
2.614
3.081
3.572
3.784
0.000
0.010
0.017
0.023
0.035
0.151
0.374
0.446
0.691
0.909
1.322
1.768
2.196
0.000
0.009
0.016
0.024
0.039
0.155
0.375
0.442
0.804
1.024
1.447
1.867
2.286
2.725
3.215
3.698
3.768
0.000
0.008
0.015
0.021
0.033
0.145
0.362
0.433
0.675
0.899
1.341
1.805
2.101
0.000
0.013
0.021
0.029
0.044
0.153
0.373
0.443
0.691
0.822
1.285
1.708
2.107
2.544
2.639
0.000
0.010
0.019
0.027
0.044
0.173
0.387
0.455
0.701
0.950
1.381
1.744
0.000
0.011
0.019
0.028
0.046
0.159
0.381
0.451
0.654
0.866
1.261
1.642
2.064
2.421
0.000
0.012
0.019
0.026
0.037
0.156
0.374
0.446
0.698
0.822
1.252
1.703
2.108
2.509
2.967
3.171
0.000
0.012
0.020
0.026
0.038
0.155
0.361
0.432
0.675
0.860
1.244
1.671
1.746
0.000
0.008
0.015
0.021
0.034
0.184
0.402
0.478
0.728
0.953
1.394
1.833
2.280
2.683
0.000
0.010
0.017
0.022
0.034
0.202
0.428
0.500
0.762
1.013
1.451
1.896
2.363
2.810
3.327
3.799
4.220
4.666
5.113
5.565
5.659
0.000
0.013
0.025
0.031
0.043
0.155
0.372
0.442
0.692
0.810
1.249
1.668
2.069
2.493
2.896
3.355
3.533
0.000
0.019
0.027
0.034
0.049
0.182
0.414
0.482
0.740
0.909
1.338
1.793
2.222
2.712
3.147
3.316
0.000
0.010
0.021
0.027
0.039
0.153
0.380
0.449
0.705
0.932
1.362
1.806
2.234
2.567
0.000
0.009
0.015
0.021
0.033
0.163
0.504
0.579
0.799
0.941
1.271
1.590
1.924
2.347
2.830
3.511
3.960
4.384
4.830
5.318
5.795
6.263
6.676
7.089
7.538
7.942
8.414
8.891
9.320
9.724
10.165
10.608
11.069
11.526
11.945
12.348
12.798
13.224
13.699
14.130
14.509
14.882
15.212
15.622
16.054
16.474
16.841
17.266
17.657
18.017
18.430
18.853
0.000
0.007
0.013
0.018
0.028
0.139
0.361
0.432
0.679
0.862
1.302
1.731
2.133
2.571
3.014
3.424
3.815
4.247
4.620
5.003
5.415
5.847
6.266
6.618
6.984
7.394
7.762
8.141
8.536
8.712
0.000
0.009
0.015
0.021
0.031
0.136
0.349
0.425
0.680
0.813
1.218
1.546
1.912
2.311
2.709
3.087
3.495
3.665
0.000
0.008
0.015
0.021
0.033
0.143
0.360
0.430
0.676
0.903
1.318
1.746
2.168
2.623
3.139
3.603
3.944
0.000
0.009
0.016
0.024
0.039
0.151
0.372
0.439
0.594
0.727
1.060
1.487
1.907
2.285
2.691
3.120
3.483
3.907
4.325
4.682
5.091
5.520
5.901
6.306
6.741
7.104
7.506
7.910
8.279
8.753
9.185
9.561
9.941
10.381
10.749
11.152
11.563
11.914
12.307
12.743
13.006
0.000
0.012
0.019
0.025
0.037
0.144
0.379
0.450
0.690
0.882
1.312
1.708
2.100
2.506
2.943
3.371
3.798
4.242
0.000
0.009
0.016
0.023
0.048
0.164
0.384
0.456
0.726
0.857
1.239
1.674
2.054
2.442
2.862
3.299
3.712
4.169
4.440
0.000
0.011
0.018
0.024
0.035
0.151
0.380
0.452
0.699
0.950
1.396
1.833
2.263
2.728
3.050
0.000
0.008
0.013
0.019
0.032
0.150
0.379
0.449
0.615
0.791
1.146
1.509
1.962
2.479
2.866
3.298
3.715
4.104
4.544
4.980
5.100
0.000
0.009
0.015
0.021
0.033
0.147
0.377
0.452
0.659
0.893
1.280
1.668
2.117
2.483
0.000
0.008
0.013
0.019
0.031
0.142
0.366
0.440
0.663
0.884
1.307
1.672
2.052
2.473
2.895
3.315
0.000
0.007
0.013
0.018
0.030
0.144
0.403
0.478
0.741
0.952
1.377
1.799
2.225
2.686
3.180
3.640
4.063
4.504
4.936
5.408
5.898
6.399
6.825
7.247
7.679
7.904
0.000
0.010
0.017
0.024
0.037
0.147
0.375
0.445
0.586
0.764
1.143
1.502
1.874
2.282
2.721
3.130
3.475
3.853
4.254
4.600
5.002
5.397
5.744
5.858
0.000
0.011
0.020
0.029
0.048
0.169
0.381
0.454
0.673
0.889
1.250
1.608
2.003
2.398
2.821
3.240
0.000
0.011
0.019
0.027
0.043
0.159
0.388
0.460
0.719
0.907
1.339
1.712
2.117
2.510
2.944
3.198
0.000
0.010
0.016
0.022
0.034
0.147
0.379
0.446
0.699
0.893
1.309
1.734
2.139
2.576
3.050
3.546
3.949
4.379
4.808
5.228
5.697
6.039
0.000
0.007
0.014
0.019
0.031
0.151
0.386
0.460
0.717
0.858
1.278
1.705
2.168
2.569
2.921
3.314
3.683
4.066
4.466
4.894
5.299
5.752
6.215
6.287
0.000
0.007
0.013
0.019
0.030
0.152
0.429
0.499
0.731
0.886
1.294
1.690
2.065
2.269
0.000
0.010
0.017
0.022
0.039
0.156
0.393
0.470
0.704
0.852
1.278
1.771
2.180
2.636
3.046
3.496
0.000
0.011
0.017
0.023
0.035
0.144
0.367
0.438
0.685
0.839
1.247
1.638
2.012
2.377
2.768
3.166
3.567
3.967
4.304
4.666
5.046
5.445
5.848
6.213
6.550
6.911
7.316
7.460
0.000
0.007
0.013
0.018
0.030
0.140
0.361
0.431
0.699
0.902
1.277
1.702
2.082
2.476
2.738
0.000
0.009
0.015
0.021
0.033
0.145
0.372
0.445
0.650
0.836
1.195
1.561
1.935
2.293
2.691
3.081
0.000
0.011
0.017
0.023
0.035
0.147
0.374
0.442
0.702
0.838
1.203
1.597
1.941
2.286
2.688
3.077
3.437
3.818
4.163
4.360
0.000
0.009
0.016
0.022
0.037
0.155
0.378
0.454
0.648
0.790
1.196
1.630
2.051
2.428
2.799
3.223
3.620
4.066
4.522
4.904
5.274
5.717
6.129
6.554
6.977
7.343
7.723
8.154
8.550
8.989
9.411
9.798
10.185
10.618
11.015
11.441
11.871
12.269
12.654
13.088
13.488
13.920
14.360
14.738
15.115
15.544
15.938
16.374
16.803
17.184
17.553
17.989
18.379
18.820
19.244
19.655
20.037
20.468
20.862
21.289
21.747
22.136
22.508
22.943
23.338
23.780
24.213
24.594
0.000
0.008
0.015
0.021
0.032
0.141
0.372
0.445
0.692
0.822
1.145
1.459
1.797
2.132
2.468
2.841
3.231
3.558
3.907
0.000
0.007
0.013
0.018
0.029
0.172
0.401
0.478
0.636
0.758
1.097
1.435
1.824
0.000
0.007
0.013
0.018
0.029
0.250
0.484
0.556
0.731
0.838
1.193
1.561
0.000
0.009
0.019
0.024
0.037
0.142
0.451
0.532
0.722
0.830
1.249
1.666
2.019
0.000
0.011
0.020
0.028
0.046
0.171
0.404
0.474
0.767
0.972
1.395
1.870
2.287
2.635
0.000
0.010
0.018
0.026
0.042
0.176
0.432
0.551
0.836
1.087
1.550
2.021
2.143
0.000
0.013
0.019
0.026
0.039
0.164
0.464
0.532
0.840
1.087
1.543
2.000
2.417
2.921
0.000
0.017
0.026
0.035
0.054
0.178
0.407
0.476
0.758
1.015
1.474
1.664
0.000
0.017
0.030
0.043
0.070
0.206
0.467
0.541
0.835
1.079
1.600
1.865
0.000
0.013
0.021
0.028
0.040
0.154
0.404
0.470
0.706
0.872
1.319
1.675
2.075
2.543
2.967
3.342
3.477
0.000
0.012
0.021
0.031
0.050
0.175
0.468
0.534
0.809
1.016
1.451
1.927
2.349
2.801
3.290
3.746
4.185
4.652
5.058
5.510
6.004
6.469
6.911
7.367
7.767
8.214
8.683
8.751
0.000
0.009
0.016
0.023
0.037
0.170
0.413
0.482
0.741
0.942
1.432
1.848
2.271
2.688
3.215
3.497
0.000
0.013
0.020
0.027
0.040
0.159
0.418
0.485
0.773
0.955
1.415
1.883
2.348
2.790
3.116
0.000
0.011
0.018
0.024
0.037
0.164
0.409
0.474
0.724
0.948
1.372
1.846
2.327
2.838
3.342
3.871
4.320
4.819
5.259
5.381
0.000
0.010
0.019
0.027
0.044
0.184
0.426
0.491
0.751
0.962
1.410
1.864
2.332
2.805
3.321
3.817
0.000
0.014
0.024
0.035
0.061
0.207
0.453
0.520
0.805
1.068
1.557
2.062
2.533
3.037
3.591
4.168
4.639
5.124
5.616
6.139
6.667
7.268
7.784
8.285
8.494
0.000
0.010
0.018
0.026
0.043
0.178
0.428
0.495
0.789
1.037
1.513
1.983
2.480
3.303
3.836
3.904
0.000
0.007
0.013
0.018
0.029
0.290
0.640
0.782
1.046
1.294
1.830
2.300
0.000
0.008
0.014
0.020
0.036
0.167
0.441
0.521
0.772
0.982
1.426
1.863
2.365
2.880
3.038
0.000
0.010
0.017
0.025
0.041
0.182
0.449
0.526
0.833
1.099
1.692
1.840
0.000
0.009
0.016
0.023
0.038
0.177
0.437
0.519
0.836
1.109
1.635
2.159
0.000
0.015
0.026
0.038
0.062
0.207
0.492
0.571
0.881
1.146
1.682
2.259
2.775
3.328
3.569
0.000
0.009
0.016
0.023
0.038
0.180
0.442
0.522
0.842
1.121
1.655
1.796
0.000
0.015
0.024
0.031
0.044
0.182
0.459
0.537
0.855
1.128
1.653
2.181
2.709
3.266
3.853
3.935
0.000
0.012
0.022
0.031
0.057
0.202
0.460
0.540
0.856
1.119
1.660
1.796
0.000
0.010
0.018
0.026
0.043
0.244
0.618
0.697
1.007
1.286
1.811
1.952
0.000
0.008
0.015
0.021
0.034
0.175
0.448
0.526
0.850
1.127
1.690
1.816
0.000
0.019
0.035
0.050
0.087
0.225
0.495
0.571
0.882
1.154
1.677
1.806
0.000
0.015
0.025
0.035
0.056
0.209
0.486
0.563
0.873
1.134
1.654
1.793
0.000
0.008
0.015
0.021
0.035
0.162
0.433
0.512
0.824
1.092
1.601
1.811
0.000
0.011
0.020
0.027
0.043
0.174
0.430
0.505
0.819
1.073
1.598
1.740
0.000
0.009
0.017
0.025
0.040
0.199
0.474
0.550
0.863
1.138
1.658
1.952
0.000
0.007
0.013
0.018
0.029
0.203
0.529
0.615
0.815
1.071
1.448
1.561
0.000
0.008
0.014
0.024
0.036
0.162
0.477
0.577
0.853
1.042
1.515
1.763
0.000
0.010
0.018
0.025
0.041
0.176
0.447
0.524
0.830
1.124
1.642
1.858
0.000
0.015
0.024
0.031
0.045
0.175
0.449
0.530
0.854
1.118
1.659
1.798
0.000
0.011
0.019
0.033
0.051
0.192
0.458
0.534
0.837
1.114
1.636
1.837
0.000
0.008
0.016
0.022
0.037
0.157
0.416
0.493
0.804
1.109
1.634
1.767
0.000
0.011
0.019
0.028
0.045
0.188
0.459
0.535
0.846
1.112
1.619
1.750
0.000
0.009
0.015
0.022
0.036
0.172
0.446
0.524
0.858
1.112
1.641
1.816
0.000
0.012
0.021
0.031
0.052
0.180
0.439
0.517
0.836
1.110
1.649
1.793
0.000
0.011
0.019
0.027
0.045
0.203
0.554
0.629
0.939
1.194
1.711
2.242
0.000
0.014
0.022
0.029
0.042
0.184
0.462
0.539
0.875
1.135
1.670
1.812
0.000
0.010
0.017
0.025
0.041
0.172
0.432
0.509
0.812
1.088
1.621
1.769
0.000
0.013
0.021
0.028
0.041
0.168
0.435
0.511
0.825
1.101
1.617
2.000
0.000
0.022
0.039
0.057
0.089
0.223
0.480
0.558
0.870
1.135
1.659
1.803
0.000
0.011
0.020
0.028
0.046
0.182
0.453
0.532
0.839
1.137
1.676
2.193
2.326
0.000
0.007
0.013
0.019
0.029
0.274
0.631
0.736
0.961
1.090
1.549
1.769
0.000
0.008
0.014
0.021
0.034
0.255
0.546
0.637
0.872
1.014
1.405
1.787
2.213
2.628
3.030
3.424
3.825
0.000
0.010
0.017
0.024
0.038
0.176
0.457
0.536
0.896
1.177
1.707
2.093
0.000
0.011
0.019
0.028
0.046
0.186
0.465
0.545
0.857
1.120
1.632
1.773
0.000
0.007
0.013
0.018
0.030
0.251
0.519
0.606
0.805
1.028
1.482
1.873
2.332
0.000
0.008
0.014
0.020
0.034
0.170
0.435
0.509
0.768
0.935
1.338
1.741
2.172
2.280
0.000
0.014
0.023
0.030
0.045
0.177
0.425
0.492
0.773
1.012
1.501
1.628
0.000
0.011
0.030
0.039
0.057
0.247
0.604
0.704
1.038
1.261
1.828
2.284
2.790
3.276
0.000
0.036
0.045
0.055
0.074
0.216
0.502
0.579
0.896
1.170
1.720
2.254
2.786
3.339
3.946
4.274
0.000
0.012
0.020
0.028
0.045
0.184
0.462
0.544
0.871
1.139
1.680
1.807
0.000
0.012
0.022
0.032
0.053
0.212
0.486
0.570
0.887
1.098
1.643
1.990
0.000
0.010
0.018
0.025
0.041
0.193
0.458
0.539
0.846
1.117
1.664
2.071
0.000
0.014
0.023
0.030
0.044
0.228
0.480
0.557
0.866
1.141
1.667
1.881
0.000
0.011
0.019
0.028
0.045
0.188
0.463
0.545
0.872
1.157
1.693
1.835
0.000
0.016
0.028
0.039
0.062
0.221
0.503
0.581
0.918
1.203
1.734
2.267
2.791
3.365
3.467
0.000
0.008
0.015
0.021
0.034
0.176
0.453
0.535
0.904
1.192
1.740
2.248
2.782
3.324
3.858
4.387
4.887
5.415
5.953
6.529
7.158
7.776
8.318
8.852
9.379
9.950
10.548
11.135
11.648
12.218
12.749
13.321
13.901
14.521
15.036
15.561
16.095
16.668
17.286
0.000
0.008
0.015
0.022
0.036
0.182
0.462
0.541
0.841
1.095
1.632
2.144
2.648
0.000
0.009
0.016
0.023
0.038
0.173
0.455
0.538
0.853
1.127
1.664
2.195
2.727
3.005
0.000
0.011
0.019
0.028
0.049
0.191
0.472
0.556
0.891
1.153
1.704
1.852
0.000
0.008
0.013
0.018
0.029
0.173
0.492
0.581
0.799
1.003
1.493
1.934
2.399
2.873
3.321
3.806
3.879
0.000
0.008
0.014
0.021
0.033
0.162
0.428
0.503
0.760
0.951
1.369
1.845
2.214
2.734
3.148
3.590
0.000
0.015
0.026
0.037
0.061
0.211
0.495
0.574
0.909
1.188
1.727
1.873
0.000
0.010
0.019
0.027
0.044
0.192
0.485
0.568
0.899
1.174
1.733
2.255
2.795
3.397
3.777
0.000
0.008
0.015
0.021
0.035
0.172
0.453
0.537
0.878
1.169
1.707
2.280
2.777
0.000
0.013
0.021
0.027
0.041
0.188
0.482
0.558
0.876
1.176
1.740
1.878
0.000
0.013
0.022
0.032
0.053
0.204
0.474
0.551
0.873
1.156
1.727
1.883
0.000
0.010
0.017
0.024
0.040
0.185
0.456
0.538
0.841
1.124
1.627
2.147
2.717
3.255
3.612
0.000
0.008
0.014
0.021
0.034
0.175
0.492
0.573
0.914
1.190
1.726
1.870
0.000
0.009
0.016
0.023
0.038
0.180
0.454
0.533
0.857
1.129
1.677
1.826
0.000
0.011
0.019
0.028
0.045
0.181
0.452
0.534
0.853
1.165
1.695
2.226
2.581
0.000
0.009
0.016
0.023
0.038
0.177
0.460
0.541
0.867
1.119
1.635
2.089
2.564
3.134
3.679
4.221
4.714
5.229
0.000
0.012
0.022
0.032
0.052
0.199
0.479
0.559
0.866
1.134
1.630
2.168
2.754
3.236
0.000
0.010
0.019
0.028
0.045
0.206
0.498
0.582
0.901
1.164
1.707
1.845
0.000
0.009
0.017
0.024
0.040
0.183
0.466
0.543
0.862
1.148
1.730
1.946
0.000
0.014
0.025
0.036
0.059
0.208
0.489
0.572
0.879
1.157
1.704
1.915
0.000
0.014
0.021
0.028
0.041
0.183
0.467
0.546
0.853
1.134
1.643
2.191
2.729
3.313
3.918
4.533
5.078
5.391
0.000
0.011
0.018
0.025
0.039
0.176
0.455
0.538
0.904
1.146
1.641
2.117
2.584
3.073
3.588
3.916
0.000
0.009
0.015
0.022
0.036
0.176
0.450
0.535
0.869
1.153
1.719
2.262
2.821
2.962
0.000
0.010
0.017
0.024
0.038
0.186
0.448
0.531
0.857
1.126
1.668
2.068
0.000
0.013
0.021
0.030
0.047
0.188
0.463
0.546
0.868
1.144
1.689
2.241
2.527
0.000
0.020
0.035
0.051
0.081
0.221
0.506
0.587
0.911
1.156
1.680
2.198
2.742
3.358
3.951
4.520
5.038
5.535
6.062
6.604
7.158
7.762
8.272
8.777
9.309
9.871
10.407
10.976
11.483
12.007
0.000
0.011
0.020
0.028
0.046
0.190
0.475
0.550
0.869
1.113
1.646
2.180
2.694
3.120
0.000
0.010
0.019
0.028
0.045
0.189
0.477
0.560
0.867
1.143
1.691
1.856
0.000
0.009
0.015
0.022
0.035
0.172
0.468
0.552
0.877
1.168
1.720
2.280
2.435
0.000
0.009
0.016
0.023
0.038
0.188
0.473
0.557
0.885
1.152
1.698
1.920
0.000
0.009
0.016
0.023
0.038
0.180
0.461
0.538
0.858
1.112
1.603
2.141
2.614
3.139
3.688
4.245
4.733
5.258
5.775
6.316
6.805
0.000
0.008
0.014
0.021
0.034
0.177
0.470
0.552
0.829
1.082
1.547
2.005
2.174
0.000
0.011
0.019
0.028
0.049
0.192
0.472
0.549
0.892
1.171
1.708
2.240
2.791
3.387
3.975
4.301
0.000
0.013
0.020
0.026
0.041
0.179
0.463
0.548
0.871
1.135
1.694
1.832
0.000
0.009
0.016
0.023
0.039
0.191
0.475
0.559
0.893
1.140
1.617
2.108
2.612
3.187
3.751
4.326
4.816
5.343
5.680
0.000
0.012
0.021
0.034
0.054
0.192
0.447
0.523
0.826
1.104
1.670
2.176
2.674
3.262
3.844
4.421
4.936
5.493
6.001
6.580
7.160
7.646
8.139
8.668
9.195
9.417
0.000
0.021
0.037
0.054
0.081
0.226
0.515
0.592
0.908
1.187
1.745
1.928
0.000
0.011
0.019
0.027
0.045
0.206
0.486
0.570
0.838
1.126
1.613
2.104
2.622
3.160
3.627
0.000
0.008
0.015
0.022
0.035
0.176
0.471
0.563
0.906
1.175
1.707
1.922
0.000
0.012
0.021
0.030
0.054
0.198
0.476
0.559
0.888
1.164
1.745
2.286
0.000
0.010
0.017
0.025
0.041
0.180
0.490
0.568
0.847
1.085
1.554
1.976
2.437
0.000
0.018
0.030
0.040
0.061
0.195
0.479
0.563
0.886
1.163
1.716
2.023
0.000
0.011
0.019
0.028
0.046
0.231
0.503
0.583
0.897
1.168
1.701
2.226
2.590
0.000
0.011
0.018
0.025
0.038
0.186
0.479
0.557
0.891
1.174
1.697
1.825
0.000
0.008
0.015
0.021
0.035
0.179
0.482
0.561
0.897
1.166
1.710
2.262
2.809
3.412
4.009
4.608
5.189
5.718
6.244
6.825
7.450
8.070
8.614
9.139
9.679
10.295
10.881
11.495
12.034
12.430
0.000
0.009
0.015
0.022
0.035
0.163
0.443
0.520
0.843
1.057
1.596
2.099
0.000
0.011
0.019
0.027
0.045
0.185
0.481
0.557
0.895
1.164
1.685
2.200
2.751
3.346
3.945
4.544
5.112
5.645
6.001
0.000
0.011
0.018
0.025
0.039
0.172
0.449
0.534
0.890
1.172
1.738
2.289
2.661
0.000
0.009
0.016
0.022
0.040
0.195
0.474
0.558
0.823
1.101
1.651
2.213
2.586
0.000
0.011
0.019
0.025
0.039
0.170
0.446
0.527
0.831
1.092
1.620
1.752
0.000
0.011
0.030
0.038
0.056
0.197
0.501
0.587
0.912
1.148
1.674
2.179
2.664
3.222
3.751
4.329
4.855
5.404
5.900
6.046
0.000
0.011
0.021
0.030
0.049
0.192
0.476
0.561
0.850
1.137
1.628
2.127
2.615
3.182
3.738
4.309
4.523
0.000
0.009
0.017
0.024
0.039
0.178
0.475
0.560
0.886
1.161
1.710
1.852
0.000
0.009
0.016
0.024
0.039
0.191
0.469
0.552
0.868
1.110
1.601
2.155
2.257
0.000
0.008
0.014
0.021
0.034
0.181
0.455
0.537
0.807
1.046
1.484
1.970
2.402
2.793
0.000
0.012
0.019
0.026
0.039
0.178
0.448
0.528
0.898
1.203
1.782
2.321
2.847
2.985
0.000
0.011
0.018
0.024
0.038
0.176
0.464
0.545
0.857
1.135
1.676
2.214
2.596
0.000
0.011
0.018
0.025
0.038
0.175
0.457
0.534
0.845
1.124
1.653
1.793
0.000
0.011
0.018
0.025
0.038
0.185
0.483
0.560
0.878
1.161
1.705
2.280
2.817
3.409
4.002
4.612
4.778
0.000
0.010
0.018
0.025
0.046
0.185
0.468
0.546
0.876
1.156
1.679
2.219
0.000
0.012
0.019
0.025
0.039
0.187
0.465
0.543
0.852
1.131
1.678
2.228
2.753
3.331
3.580
0.000
0.007
0.012
0.018
0.028
0.204
0.489
0.577
0.762
0.866
1.280
1.733
1.824
0.000
0.008
0.014
0.020
0.033
0.170
0.427
0.494
0.689
0.866
1.217
1.612
1.971
0.000
0.015
0.023
0.030
0.043
0.171
0.406
0.481
0.768
1.022
1.512
1.635
0.000
0.010
0.017
0.025
0.041
0.173
0.422
0.488
0.767
1.018
1.503
1.632
0.000
0.011
0.020
0.029
0.047
0.190
0.441
0.515
0.807
1.058
1.523
1.654
0.000
0.012
0.021
0.031
0.053
0.190
0.436
0.503
0.779
1.032
1.546
1.669
0.000
0.008
0.014
0.020
0.033
0.162
0.412
0.481
0.781
1.031
1.514
1.633
0.000
0.012
0.020
0.026
0.040
0.180
0.423
0.495
0.779
1.027
1.513
1.992
0.000
0.009
0.016
0.023
0.038
0.169
0.414
0.483
0.757
0.994
1.478
1.953
2.201
0.000
0.014
0.022
0.030
0.048
0.184
0.438
0.507
0.788
1.025
1.509
1.626
0.000
0.018
0.026
0.034
0.051
0.189
0.427
0.497
0.795
1.060
1.530
2.001
2.129
0.000
0.011
0.018
0.024
0.038
0.162
0.406
0.514
0.810
1.047
1.506
1.624
0.000
0.013
0.020
0.026
0.039
0.166
0.418
0.489
0.766
1.014
1.509
1.636
0.000
0.010
0.017
0.027
0.040
0.170
0.420
0.490
0.785
1.044
1.552
1.813
0.000
0.008
0.015
0.021
0.034
0.160
0.413
0.485
0.769
1.024
1.508
1.639
0.000
0.014
0.022
0.030
0.045
0.162
0.384
0.451
0.730
0.981
1.452
1.571
0.000
0.012
0.022
0.032
0.053
0.179
0.442
0.514
0.809
1.066
1.532
1.656
0.000
0.009
0.017
0.028
0.043
0.181
0.427
0.498
0.781
1.026
1.493
1.750
0.000
0.012
0.028
0.038
0.058
0.196
0.440
0.512
0.809
1.057
1.520
2.042
2.364
0.000
0.012
0.019
0.026
0.038
0.176
0.434
0.506
0.792
1.027
1.617
2.143
2.644
2.918
0.000
0.009
0.017
0.025
0.041
0.188
0.464
0.543
0.861
1.137
1.674
2.214
2.738
0.000
0.011
0.020
0.028
0.047
0.195
0.475
0.555
0.891
1.158
1.691
1.817
0.000
0.013
0.021
0.029
0.044
0.191
0.456
0.534
0.833
1.091
1.614
1.745
0.000
0.009
0.018
0.025
0.039
0.183
0.469
0.548
0.865
1.130
1.645
2.162
2.438
0.000
0.013
0.021
0.028
0.041
0.179
0.465
0.547
0.861
1.144
1.668
2.214
2.356
0.000
0.011
0.019
0.026
0.043
0.192
0.473
0.550
0.858
1.127
1.651
1.865
0.000
0.013
0.023
0.033
0.055
0.195
0.470
0.550
0.870
1.129
1.643
1.791
0.000
0.009
0.015
0.022
0.035
0.176
0.445
0.521
0.828
1.100
1.630
2.024
0.000
0.009
0.017
0.024
0.040
0.178
0.458
0.534
0.857
1.118
1.647
1.863
0.000
0.009
0.016
0.022
0.037
0.179
0.446
0.521
0.829
1.103
1.617
2.006
0.000
0.013
0.021
0.030
0.048
0.185
0.631
0.740
1.075
1.283
1.801
2.276
2.851
3.402
3.968
4.549
5.068
5.586
6.157
6.534
0.000
0.011
0.020
0.028
0.047
0.204
0.494
0.585
0.895
1.098
1.575
1.974
2.456
2.946
3.059
0.000
0.010
0.018
0.030
0.047
0.224
0.512
0.603
0.956
1.159
1.718
1.897
0.000
0.018
0.026
0.034
0.051
0.198
0.487
0.578
0.871
0.992
1.385
1.820
2.219
2.637
3.119
3.569
4.020
4.471
4.883
5.301
5.773
6.216
6.680
7.135
7.584
8.003
8.371
0.000
0.009
0.016
0.022
0.037
0.175
0.463
0.551
0.886
1.143
1.685
2.250
2.793
3.354
3.939
4.134
0.000
0.009
0.016
0.023
0.038
0.184
0.464
0.555
0.893
1.197
1.789
2.374
2.946
3.563
4.112
0.000
0.013
0.024
0.034
0.068
0.231
0.501
0.594
0.963
1.230
1.785
2.353
2.899
3.509
4.102
4.573
5.053
5.418
5.966
6.410
6.869
7.419
7.912
8.388
8.894
9.435
9.958
10.511
10.867
0.000
0.013
0.020
0.027
0.042
0.190
0.474
0.563
0.891
1.076
1.491
1.939
2.333
2.784
3.249
3.699
4.149
4.574
4.676
0.000
0.014
0.025
0.035
0.058
0.222
0.529
0.619
0.892
1.068
1.550
2.046
2.545
3.168
3.681
0.000
0.021
0.037
0.053
0.086
0.310
0.624
0.719
1.079
1.424
1.992
2.540
3.092
3.715
3.958
0.000
0.011
0.021
0.030
0.049
0.220
0.511
0.608
0.966
1.278
1.876
2.324
0.000
0.009
0.025
0.032
0.047
0.205
0.499
0.591
0.945
1.251
1.806
2.319
2.776
3.046
0.000
0.010
0.017
0.025
0.041
0.190
0.493
0.586
1.386
1.794
2.373
2.952
3.098
0.000
0.017
0.025
0.033
0.049
0.237
0.530
0.623
0.939
1.148
1.630
2.113
2.629
2.883
0.000
0.009
0.022
0.029
0.047
0.281
0.707
0.797
1.159
1.420
2.008
2.541
3.054
3.628
4.214
4.316
0.000
0.010
0.018
0.026
0.042
0.194
0.487
0.584
0.915
1.162
1.812
2.347
2.835
3.387
3.923
4.491
5.056
5.553
6.033
6.580
7.120
0.000
0.014
0.026
0.038
0.058
0.205
0.479
0.569
0.842
1.001
1.511
1.991
2.423
0.000
0.012
0.020
0.027
0.044
0.184
0.469
0.559
0.881
1.096
1.529
2.013
2.488
2.846
0.000
0.020
0.033
0.045
0.068
0.230
0.540
0.633
0.978
1.276
1.847
2.181
0.000
0.009
0.017
0.025
0.041
0.179
0.471
0.600
0.938
1.066
1.475
1.961
2.461
3.047
3.530
4.021
4.533
5.094
5.562
6.036
6.519
7.002
7.549
8.056
8.233
0.000
0.012
0.019
0.026
0.041
0.193
0.483
0.576
0.870
1.085
1.497
1.888
2.329
2.821
3.224
3.663
4.017
4.524
4.940
5.312
0.000
0.017
0.024
0.031
0.046
0.192
0.501
0.592
0.887
1.185
1.730
2.227
2.705
3.225
3.720
4.220
4.659
4.986
0.000
0.009
0.016
0.023
0.038
0.187
0.490
0.580
0.929
1.191
1.776
2.330
2.911
3.495
4.091
4.710
5.291
5.416
0.000
0.009
0.016
0.023
0.038
0.186
0.468
0.558
0.914
1.214
1.837
2.370
2.904
3.378
3.860
4.240
4.660
5.181
5.611
5.971
0.000
0.011
0.018
0.025
0.040
0.189
0.491
0.583
0.905
1.160
1.737
2.238
2.792
3.332
0.000
0.011
0.018
0.025
0.039
0.186
0.503
0.592
0.936
1.173
1.667
2.171
2.716
3.261
3.459
0.000
0.011
0.019
0.027
0.044
0.196
0.486
0.577
0.917
1.148
1.712
2.033
0.000
0.007
0.012
0.018
0.028
0.129
0.320
0.380
0.677
0.916
1.407
1.834
1.995
0.000
0.007
0.013
0.018
0.030
0.150
0.466
0.545
0.821
0.939
1.406
1.883
2.359
2.852
3.200
0.000
0.011
0.020
0.028
0.044
0.192
0.548
0.639
0.937
1.185
1.719
2.284
2.767
3.305
3.864
4.434
4.916
5.415
5.657
0.000
0.008
0.015
0.021
0.047
0.398
0.707
0.791
1.111
1.379
1.918
2.320
0.000
0.008
0.014
0.021
0.034
0.172
0.448
0.532
0.855
1.143
1.685
2.293
2.697
0.000
0.008
0.014
0.021
0.034
0.163
0.421
0.499
0.829
1.111
1.661
2.225
2.564
0.000
0.012
0.021
0.030
0.049
0.201
0.459
0.537
0.853
1.144
1.674
2.064
0.000
0.015
0.023
0.030
0.043
0.185
0.450
0.529
0.850
1.107
1.619
2.141
2.626
2.861
0.000
0.013
0.020
0.027
0.040
0.166
0.441
0.517
0.838
1.101
1.647
2.176
2.727
3.291
3.904
4.485
5.033
5.573
6.131
6.683
7.264
7.754
8.243
8.672
8.956
0.000
0.010
0.017
0.025
0.041
0.178
0.445
0.526
0.841
1.122
1.675
2.220
2.758
3.307
0.000
0.010
0.019
0.027
0.045
0.192
0.452
0.535
0.840
1.090
1.599
2.139
2.639
3.153
0.000
0.009
0.016
0.023
0.038
0.185
0.459
0.534
0.857
1.139
1.696
2.240
2.379
0.000
0.012
0.021
0.030
0.050
0.183
0.455
0.531
0.844
1.091
1.626
2.158
2.683
0.000
0.008
0.015
0.021
0.035
0.173
0.453
0.540
0.866
1.095
1.577
2.080
2.355
0.000
0.010
0.018
0.026
0.042
0.192
0.459
0.538
0.812
1.055
1.564
2.064
2.558
3.064
3.620
3.702
0.000
0.007
0.013
0.018
0.029
0.207
0.494
0.574
0.764
0.971
1.300
1.677
2.126
2.195
0.000
0.008
0.015
0.021
0.034
0.167
0.427
0.500
0.815
0.975
1.418
1.602
0.000
0.008
0.014
0.020
0.034
0.163
0.408
0.478
0.766
1.006
1.475
1.604
0.000
0.008
0.014
0.021
0.034
0.162
0.416
0.485
0.788
1.040
1.540
1.663
0.000
0.008
0.014
0.021
0.034
0.168
0.433
0.499
0.783
1.027
1.527
1.723
0.000
0.008
0.015
0.021
0.035
0.171
0.440
0.514
0.807
1.070
1.577
1.709
0.000
0.008
0.014
0.020
0.034
0.148
0.412
0.485
0.782
1.032
1.507
1.630
0.000
0.008
0.015
0.021
0.034
0.172
0.422
0.495
0.795
1.040
1.514
1.640
0.000
0.008
0.015
0.021
0.035
0.171
0.414
0.488
0.769
1.019
1.537
1.727
0.000
0.008
0.015
0.021
0.034
0.162
0.424
0.498
0.778
1.050
1.550
1.689
0.000
0.008
0.014
0.020
0.034
0.162
0.420
0.488
0.792
1.049
1.523
1.651
0.000
0.008
0.018
0.025
0.038
0.166
0.429
0.502
0.796
1.062
1.533
1.907
0.000
0.008
0.014
0.020
0.034
0.148
0.583
0.675
0.995
1.276
1.818
2.375
2.526
0.000
0.008
0.015
0.021
0.035
0.173
0.556
0.671
1.198
1.477
2.067
2.488
2.994
3.550
4.113
4.713
5.169
5.609
6.087
6.532
7.013
7.107
0.000
0.009
0.016
0.022
0.037
0.179
0.469
0.592
0.923
1.051
1.521
1.993
2.478
2.979
3.513
4.039
4.510
4.649
0.000
0.008
0.013
0.019
0.030
0.186
0.409
0.481
0.697
0.891
1.309
1.530
0.000
0.007
0.013
0.019
0.030
0.297
0.555
0.643
0.849
0.991
1.346
1.748
2.280
2.774
3.251
3.715
4.188
4.393
0.000
0.008
0.014
0.021
0.034
0.202
0.475
0.551
0.879
1.132
1.659
2.183
2.710
3.006
0.000
0.010
0.018
0.026
0.044
0.197
0.476
0.550
0.839
1.102
1.627
2.024
0.000
0.008
0.014
0.021
0.043
0.175
0.444
0.526
0.848
1.102
1.592
1.882
0.000
0.009
0.016
0.024
0.051
0.178
0.477
0.551
0.899
1.182
1.713
2.234
2.739
3.294
3.863
4.502
5.009
5.557
6.071
6.354
0.000
0.008
0.015
0.021
0.035
0.178
0.450
0.526
0.847
1.119
1.630
2.155
2.692
3.270
3.856
4.467
4.981
5.530
6.047
6.618
7.212
7.790
8.325
8.831
9.356
9.918
10.485
11.063
11.582
12.108
12.632
13.185
13.775
0.000
0.008
0.014
0.021
0.034
0.163
0.423
0.502
0.821
1.086
1.607
2.110
2.636
3.105
3.614
4.109
4.306
0.000
0.008
0.019
0.026
0.040
0.173
0.451
0.533
0.862
1.143
1.707
2.242
2.524
0.000
0.008
0.015
0.021
0.035
0.178
0.441
0.525
0.830
1.080
1.682
2.168
2.683
0.000
0.008
0.014
0.021
0.034
0.169
0.436
0.516
0.831
1.089
1.615
1.757
0.000
0.008
0.016
0.022
0.036
0.179
0.657
0.764
1.115
1.371
1.912
2.488
2.999
3.397
0.000
0.011
0.020
0.029
0.047
0.210
0.516
0.606
0.989
1.287
1.873
2.436
2.995
3.603
4.214
4.824
5.354
5.688
0.000
0.008
0.015
0.022
0.036
0.187
0.478
0.576
0.924
1.193
1.755
2.313
2.882
3.481
4.075
4.691
5.303
5.860
6.409
7.021
7.605
8.222
8.795
9.345
9.878
10.492
11.082
11.687
12.252
12.797
13.360
13.931
14.546
15.160
15.782
16.073
0.000
0.009
0.016
0.023
0.038
0.199
0.506
0.605
0.968
1.174
1.609
2.122
2.605
3.146
3.466
