1000.000
2000.000
3000.000
5000.000
1606.049 972.619 968.900 929.344 523.089
532.861 498.140 468.738 466.348 447.555 437.113 421.144 390.485 389.917 373.549 371.005 117.538 47.776 21.205 16.626
526.241 484.823 477.345 463.401 459.114 453.385 435.868 403.251 396.727 388.808 326.160 97.743 61.533 14.174 11.428
523.136 477.893 466.565 465.423 464.160 453.400 435.265 422.794 402.542 395.429 393.610 89.841 9.942
520.893 479.955 469.638 468.782 461.448 455.688 435.800 410.273 403.693 397.018 391.591 105.221
521.174 480.154 473.227 469.543 461.140 437.902 436.665 413.352 410.664 395.437 378.952 121.790
522.141 480.126 475.090 470.022 459.864 436.926 420.724 415.293 414.127 393.323 377.735 134.627
521.944 480.099 475.865 470.623 459.162 437.293 416.818 415.729 407.753 391.675 378.035 145.003
521.663 480.100 476.309 471.056 458.597 437.760 418.033 416.693 397.419 390.339 378.829 153.203
521.045 480.114 476.540 471.373 458.203 438.173 418.901 417.358 389.446 389.100 379.676 160.070
519.938 480.144 476.772 471.827 457.864 438.490 419.595 417.893 388.817 381.493 381.205 165.962
518.437 480.180 476.836 472.556 457.579 438.730 420.070 418.327 388.404 383.979 374.873 170.028
516.692 480.226 476.905 473.087 457.301 438.934 420.429 418.703 388.234 385.628 368.787 175.075
514.993 480.279 477.008 473.265 456.921 439.120 420.780 419.076 388.313 387.200 362.316 180.730
513.656 480.326 477.137 473.246 456.497 439.262 421.079 419.396 388.510 388.157 356.086 186.648
512.661 480.355 477.225 473.180 456.140 439.357 421.305 419.647 388.783 388.715 350.813 191.818
511.897 480.375 477.278 473.067 455.843 439.423 421.482 419.832 389.347 388.910 346.079 196.466
511.290 480.389 477.306 472.942 455.605 439.473 421.622 419.966 389.849 389.111 341.661 200.786
510.833 480.401 477.339 472.806 455.394 439.508 421.725 420.063 390.326 389.302 337.495 204.809
510.461 480.411 477.366 472.666 455.221 439.538 421.793 420.149 390.791 389.495 333.717 208.391
510.167 480.424 477.403 472.502 455.051 439.563 421.830 420.243 391.417 389.716 329.467 212.218
509.909 480.435 477.470 472.240 454.876 439.585 421.815 420.378 392.353 389.975 324.728 216.235
509.633 480.451 477.587 471.862 454.666 439.622 421.793 420.573 393.421 390.315 318.866 221.210
509.382 480.472 477.684 471.450 454.448 439.670 421.774 420.791 394.219 390.668 313.301 226.140
509.175 480.497 477.766 470.967 454.191 439.728 421.786 421.001 395.478 391.041 307.753 230.616
508.971 480.547 477.907 470.323 453.969 439.838 421.840 421.264 396.644 391.606 301.640 235.451
508.756 480.593 478.060 469.759 453.797 439.965 421.918 421.587 397.170 392.195 294.964 241.234
508.565 480.632 478.148 469.316 453.679 440.069 422.011 421.965 397.530 392.728 288.147 247.211
508.400 480.664 478.186 469.016 453.628 440.162 422.599 421.985 397.576 393.198 282.058 252.527
508.282 480.684 478.184 468.766 453.597 440.236 423.764 421.950 397.095 393.653 276.286 257.503
508.222 480.684 478.095 468.579 453.566 440.271 426.038 421.861 395.543 394.043 271.707 261.392
508.425 480.658 477.891 468.299 453.435 440.212 428.898 421.670 394.289 393.469 267.773 264.983
508.654 480.616 477.668 468.118 453.246 440.106 431.082 421.505 394.531 391.988 267.845 264.641
508.780 480.580 477.475 467.993 453.083 439.980 432.910 421.370 394.896 390.688 270.352 261.893
508.823 480.551 477.368 467.921 452.926 439.851 434.498 421.342 395.307 389.444 271.943 260.026
508.769 480.525 477.340 467.758 452.752 439.717 436.445 421.467 395.834 387.964 273.191 258.239
508.636 480.508 477.346 467.697 452.602 439.595 438.046 421.622 396.402 386.721 273.694 257.128
508.477 480.492 477.417 467.797 452.450 439.487 439.378 421.925 397.057 386.377 273.638 255.504
508.266 480.500 477.512 467.808 452.369 440.191 439.427 422.176 397.751 386.360 273.756 253.885
507.987 480.523 477.641 467.811 452.339 440.821 439.414 422.460 398.557 385.820 274.835 251.791
507.651 480.544 477.776 467.754 452.336 441.294 439.429 422.729 399.351 385.747 276.250 249.139
507.121 480.564 477.863 467.699 452.339 441.620 439.461 423.004 400.128 387.209 276.219 246.772
506.486 480.601 478.007 467.558 452.401 441.953 439.543 423.243 400.928 389.100 276.655 243.526
505.419 480.667 478.134 467.464 452.520 442.288 439.705 423.416 401.957 391.155 277.799 239.476
504.107 480.724 478.099 467.422 452.630 442.583 439.882 423.521 402.915 393.062 278.609 236.447
502.753 480.794 477.845 467.490 452.784 442.902 440.110 423.650 403.962 394.556 279.083 234.072
501.931 480.841 477.612 467.526 452.905 443.191 440.317 423.741 404.804 394.825 278.962 233.344
501.389 480.874 477.355 467.555 452.987 443.455 440.504 423.820 405.561 395.010 277.865 233.626
501.014 480.897 477.134 467.562 453.044 443.680 440.668 423.873 406.178 395.145 276.338 234.466
500.767 480.913 476.927 467.600 453.106 443.832 440.833 423.938 406.684 395.645 274.576 235.180
500.562 480.929 476.758 467.636 453.173 444.000 440.985 423.988 407.220 396.347 272.347 236.055
500.440 480.954 476.650 467.698 453.257 444.185 441.148 424.039 407.802 396.499 269.956 237.370
500.356 480.964 476.525 467.739 453.303 444.368 441.274 424.079 408.325 395.729 267.827 239.511
500.269 480.957 476.384 467.737 453.341 444.502 441.389 424.123 408.866 395.074 266.143 241.215
500.168 480.944 476.259 467.698 453.361 444.583 441.485 424.147 409.469 394.473 264.070 243.345
500.069 480.935 476.184 467.631 453.374 444.637 441.560 424.160 410.111 393.900 262.010 245.429
499.978 480.932 476.128 467.558 453.386 444.689 441.622 424.159 410.917 393.298 259.331 248.001
499.865 480.922 476.053 467.454 453.383 444.708 441.707 424.156 411.943 392.729 256.205 250.877
499.747 480.917 475.976 467.327 453.395 444.718 441.783 424.140 413.324 391.592 254.499 252.583
499.590 480.911 475.862 467.141 453.388 444.700 441.904 424.104 415.026 390.292 253.643 253.438
499.412 480.911 475.732 466.934 453.385 444.673 442.031 424.082 416.741 389.043 253.793 253.263
499.192 480.919 475.560 466.663 453.364 444.612 442.252 424.037 418.472 387.896 254.006 253.027
498.973 480.927 475.377 466.397 453.352 444.546 442.523 424.008 420.011 386.894 254.087 252.904
498.739 480.949 475.171 466.093 453.334 444.449 442.982 423.965 421.364 385.996 254.118 252.839
498.458 481.012 474.948 465.736 453.330 444.314 443.671 423.885 422.520 385.214 254.120 252.793
498.159 481.115 474.700 465.312 453.326 444.224 444.122 423.788 423.494 384.911 254.091 252.758
497.906 481.220 474.496 464.920 453.338 444.510 443.926 424.289 423.725 384.876 254.060 252.733
497.678 481.301 474.348 464.588 453.361 444.706 443.730 424.925 423.686 384.932 254.036 252.710
497.494 481.372 474.235 464.318 453.383 444.853 443.555 425.368 423.660 385.054 254.014 252.694
497.343 481.420 474.135 464.079 453.401 444.963 443.380 425.728 423.650 385.232 253.989 252.680
497.218 481.451 474.058 463.892 453.421 445.052 443.214 425.977 423.652 385.430 253.970 252.665
497.128 481.475 473.989 463.750 453.442 445.123 443.067 426.143 423.658 385.620 253.951 252.654
497.062 481.491 473.934 463.645 453.466 445.177 442.940 426.250 423.668 385.789 253.936 252.642
497.022 481.505 473.885 463.580 453.489 445.214 442.839 426.321 423.677 385.913 253.922 252.634
496.991 481.514 473.846 463.528 453.510 445.247 442.756 426.369 423.686 386.020 253.908 252.624
496.972 481.522 473.809 463.491 453.528 445.271 442.684 426.405 423.695 386.111 253.895 252.616
496.958 481.528 473.780 463.467 453.544 445.292 442.630 426.427 423.704 386.182 253.881 252.608
496.950 481.533 473.755 463.449 453.560 445.309 442.582 426.445 423.710 386.242 253.867 252.600
496.944 481.536 473.735 463.439 453.573 445.321 442.548 426.458 423.715 386.287 253.852 252.591
496.942 481.539 473.718 463.433 453.584 445.331 442.518 426.467 423.719 386.326 253.838 252.585
496.940 481.541 473.704 463.430 453.593 445.339 442.493 426.475 423.723 386.362 253.821 252.578
496.941 481.543 473.695 463.427 453.602 445.347 442.475 426.481 423.726 386.394 253.802 252.569
496.941 481.545 473.687 463.424 453.609 445.353 442.459 426.486 423.729 386.426 253.783 252.557
496.943 481.547 473.681 463.421 453.616 445.359 442.447 426.491 423.731 386.461 253.760 252.546
496.944 481.549 473.677 463.416 453.621 445.364 442.437 426.495 423.733 386.496 253.734 252.533
496.946 481.550 473.674 463.413 453.626 445.368 442.430 426.499 423.735 386.535 253.701 252.523
496.947 481.552 473.673 463.408 453.631 445.372 442.424 426.503 423.737 386.577 253.666 252.510
496.950 481.554 473.674 463.401 453.636 445.376 442.420 426.507 423.740 386.625 253.626 252.490
496.953 481.557 473.677 463.390 453.641 445.381 442.418 426.513 423.743 386.681 253.579 252.467
496.955 481.559 473.680 463.379 453.644 445.385 442.417 426.516 423.745 386.746 253.526 252.447
496.958 481.563 473.686 463.363 453.650 445.391 442.418 426.523 423.748 386.822 253.462 252.417
496.960 481.566 473.692 463.347 453.655 445.396 442.419 426.527 423.750 386.900 253.399 252.389
496.963 481.569 473.700 463.329 453.659 445.402 442.422 426.532 423.752 386.986 253.328 252.358
496.966 481.573 473.709 463.309 453.665 445.409 442.425 426.539 423.756 387.076 253.252 252.321
496.968 481.577 473.718 463.288 453.668 445.414 442.429 426.543 423.758 387.163 253.182 252.292
496.971 481.581 473.728 463.265 453.673 445.421 442.435 426.548 423.761 387.242 253.121 252.255
496.971 481.584 473.737 463.243 453.676 445.426 442.439 426.550 423.762 387.326 253.068 252.217
496.971 481.587 473.746 463.221 453.679 445.432 442.444 426.552 423.763 387.397 253.019 252.188
496.971 481.591 473.754 463.202 453.682 445.437 442.450 426.553 423.764 387.458 252.982 252.156
496.971 481.593 473.761 463.185 453.684 445.441 442.455 426.555 423.766 387.506 252.944 252.139
496.971 481.596 473.767 463.170 453.686 445.446 442.461 426.555 423.766 387.546 252.921 252.116
496.970 481.598 473.773 463.155 453.688 445.449 442.465 426.556 423.767 387.578 252.901 252.100
496.969 481.599 473.779 463.143 453.689 445.452 442.470 426.557 423.768 387.602 252.882 252.090
496.969 481.601 473.784 463.132 453.690 445.455 442.474 426.557 423.769 387.621 252.869 252.080
496.968 481.602 473.788 463.123 453.691 445.457 442.478 426.557 423.769 387.635 252.859 252.073
4.985 87.355 236.258 0.129 52.747 9.563 8.836 128.724 55.265 415.803 0.020 0.315
12.438 247.771 455.956 0.129 129.882 11.789 14.070 261.416 182.958 683.255 0.020 0.315
19.026 411.520 693.095 0.129 222.758 15.307 21.251 412.355 344.382 859.842 0.020 0.315
1233.943 1165.837 733.995 700.832 645.044 411.814 49.867 37.821 20.384 0.315 0.129 0.020
570.123 490.619 487.897 487.160 418.491 416.485 408.741 406.077 338.060 303.587 198.285 196.302 65.406 63.990 46.060 43.207 26.114 20.767 12.628 0.000 0.000 0.000 0.000
519.567 489.665 481.903 480.758 463.482 421.350 420.036 419.200 316.657 302.646 237.951 197.757 82.931 47.865 44.085 35.918 18.697 17.825 1.708 0.000 0.000 0.000 0.000
501.333 491.390 485.975 481.952 458.344 423.718 421.442 420.108 367.297 320.660 197.765 182.687 93.436 44.582 42.277 32.903 20.208 12.948 0.975 0.000 0.000 0.000 0.000
494.190 493.160 483.976 483.272 456.764 424.772 422.488 418.850 399.903 322.175 197.680 158.813 108.077 82.785 30.862 21.234 1.000 0.000 0.000
493.254 491.754 487.192 484.179 458.267 428.395 422.807 421.388 416.468 323.526 214.955 198.486 104.583 30.272 23.473 1.000 0.000
524.547 491.405 489.446 484.181 461.323 437.146 430.281 423.006 415.807 323.852 200.265 186.172 106.775 25.794
525.406 491.009 490.171 483.695 462.296 448.219 445.183 430.300 414.485 323.450 201.065 171.204 113.518
526.812 491.145 490.548 483.512 462.537 449.776 440.615 429.997 418.215 323.045 201.468 163.085 119.246
527.561 491.601 491.311 483.229 462.855 453.594 436.017 429.013 419.756 322.196 201.489 156.528 124.851
528.366 492.107 491.444 482.904 463.407 456.775 434.091 427.082 419.790 321.312 200.999 150.374 131.350
528.792 491.695 491.159 482.753 464.317 459.572 433.737 422.149 419.480 320.406 200.233 146.688 139.019
528.807 491.244 490.826 482.612 464.822 460.422 434.135 419.216 416.966 319.765 199.531 146.497 145.157
528.806 490.840 490.335 482.609 465.159 460.540 434.587 419.149 411.632 319.284 198.917 151.537 146.605
528.791 490.582 489.758 482.710 465.441 459.956 434.792 419.160 406.009 319.019 198.493 158.633 146.656
528.784 490.431 489.282 483.019 465.770 459.019 434.911 419.160 399.757 318.852 198.251 165.917 146.847
528.761 490.349 489.022 483.351 466.051 457.964 434.966 419.169 395.134 318.776 198.109 171.291 147.057
528.752 490.316 488.909 483.759 466.378 456.770 434.958 419.180 391.428 318.735 198.016 175.630 147.167
528.752 490.312 488.897 484.172 466.621 455.858 434.975 419.192 388.821 318.715 197.953 178.512 147.217
528.762 490.334 488.911 484.573 466.741 455.013 435.016 419.203 387.183 318.708 197.908 180.402 147.244
528.763 490.346 488.962 484.897 466.843 454.428 435.042 419.215 385.711 318.705 197.874 181.964 147.250
528.761 490.363 489.071 485.247 466.926 453.814 435.082 419.225 384.444 318.706 197.846 183.254 147.262
528.762 490.381 489.191 485.664 467.022 453.167 435.113 419.234 383.541 318.707 197.825 184.118 147.274
528.760 490.403 489.340 486.078 467.118 452.331 435.139 419.244 382.654 318.709 197.807 185.138 147.280
528.758 490.428 489.517 486.625 467.330 450.862 435.197 419.251 382.185 318.710 197.793 186.031 147.313
528.746 490.470 489.650 487.128 467.606 449.130 435.227 419.257 381.859 318.709 197.780 187.119 147.317
528.735 490.500 489.829 487.545 468.021 447.915 435.303 419.263 382.050 318.709 197.770 187.017 147.343
528.716 490.518 489.931 487.856 468.338 447.198 435.360 419.270 382.228 318.709 197.762 186.762 147.351
528.698 490.533 489.985 488.054 468.561 446.803 435.384 419.274 382.351 318.709 197.755 186.543 147.349
528.685 490.540 490.026 488.180 468.718 446.459 435.402 419.278 382.455 318.709 197.750 186.449 147.349
528.678 490.546 490.064 488.264 468.823 446.146 435.416 419.282 382.577 318.709 197.744 186.404 147.348
528.676 490.549 490.098 488.318 468.886 445.837 435.430 419.284 382.718 318.709 197.740 186.408 147.346
528.674 490.550 490.126 488.355 468.930 445.565 435.442 419.286 382.858 318.709 197.737 186.423 147.345
528.674 490.550 490.157 488.385 468.961 445.203 435.451 419.287 383.038 318.709 197.734 186.500 147.350
528.674 490.548 490.188 488.412 468.987 444.786 435.463 419.288 383.252 318.709 197.732 186.604 147.357
528.674 490.546 490.212 488.434 469.004 444.400 435.468 419.288 383.431 318.709 197.730 186.744 147.359
528.674 490.544 490.244 488.453 469.026 443.918 435.480 419.288 383.683 318.709 197.729 186.887 147.364
528.676 490.541 490.285 488.475 469.041 443.397 435.498 419.289 383.994 318.709 197.727 186.994 147.374
528.676 490.538 490.316 488.493 469.065 442.984 435.501 419.289 384.325 318.709 197.726 186.999 147.378
528.676 490.535 490.343 488.512 469.085 442.635 435.511 419.289 384.641 318.709 197.726 186.955 147.383
528.678 490.534 490.364 488.529 469.104 442.401 435.510 419.289 384.931 318.709 197.725 186.842 147.385
528.678 490.532 490.377 488.542 469.124 442.231 435.506 419.288 385.184 318.709 197.724 186.719 147.385
528.679 490.531 490.387 488.555 469.138 442.101 435.504 419.288 385.405 318.709 197.724 186.592 147.386
528.680 490.530 490.393 488.565 469.151 442.006 435.500 419.288 385.594 318.709 197.723 186.474 147.386
528.680 490.530 490.398 488.575 469.161 441.934 435.497 419.287 385.763 318.709 197.723 186.357 147.387
528.680 490.529 490.400 488.582 469.167 441.886 435.494 419.287 385.893 318.709 197.723 186.262 147.387
528.681 490.529 490.402 488.588 469.173 441.844 435.492 419.286 386.008 318.709 197.723 186.179 147.387
528.681 490.529 490.403 488.592 469.177 441.814 435.489 419.286 386.099 318.709 197.722 186.111 147.388
528.682 490.528 490.403 488.596 469.181 441.790 435.487 419.285 386.175 318.710 197.722 186.053 147.388
528.682 490.528 490.404 488.599 469.184 441.771 435.486 419.284 386.240 318.710 197.722 186.003 147.389
528.682 490.528 490.404 488.601 469.185 441.758 435.485 419.284 386.287 318.710 197.722 185.965 147.389
528.682 490.528 490.404 488.603 469.187 441.747 435.484 419.283 386.332 318.710 197.722 185.930 147.389
528.682 490.528 490.405 488.605 469.188 441.738 435.483 419.283 386.368 318.710 197.722 185.901 147.389
528.682 490.527 490.405 488.606 469.189 441.731 435.482 419.282 386.396 318.710 197.722 185.879 147.390
528.682 490.527 490.405 488.607 469.190 441.726 435.481 419.282 386.419 318.710 197.722 185.860 147.390
75.716 92.264 104.426 101.843 91.479 86.216 92.501 103.234 74.487 51.200 48.929 38.389 39.316
179.573 183.180 210.695 181.923 191.930 188.588 177.994 181.477 151.525 115.920 98.468 73.013 65.715
275.425 294.878 310.094 275.301 289.678 287.516 269.745 265.706 219.652 164.887 143.875 99.457 103.787
529.889 481.104 470.928 468.121 465.289 462.144 457.942 428.052 376.443 294.020 232.134 168.796 165.137
527.391 480.019 470.260 467.958 465.322 461.880 451.130 427.175 378.910 294.880 235.559 170.073 169.443
526.335 478.709 470.644 466.120 464.792 460.619 445.872 427.625 379.688 294.719 236.852 175.663 172.363
525.824 477.645 470.742 465.053 464.644 458.824 442.798 428.152 380.741 294.676 237.520 178.629 174.752
525.639 476.633 470.730 464.574 464.484 457.117 442.093 428.751 381.575 294.767 237.919 179.500 176.220
525.545 475.691 470.862 464.520 464.237 455.770 441.561 429.202 382.064 294.762 238.212 179.939 177.635
525.490 474.548 471.005 464.474 464.145 455.045 441.244 429.751 382.442 294.779 238.422 180.059 178.596
525.465 473.242 471.248 464.447 464.203 454.550 440.892 430.516 382.723 294.721 238.583 180.093 179.316
525.491 471.973 471.590 464.431 464.307 454.216 440.567 431.227 382.936 294.669 238.686 180.102 179.805
525.536 471.903 470.900 464.592 464.418 453.987 440.267 431.511 383.111 294.632 238.748 180.264 180.131
525.579 472.172 470.147 465.079 464.401 453.844 440.035 431.659 383.330 294.584 238.778 180.439 179.953
525.631 472.425 469.664 465.489 464.389 453.752 439.796 431.722 383.487 294.550 238.800 180.393 179.901
525.682 472.622 469.385 465.946 464.377 453.698 439.569 431.759 383.613 294.514 238.810 180.133 179.891
525.735 472.792 469.221 466.289 464.367 453.676 439.352 431.772 383.712 294.480 238.818 179.914 179.871
525.791 472.946 469.158 466.620 464.361 453.681 439.094 431.779 383.733 294.454 238.823 180.123 179.437
525.849 473.048 469.137 466.872 464.356 453.689 438.862 431.787 383.769 294.428 238.823 180.262 179.119
525.900 473.117 469.136 467.067 464.352 453.695 438.650 431.796 383.812 294.406 238.818 180.382 178.867
525.951 473.162 469.150 467.229 464.349 453.703 438.431 431.807 383.865 294.384 238.814 180.496 178.658
525.985 473.198 469.172 467.364 464.348 453.713 438.227 431.820 383.919 294.367 238.811 180.605 178.471
526.014 473.224 469.204 467.485 464.347 453.725 438.050 431.830 383.965 294.352 238.808 180.696 178.299
526.030 473.245 469.228 467.587 464.347 453.735 437.860 431.841 384.018 294.340 238.806 180.800 178.164
526.040 473.258 469.252 467.691 464.347 453.746 437.667 431.850 384.078 294.330 238.803 180.901 178.039
526.042 473.276 469.279 467.798 464.347 453.759 437.480 431.861 384.135 294.320 238.800 180.998 177.904
526.044 473.290 469.305 467.913 464.347 453.772 437.261 431.869 384.199 294.312 238.798 181.121 177.770
526.040 473.308 469.334 468.041 464.347 453.785 437.026 431.881 384.269 294.304 238.795 181.248 177.621
526.035 473.324 469.363 468.174 464.346 453.800 436.796 431.889 384.337 294.295 238.793 181.379 177.469
526.031 473.347 469.398 468.326 464.346 453.816 436.513 431.901 384.407 294.287 238.791 181.561 177.277
526.026 473.369 469.430 468.493 464.346 453.831 436.157 431.917 384.504 294.279 238.788 181.769 177.090
526.018 473.391 469.472 468.693 464.346 453.848 435.798 431.930 384.603 294.271 238.784 181.993 176.853
526.007 473.410 469.520 468.916 464.347 453.866 435.283 431.954 384.749 294.262 238.779 182.291 176.614
525.996 473.436 469.568 469.141 464.346 453.890 434.653 431.980 384.924 294.251 238.776 182.662 176.377
525.989 473.456 469.606 469.312 464.346 453.907 433.997 432.000 385.115 294.241 238.773 183.032 176.229
525.979 473.480 469.651 469.480 464.344 453.931 433.216 432.027 385.328 294.231 238.768 183.497 176.068
525.973 473.497 469.680 469.609 464.344 453.954 432.278 432.054 385.588 294.223 238.766 184.060 175.974
525.967 473.510 469.725 469.709 464.344 453.979 432.088 431.176 385.923 294.217 238.763 184.680 175.918
525.961 473.518 469.821 469.723 464.336 454.011 432.140 429.981 386.374 294.213 238.762 185.254 175.904
525.962 473.524 469.900 469.734 464.334 454.046 432.181 429.029 386.897 294.211 238.761 185.518 175.903
525.958 473.528 469.961 469.742 464.334 454.075 432.213 428.451 387.401 294.211 238.760 185.448 175.919
525.952 473.530 470.011 469.749 464.333 454.103 432.238 428.142 387.835 294.210 238.759 185.218 175.921
525.944 473.532 470.049 469.752 464.333 454.135 432.261 427.966 388.239 294.210 238.759 184.893 175.927
525.934 473.534 470.078 469.755 464.333 454.166 432.277 427.843 388.652 294.211 238.758 184.529 175.930
525.925 473.535 470.103 469.757 464.333 454.195 432.295 427.763 389.035 294.211 238.758 184.161 175.927
525.916 473.536 470.120 469.758 464.333 454.229 432.310 427.684 389.530 294.212 238.758 183.686 175.928
525.907 473.536 470.139 469.759 464.333 454.266 432.343 427.610 390.092 294.212 238.758 183.122 175.923
525.895 473.536 470.155 469.759 464.333 454.312 432.363 427.527 390.786 294.212 238.758 182.441 175.922
525.881 473.536 470.172 469.757 464.332 454.351 432.378 427.462 391.432 294.212 238.758 181.808 175.921
525.869 473.536 470.192 469.757 464.332 454.389 432.388 427.377 392.193 294.212 238.758 181.072 175.924
525.860 473.535 470.219 469.756 464.332 454.426 432.421 427.306 392.871 294.213 238.758 180.377 175.925
525.846 473.535 470.247 469.755 464.332 454.462 432.436 427.235 393.569 294.213 238.758 179.686 175.928
525.835 473.535 470.278 469.754 464.331 454.491 432.447 427.161 394.264 294.213 238.758 178.998 175.935
525.829 473.535 470.306 469.753 464.331 454.504 432.454 427.106 394.792 294.213 238.759 178.477 175.942
525.822 473.535 470.337 469.752 464.331 454.516 432.459 427.047 395.356 294.214 238.759 177.925 175.948
525.816 473.536 470.366 469.752 464.330 454.527 432.463 426.986 395.901 294.214 238.759 177.397 175.953
525.810 473.536 470.392 469.751 464.330 454.536 432.461 426.931 396.410 294.214 238.759 176.909 175.961
525.806 473.537 470.418 469.751 464.330 454.543 432.468 426.874 396.870 294.214 238.759 176.466 175.966
525.802 473.537 470.441 469.751 464.329 454.545 432.470 426.819 397.293 294.215 238.759 176.070 175.968
525.799 473.538 470.465 469.751 464.329 454.548 432.478 426.768 397.642 294.215 238.759 175.973 175.736
525.800 473.525 470.473 469.716 464.328 454.535 432.482 426.761 398.080 294.211 238.755 176.113 175.222
525.801 473.520 470.485 469.700 464.328 454.526 432.485 426.731 398.423 294.209 238.755 176.170 174.866
525.800 473.519 470.501 469.691 464.328 454.521 432.483 426.692 398.767 294.209 238.754 176.201 174.534
525.800 473.519 470.519 469.685 464.328 454.520 432.484 426.645 399.067 294.209 238.754 176.215 174.256
525.799 473.519 470.538 469.682 464.327 454.516 432.485 426.601 399.325 294.209 238.755 176.226 174.019
525.799 473.520 470.556 469.681 464.327 454.517 432.487 426.550 399.567 294.209 238.755 176.230 173.802
525.799 473.520 470.573 469.680 464.327 454.513 432.487 426.505 399.782 294.209 238.755 176.234 173.616
525.799 473.520 470.591 469.679 464.327 454.513 432.488 426.450 399.997 294.209 238.755 176.235 173.437
525.800 473.521 470.610 469.679 464.327 454.511 432.490 426.391 400.188 294.209 238.755 176.237 173.282
525.800 473.521 470.628 469.679 464.328 454.511 432.490 426.336 400.378 294.209 238.755 176.239 173.126
525.801 473.522 470.644 469.680 464.328 454.509 432.490 426.272 400.561 294.209 238.755 176.239 172.990
525.802 473.522 470.663 469.680 464.328 454.508 432.491 426.205 400.726 294.209 238.755 176.240 172.871
525.803 473.522 470.682 469.681 464.328 454.507 432.493 426.126 400.872 294.209 238.755 176.241 172.779
525.804 473.523 470.700 469.681 464.329 454.505 432.493 426.050 401.017 294.209 238.755 176.242 172.693
525.806 473.523 470.720 469.682 464.329 454.503 432.494 425.962 401.157 294.209 238.755 176.244 172.617
525.808 473.523 470.741 469.683 464.330 454.501 432.494 425.846 401.300 294.210 238.755 176.246 172.563
525.812 473.524 470.765 469.683 464.331 454.500 432.497 425.700 401.442 294.210 238.755 176.250 172.531
525.817 473.525 470.790 469.685 464.333 454.503 432.501 425.493 401.598 294.210 238.755 176.253 172.539
525.823 473.525 470.819 469.685 464.336 454.503 432.507 425.276 401.758 294.210 238.755 176.262 172.542
525.828 473.526 470.852 469.687 464.338 454.503 432.510 424.980 401.938 294.210 238.755 176.269 172.604
525.839 473.528 470.894 469.688 464.343 454.506 432.519 424.549 402.150 294.210 238.755 176.282 172.737
525.849 473.529 470.945 469.691 464.347 454.509 432.526 424.016 402.404 294.210 238.755 176.298 172.921
525.865 473.531 471.003 469.693 464.355 454.514 432.541 423.440 402.663 294.211 238.754 176.320 173.110
525.880 473.533 471.070 469.696 464.362 454.519 432.551 422.861 402.963 294.211 238.754 176.339 173.261
525.892 473.536 471.147 469.701 464.368 454.523 432.556 422.300 403.283 294.211 238.754 176.351 173.379
525.906 473.537 471.217 469.704 464.373 454.521 432.564 421.865 403.550 294.212 238.754 176.370 173.428
525.917 473.539 471.294 469.708 464.377 454.521 432.570 421.438 403.841 294.212 238.754 176.388 173.442
525.927 473.541 471.373 469.713 464.381 454.518 432.572 421.073 404.121 294.212 238.754 176.398 173.417
525.937 473.543 471.453 469.718 464.383 454.514 432.571 420.778 404.378 294.213 238.753 176.403 173.356
525.944 473.544 471.523 469.723 464.384 454.509 432.569 420.542 404.599 294.213 238.753 176.403 173.295
525.951 473.545 471.587 469.727 464.384 454.506 432.567 420.341 404.794 294.213 238.753 176.399 173.233
525.957 473.546 471.646 469.731 464.384 454.497 432.566 420.177 404.957 294.213 238.753 176.399 173.173
525.963 473.547 471.701 469.735 464.384 454.489 432.564 420.038 405.106 294.213 238.753 176.397 173.110
525.968 473.547 471.748 469.739 464.384 454.483 432.562 419.931 405.230 294.214 238.752 176.394 173.049
525.973 473.548 471.792 469.742 464.383 454.477 432.559 419.840 405.336 294.214 238.752 176.390 172.995
525.977 473.548 471.824 469.744 464.383 454.473 432.558 419.771 405.418 294.214 238.752 176.385 172.954
525.981 473.548 471.854 469.747 464.383 454.469 432.555 419.706 405.496 294.214 238.752 176.380 172.915
525.984 473.549 471.878 469.748 464.382 454.462 432.554 419.656 405.555 294.214 238.752 176.378 172.888
525.986 473.549 471.900 469.750 464.382 454.459 432.552 419.614 405.610 294.214 238.752 176.374 172.859
525.988 473.549 471.918 469.752 464.381 454.454 432.550 419.577 405.656 294.213 238.752 176.372 172.837
525.989 473.549 471.931 469.753 464.381 454.450 432.549 419.547 405.694 294.213 238.752 176.371 172.820
525.991 473.549 471.944 469.754 464.381 454.447 432.548 419.519 405.729 294.213 238.752 176.369 172.805
525.992 473.549 471.954 469.755 464.381 454.444 432.547 419.499 405.755 294.213 238.752 176.367 172.792
525.993 473.550 471.962 469.755 464.380 454.442 432.546 419.480 405.778 294.213 238.752 176.366 172.783
114.591 85.378 81.166 87.396 94.273 86.343 102.762 96.052 76.384 69.214 40.284 28.135 38.019
222.920 182.890 171.038 173.726 196.723 161.070 208.071 176.259 159.532 128.138 73.190 71.399 75.044
327.861 278.233 266.171 269.113 283.560 269.335 285.181 260.236 239.951 180.300 118.420 108.437 113.201
534.434 485.576 466.277 459.407 455.193 451.606 446.149 445.002 403.544 297.716 201.238 177.382 176.477
530.660 489.101 462.830 456.238 450.523 449.706 443.359 442.652 408.871 306.001 203.234 182.140 174.684
529.414 489.556 461.676 449.524 448.082 447.822 442.130 441.705 410.934 310.074 203.878 186.665 178.540
528.776 489.781 460.246 446.385 445.715 444.063 441.582 440.625 412.622 313.360 204.181 190.183 182.481
528.508 489.874 458.981 445.241 443.315 442.074 441.565 439.337 414.154 315.969 204.559 192.563 183.861
528.426 489.752 457.515 444.349 441.697 441.131 440.800 437.902 415.265 317.749 205.201 195.246 184.967
528.474 489.559 456.841 443.415 441.859 440.629 438.759 436.383 416.028 318.431 206.185 197.360 186.078
528.615 489.135 456.567 442.151 442.105 440.243 437.411 434.934 416.537 318.572 207.741 199.163 186.826
528.760 488.867 456.470 442.318 440.703 439.982 436.813 433.616 416.857 318.385 210.034 200.564 186.632
528.902 488.745 456.458 442.546 439.816 439.109 436.541 432.101 417.084 318.148 212.300 201.999 186.249
529.073 488.819 456.602 442.885 439.788 437.444 436.514 430.233 417.292 317.724 213.908 203.739 185.977
529.224 488.855 456.708 443.181 439.837 436.523 436.187 426.719 417.572 317.096 215.321 206.883 185.897
529.383 488.948 456.838 443.477 439.884 436.610 434.985 424.373 417.843 316.618 216.349 208.933 185.758
529.497 489.008 456.952 443.772 439.952 436.683 433.662 422.764 418.067 316.289 216.996 210.340 186.018
529.632 489.112 457.151 444.134 440.055 436.769 431.987 421.633 418.241 316.046 217.428 211.359 186.453
529.772 489.230 457.347 444.514 440.184 436.833 430.099 420.908 418.347 315.883 217.696 212.016 187.171
529.910 489.350 457.540 444.905 440.284 436.872 428.189 420.435 418.408 315.772 217.875 212.450 188.010
530.019 489.436 457.683 445.294 440.382 436.887 426.527 420.090 418.447 315.696 217.988 212.781 188.770
530.099 489.485 457.772 445.627 440.457 436.897 425.261 419.808 418.451 315.642 218.061 213.093 189.346
530.164 489.523 457.827 445.874 440.530 436.905 424.379 419.506 418.444 315.611 218.102 213.422 189.713
530.197 489.539 457.869 446.082 440.571 436.915 423.702 419.203 418.400 315.584 218.133 213.807 189.997
530.227 489.558 457.901 446.246 440.630 436.927 423.142 418.806 418.340 315.566 218.154 214.259 190.245
530.259 489.580 457.921 446.346 440.622 436.949 422.737 418.198 418.186 315.554 218.165 215.060 190.423
530.289 489.584 457.937 446.403 440.614 436.955 422.407 417.771 417.622 315.545 218.173 216.127 190.572
530.339 489.590 457.940 446.407 440.588 436.974 422.141 417.037 416.939 315.539 218.176 217.719 190.611
530.383 489.591 457.941 446.428 440.568 436.996 421.919 416.574 416.419 315.534 219.026 218.177 190.444
530.396 489.585 457.914 446.401 440.544 436.994 421.715 416.321 416.001 315.544 220.146 218.157 190.284
530.404 489.571 457.877 446.374 440.513 436.974 421.533 416.139 415.724 315.549 220.937 218.145 190.259
530.413 489.571 457.864 446.367 440.501 436.966 421.383 416.006 415.546 315.553 221.395 218.139 190.297
530.418 489.570 457.851 446.360 440.491 436.958 421.266 415.919 415.468 315.555 221.666 218.135 190.342
530.421 489.569 457.846 446.356 440.481 436.948 421.167 415.825 415.443 315.557 221.861 218.132 190.394
530.423 489.570 457.843 446.355 440.476 436.940 421.093 415.739 415.449 315.558 221.989 218.130 190.436
530.424 489.571 457.843 446.356 440.471 436.933 421.031 415.672 415.475 315.559 222.067 218.130 190.468
530.424 489.571 457.842 446.356 440.465 436.926 420.984 415.603 415.515 315.559 222.134 218.129 190.492
530.424 489.572 457.842 446.356 440.461 436.920 420.942 415.557 415.546 315.560 222.179 218.129 190.512
530.423 489.572 457.842 446.356 440.457 436.916 420.911 415.613 415.489 315.560 222.206 218.129 190.526
530.422 489.573 457.842 446.357 440.453 436.910 420.885 415.665 415.433 315.560 222.234 218.129 190.538
530.422 489.573 457.841 446.356 440.450 436.904 420.864 415.704 415.391 315.560 222.258 218.130 190.547
530.421 489.573 457.841 446.355 440.447 436.899 420.848 415.742 415.348 315.560 222.284 218.130 190.553
530.421 489.573 457.841 446.354 440.444 436.895 420.836 415.771 415.313 315.560 222.305 218.130 190.557
530.420 489.573 457.840 446.353 440.441 436.890 420.825 415.802 415.275 315.560 222.331 218.130 190.560
530.420 489.573 457.840 446.352 440.438 436.887 420.817 415.831 415.240 315.560 222.352 218.131 190.560
530.420 489.572 457.839 446.351 440.435 436.883 420.811 415.856 415.211 315.560 222.371 218.131 190.560
530.419 489.572 457.839 446.350 440.432 436.878 420.806 415.882 415.177 315.560 222.395 218.131 190.558
105.347 80.826 91.701 67.729 90.315 99.058 85.037 93.937 92.057 70.177 46.878 48.685 28.254
200.004 176.843 191.662 152.841 176.174 190.018 183.418 163.161 179.997 129.442 93.095 95.946 67.399
301.470 259.198 291.273 248.548 271.918 269.672 268.027 243.795 266.399 192.683 139.131 141.095 106.791
500.054 476.161 465.767 463.851 457.534 444.088 433.881 432.371 396.795 301.059 226.317 219.807 182.315
494.636 477.792 468.087 466.263 456.607 453.957 436.624 434.007 392.934 299.963 228.477 221.824 168.831
492.387 478.109 470.027 466.592 458.043 455.825 438.574 433.896 389.225 298.999 232.146 223.180 162.997
491.113 477.881 471.519 466.711 460.164 455.328 440.009 434.074 385.904 298.296 235.388 224.408 159.205
490.234 477.255 472.621 466.711 461.205 454.890 441.068 434.379 383.492 297.779 237.752 225.371 157.243
489.671 476.381 473.387 466.706 461.788 454.303 441.976 434.616 381.214 297.354 239.888 226.196 156.521
489.259 475.538 473.995 466.681 462.152 453.821 442.837 434.858 379.045 297.055 241.815 226.874 156.070
489.094 474.647 474.457 466.656 462.410 453.356 443.794 435.152 376.743 296.809 243.701 227.555 155.626
489.028 474.776 473.872 466.648 462.600 452.913 444.840 435.414 374.947 296.652 245.109 228.158 155.044
488.994 474.956 473.260 466.643 462.761 452.533 446.102 435.660 373.471 296.540 246.219 228.724 154.137
488.945 475.104 472.942 466.648 462.910 452.166 447.444 435.863 372.397 296.431 247.045 229.249 152.857
488.877 475.130 472.745 466.646 463.014 452.129 448.866 436.040 371.543 296.337 247.654 229.656 151.362
488.803 475.204 472.705 466.653 463.091 452.259 450.179 436.195 370.893 296.277 248.073 229.926 149.741
488.710 475.197 472.777 466.643 463.134 452.342 451.155 436.337 370.321 296.217 248.418 230.114 148.635
488.600 475.158 472.932 466.637 463.158 452.316 451.908 436.479 369.785 296.169 248.713 230.235 147.910
488.520 475.084 473.095 466.632 463.172 452.323 452.277 436.613 369.320 296.137 248.982 230.307 147.537
488.464 474.981 473.231 466.628 463.176 452.621 452.235 436.737 368.936 296.119 249.191 230.344 147.336
488.424 474.881 473.319 466.623 463.179 452.813 452.209 436.874 368.567 296.105 249.385 230.368 147.255
488.397 474.796 473.375 466.616 463.179 452.928 452.192 437.009 368.236 296.095 249.557 230.383 147.237
488.375 474.731 473.402 466.610 463.185 452.986 452.179 437.138 367.950 296.090 249.708 230.393 147.252
488.361 474.685 473.422 466.603 463.188 453.020 452.170 437.265 367.695 296.086 249.833 230.398 147.273
488.348 474.651 473.430 466.597 463.192 453.038 452.162 437.401 367.441 296.083 249.955 230.402 147.300
488.338 474.624 473.438 466.591 463.196 453.042 452.159 437.527 367.219 296.081 250.059 230.405 147.322
488.329 474.607 473.442 466.585 463.200 453.041 452.156 437.671 366.989 296.079 250.156 230.407 147.339
488.320 474.593 473.445 466.579 463.204 453.037 452.153 437.806 366.777 296.078 250.243 230.408 147.355
488.311 474.585 473.446 466.575 463.208 453.031 452.151 437.954 366.574 296.077 250.309 230.409 147.369
488.304 474.580 473.448 466.569 463.212 453.021 452.151 438.104 366.379 296.076 250.367 230.410 147.380
488.298 474.576 473.449 466.563 463.214 453.011 452.151 438.251 366.187 296.075 250.426 230.411 147.388
488.291 474.574 473.449 466.558 463.215 453.002 452.150 438.401 366.002 296.074 250.475 230.411 147.396
488.287 474.573 473.450 466.553 463.217 452.993 452.149 438.532 365.830 296.073 250.527 230.412 147.403
488.283 474.573 473.451 466.547 463.218 452.984 452.149 438.680 365.651 296.073 250.569 230.412 147.410
488.278 474.573 473.452 466.542 463.221 452.976 452.149 438.826 365.488 296.072 250.597 230.412 147.415
488.273 474.573 473.452 466.538 463.223 452.966 452.150 438.966 365.328 296.072 250.628 230.412 147.420
488.268 474.574 473.452 466.533 463.226 452.955 452.150 439.117 365.163 296.071 250.654 230.413 147.424
488.263 474.574 473.453 466.528 463.229 452.944 452.150 439.263 364.994 296.071 250.690 230.413 147.428
488.261 474.575 473.453 466.523 463.231 452.934 452.150 439.399 364.842 296.071 250.715 230.413 147.432
488.257 474.576 473.454 466.519 463.233 452.924 452.150 439.546 364.680 296.070 250.743 230.413 147.435
488.253 474.577 473.454 466.514 463.236 452.915 452.150 439.673 364.530 296.070 250.777 230.413 147.438
488.250 474.578 473.455 466.508 463.238 452.905 452.150 439.815 364.375 296.070 250.801 230.414 147.441
488.246 474.579 473.455 466.504 463.241 452.896 452.151 439.933 364.237 296.069 250.831 230.414 147.444
488.243 474.579 473.456 466.500 463.244 452.887 452.150 440.062 364.091 296.069 250.860 230.414 147.446
488.240 474.580 473.456 466.495 463.247 452.876 452.151 440.190 363.952 296.069 250.880 230.414 147.448
488.237 474.581 473.457 466.491 463.250 452.867 452.151 440.306 363.813 296.069 250.915 230.414 147.450
488.234 474.582 473.458 466.487 463.253 452.856 452.152 440.429 363.677 296.068 250.939 230.415 147.451
488.231 474.582 473.458 466.482 463.257 452.845 452.152 440.551 363.529 296.068 250.977 230.415 147.452
488.229 474.583 473.459 466.478 463.261 452.835 452.151 440.657 363.400 296.068 251.008 230.415 147.456
488.225 474.584 473.459 466.473 463.264 452.826 452.151 440.770 363.265 296.068 251.043 230.415 147.457
488.222 474.585 473.460 466.468 463.268 452.814 452.151 440.887 363.135 296.068 251.068 230.415 147.458
488.219 474.586 473.461 466.465 463.271 452.804 452.151 440.994 363.006 296.067 251.102 230.416 147.459
488.215 474.586 473.461 466.461 463.275 452.793 452.151 441.108 362.877 296.067 251.128 230.416 147.460
488.213 474.587 473.462 466.456 463.278 452.781 452.151 441.217 362.753 296.067 251.158 230.416 147.460
488.210 474.588 473.463 466.451 463.281 452.770 452.150 441.335 362.613 296.067 251.196 230.416 147.461
488.208 474.588 473.464 466.446 463.284 452.757 452.151 441.457 362.474 296.066 251.227 230.417 147.462
488.205 474.589 473.464 466.442 463.288 452.746 452.151 441.566 362.356 296.066 251.247 230.417 147.462
488.202 474.590 473.465 466.437 463.294 452.733 452.150 441.690 362.225 296.066 251.268 230.417 147.463
488.199 474.590 473.466 466.432 463.297 452.720 452.150 441.817 362.085 296.066 251.297 230.417 147.464
488.196 474.591 473.467 466.426 463.299 452.706 452.150 441.953 361.946 296.066 251.319 230.418 147.463
488.192 474.592 473.467 466.422 463.302 452.694 452.150 442.082 361.811 296.065 251.342 230.418 147.463
488.190 474.592 473.468 466.416 463.305 452.679 452.150 442.233 361.659 296.065 251.363 230.418 147.461
488.186 474.593 473.469 466.410 463.309 452.666 452.149 442.380 361.511 296.065 251.382 230.419 147.461
488.184 474.594 473.470 466.404 463.314 452.649 452.150 442.552 361.352 296.065 251.389 230.419 147.460
488.179 474.594 473.471 466.398 463.314 452.636 452.150 442.732 361.187 296.064 251.400 230.419 147.457
488.175 474.595 473.472 466.391 463.320 452.619 452.150 442.928 361.014 296.064 251.398 230.420 147.454
488.173 474.595 473.473 466.384 463.321 452.600 452.150 443.141 360.818 296.063 251.411 230.420 147.451
488.170 474.595 473.475 466.375 463.328 452.582 452.150 443.378 360.610 296.063 251.408 230.421 147.446
488.167 474.596 473.476 466.365 463.333 452.563 452.151 443.647 360.369 296.062 251.407 230.422 147.442
488.162 474.596 473.477 466.358 463.342 452.545 452.151 443.913 360.139 296.061 251.395 230.422 147.437
488.159 474.597 473.478 466.349 463.353 452.527 452.150 444.207 359.883 296.061 251.383 230.423 147.432
488.154 474.598 473.479 466.340 463.362 452.511 452.151 444.515 359.622 296.060 251.359 230.424 147.424
488.152 474.598 473.481 466.329 463.376 452.491 452.152 444.845 359.334 296.059 251.341 230.425 147.417
488.149 474.598 473.482 466.318 463.395 452.473 452.151 445.145 359.043 296.059 251.350 230.426 147.410
488.145 474.598 473.482 466.309 463.412 452.460 452.152 445.459 358.755 296.058 251.339 230.427 147.404
488.144 474.599 473.484 466.299 463.437 452.442 452.152 445.792 358.443 296.057 251.325 230.428 147.397
488.141 474.599 473.485 466.289 463.464 452.430 452.153 446.113 358.148 296.057 251.301 230.430 147.392
488.140 474.599 473.486 466.278 463.494 452.416 452.154 446.432 357.860 296.056 251.268 230.431 147.385
488.139 474.600 473.487 466.268 463.520 452.405 452.154 446.727 357.573 296.056 251.257 230.432 147.381
488.137 474.600 473.488 466.260 463.552 452.398 452.153 447.021 357.286 296.055 251.240 230.433 147.376
488.138 474.601 473.489 466.250 463.580 452.389 452.153 447.295 357.013 296.054 251.230 230.434 147.375
488.139 474.602 473.489 466.241 463.608 452.384 452.152 447.565 356.735 296.054 251.222 230.435 147.373
488.140 474.603 473.490 466.231 463.630 452.378 452.151 447.809 356.471 296.053 251.235 230.436 147.373
488.143 474.603 473.491 466.222 463.656 452.376 452.152 448.042 356.219 296.053 251.235 230.437 147.372
488.149 474.604 473.491 466.212 463.679 452.378 452.153 448.264 355.971 296.052 251.235 230.437 147.375
488.153 474.605 473.491 466.203 463.697 452.378 452.151 448.466 355.751 296.051 251.236 230.438 147.379
488.157 474.606 473.491 466.196 463.715 452.380 452.151 448.666 355.523 296.051 251.244 230.439 147.381
488.163 474.607 473.492 466.188 463.735 452.383 452.151 448.858 355.302 296.050 251.247 230.439 147.385
488.171 474.608 473.492 466.182 463.749 452.390 452.153 449.029 355.105 296.049 251.242 230.440 147.390
488.179 474.609 473.492 466.175 463.767 452.395 452.152 449.197 354.917 296.049 251.232 230.440 147.395
488.189 474.610 473.492 466.168 463.783 452.402 452.152 449.365 354.724 296.048 251.227 230.440 147.400
488.199 474.612 473.491 466.161 463.796 452.410 452.152 449.520 354.542 296.048 251.223 230.441 147.406
488.209 474.613 473.491 466.155 463.809 452.418 452.152 449.669 354.368 296.047 251.216 230.441 147.411
488.218 474.613 473.491 466.150 463.820 452.426 452.153 449.797 354.212 296.047 251.213 230.441 147.417
488.228 474.615 473.491 466.145 463.829 452.437 452.154 449.922 354.061 296.046 251.207 230.441 147.423
488.237 474.615 473.490 466.140 463.839 452.447 452.154 450.041 353.922 296.046 251.200 230.441 147.428
488.247 474.616 473.490 466.135 463.850 452.458 452.155 450.155 353.778 296.045 251.195 230.441 147.434
488.255 474.618 473.489 466.131 463.859 452.465 452.154 450.251 353.661 296.045 251.191 230.442 147.439
488.265 474.618 473.489 466.127 463.867 452.475 452.155 450.348 353.543 296.044 251.182 230.442 147.445
488.276 474.619 473.489 466.123 463.874 452.484 452.155 450.437 353.430 296.044 251.177 230.442 147.450
488.285 474.620 473.488 466.120 463.881 452.491 452.155 450.516 353.326 296.044 251.178 230.442 147.453
488.293 474.621 473.488 466.117 463.888 452.498 452.155 450.591 353.221 296.043 251.184 230.442 147.458
488.302 474.622 473.488 466.114 463.890 452.507 452.156 450.658 353.130 296.043 251.185 230.442 147.462
488.310 474.623 473.487 466.112 463.897 452.513 452.156 450.718 353.045 296.043 251.189 230.442 147.466
488.318 474.623 473.487 466.110 463.900 452.520 452.156 450.776 352.963 296.043 251.193 230.442 147.470
488.325 474.624 473.487 466.108 463.905 452.526 452.156 450.827 352.887 296.042 251.200 230.442 147.472
488.331 474.625 473.486 466.106 463.909 452.531 452.156 450.873 352.818 296.042 251.205 230.442 147.476
488.338 474.625 473.486 466.105 463.912 452.536 452.156 450.917 352.750 296.042 251.212 230.442 147.479
488.344 474.626 473.486 466.103 463.915 452.542 452.156 450.957 352.688 296.042 251.219 230.441 147.481
488.348 474.626 473.486 466.102 463.917 452.546 452.156 450.993 352.632 296.042 251.226 230.441 147.484
488.353 474.627 473.486 466.101 463.920 452.549 452.156 451.023 352.582 296.042 251.234 230.441 147.486
488.357 474.627 473.486 466.100 463.922 452.553 452.156 451.053 352.533 296.041 251.242 230.441 147.487
488.361 474.628 473.485 466.099 463.924 452.557 452.156 451.079 352.491 296.041 251.248 230.441 147.489
488.365 474.628 473.485 466.099 463.926 452.559 452.156 451.101 352.455 296.041 251.254 230.441 147.491
488.368 474.628 473.485 466.098 463.927 452.562 452.156 451.121 352.420 296.041 251.260 230.441 147.492
488.371 474.629 473.485 466.098 463.928 452.564 452.156 451.141 352.385 296.041 251.267 230.441 147.494
488.374 474.629 473.485 466.097 463.930 452.567 452.156 451.159 352.354 296.041 251.273 230.441 147.495
109.596 90.613 83.249 89.046 108.113 99.967 88.921 87.638 60.716 62.884 52.914 33.182 33.162
211.430 209.003 175.012 197.414 203.760 185.825 167.759 174.649 126.171 109.027 92.863 72.190 74.895
323.618 299.449 256.212 289.119 302.290 280.813 267.258 280.461 185.355 161.229 139.861 95.696 118.640
506.716 503.080 496.796 469.032 468.903 468.412 464.748 453.640 320.305 277.567 223.275 174.472 173.053
504.638 504.548 501.958 473.181 467.242 466.488 463.288 451.481 326.987 282.157 217.343 179.738 160.950
505.753 503.537 503.111 475.501 465.100 464.802 461.641 448.512 330.711 284.660 214.595 180.988 161.090
506.592 503.447 503.129 476.539 464.326 463.522 460.534 446.095 333.434 286.686 212.441 181.102 162.153
506.986 503.576 502.850 476.932 464.330 462.344 459.649 445.040 335.494 288.772 210.893 181.054 162.081
507.165 503.524 502.701 477.164 464.355 460.912 459.162 444.540 337.181 290.568 209.750 180.937 162.039
507.236 503.447 502.605 477.190 464.392 459.817 458.896 444.317 338.680 291.711 208.845 180.892 161.970
507.266 503.351 502.550 477.116 464.422 458.930 458.776 444.213 340.094 292.434 208.044 180.859 161.945
507.269 503.270 502.515 476.969 464.432 458.723 458.311 444.184 341.258 292.871 207.467 180.855 161.875
507.271 503.205 502.495 476.796 464.433 458.701 457.848 444.177 342.322 293.187 206.901 180.848 161.817
507.276 503.159 502.475 476.627 464.432 458.697 457.522 444.181 343.212 293.387 206.392 180.862 161.779
507.277 503.115 502.457 476.415 464.422 458.695 457.258 444.201 344.072 293.559 205.946 180.878 161.704
507.278 503.086 502.437 476.205 464.409 458.699 457.050 444.225 344.851 293.676 205.568 180.901 161.613
507.280 503.057 502.424 476.016 464.395 458.702 456.879 444.248 345.591 293.781 205.172 180.927 161.529
507.285 503.034 502.408 475.824 464.383 458.705 456.743 444.274 346.346 293.864 204.737 180.952 161.443
507.289 503.014 502.394 475.652 464.369 458.711 456.627 444.298 347.069 293.933 204.309 180.977 161.357
507.293 503.001 502.382 475.511 464.357 458.716 456.544 444.322 347.700 293.991 203.915 180.997 161.272
507.296 502.990 502.372 475.386 464.346 458.722 456.472 444.343 348.323 294.041 203.497 181.017 161.194
507.300 502.978 502.364 475.271 464.338 458.727 456.413 444.362 348.930 294.087 203.072 181.034 161.123
507.302 502.970 502.354 475.178 464.331 458.733 456.368 444.378 349.458 294.124 202.692 181.052 161.059
507.305 502.962 502.346 475.093 464.326 458.738 456.330 444.393 349.953 294.157 202.319 181.070 161.007
507.307 502.957 502.340 475.009 464.322 458.744 456.301 444.405 350.436 294.186 201.959 181.087 160.947
507.309 502.952 502.334 474.935 464.318 458.749 456.275 444.416 350.880 294.213 201.620 181.105 160.895
507.310 502.948 502.327 474.847 464.316 458.754 456.252 444.426 351.360 294.238 201.258 181.126 160.838
507.311 502.945 502.321 474.771 464.312 458.760 456.231 444.435 351.794 294.262 200.929 181.148 160.781
507.312 502.943 502.315 474.686 464.310 458.765 456.216 444.443 352.225 294.289 200.608 181.168 160.720
507.313 502.941 502.309 474.591 464.307 458.769 456.202 444.451 352.643 294.314 200.307 181.190 160.663
507.313 502.939 502.303 474.494 464.304 458.775 456.186 444.455 353.068 294.341 199.998 181.221 160.602
507.314 502.938 502.297 474.392 464.303 458.780 456.177 444.462 353.481 294.371 199.706 181.247 160.532
507.314 502.938 502.294 474.309 464.298 458.785 456.164 444.465 353.846 294.407 199.441 181.278 160.459
507.314 502.938 502.291 474.208 464.294 458.790 456.149 444.468 354.237 294.438 199.165 181.319 160.389
507.311 502.938 502.289 474.103 464.288 458.796 456.132 444.468 354.603 294.463 198.921 181.366 160.322
507.310 502.941 502.285 474.003 464.282 458.801 456.120 444.469 354.962 294.488 198.676 181.408 160.256
507.309 502.943 502.282 473.886 464.276 458.806 456.105 444.468 355.332 294.497 198.433 181.457 160.206
507.309 502.946 502.278 473.778 464.268 458.812 456.092 444.469 355.705 294.497 198.180 181.505 160.161
507.311 502.949 502.276 473.674 464.264 458.816 456.086 444.473 356.039 294.488 197.955 181.546 160.123
507.311 502.953 502.271 473.555 464.259 458.822 456.082 444.475 356.417 294.475 197.705 181.584 160.091
507.313 502.956 502.267 473.461 464.254 458.827 456.076 444.477 356.747 294.461 197.477 181.616 160.068
507.316 502.958 502.260 473.356 464.250 458.832 456.075 444.482 357.098 294.442 197.237 181.645 160.048
507.318 502.961 502.256 473.283 464.246 458.837 456.072 444.485 357.399 294.428 197.015 181.668 160.032
507.321 502.962 502.251 473.198 464.242 458.842 456.072 444.490 357.731 294.412 196.775 181.688 160.015
507.323 502.963 502.246 473.121 464.239 458.846 456.074 444.495 358.041 294.397 196.552 181.706 159.997
507.326 502.963 502.242 473.060 464.236 458.851 456.075 444.499 358.341 294.386 196.323 181.720 159.980
507.328 502.963 502.237 472.996 464.233 458.855 456.077 444.503 358.631 294.375 196.105 181.732 159.964
507.332 502.963 502.233 472.938 464.229 458.860 456.079 444.507 358.943 294.366 195.861 181.742 159.946
507.333 502.962 502.229 472.892 464.227 458.865 456.080 444.512 359.210 294.358 195.654 181.750 159.926
507.336 502.961 502.226 472.847 464.224 458.870 456.081 444.516 359.494 294.352 195.428 181.757 159.909
507.338 502.960 502.223 472.805 464.221 458.874 456.083 444.519 359.755 294.346 195.223 181.763 159.890
507.340 502.959 502.220 472.771 464.218 458.878 456.084 444.523 360.019 294.342 195.010 181.769 159.869
507.342 502.957 502.216 472.736 464.215 458.883 456.085 444.525 360.287 294.338 194.793 181.773 159.849
507.344 502.955 502.214 472.707 464.213 458.888 456.088 444.528 360.521 294.335 194.598 181.776 159.834
507.346 502.953 502.212 472.677 464.210 458.892 456.090 444.531 360.787 294.332 194.378 181.780 159.814
507.348 502.950 502.209 472.647 464.207 458.897 456.093 444.533 361.051 294.329 194.159 181.782 159.793
507.349 502.948 502.207 472.625 464.204 458.901 456.095 444.535 361.277 294.328 193.972 181.785 159.774
507.351 502.946 502.204 472.600 464.202 458.906 456.097 444.538 361.511 294.326 193.780 181.787 159.754
507.352 502.944 502.203 472.576 464.199 458.910 456.099 444.539 361.748 294.325 193.583 181.788 159.734
507.354 502.941 502.200 472.554 464.196 458.914 456.102 444.541 361.984 294.324 193.386 181.790 159.714
507.355 502.938 502.198 472.535 464.194 458.919 456.104 444.543 362.205 294.323 193.200 181.791 159.696
507.357 502.936 502.197 472.516 464.191 458.923 456.107 444.544 362.427 294.323 193.010 181.792 159.677
507.358 502.934 502.195 472.498 464.189 458.928 456.109 444.546 362.646 294.322 192.826 181.793 159.658
507.359 502.931 502.193 472.477 464.186 458.932 456.112 444.547 362.862 294.322 192.647 181.794 159.638
507.361 502.928 502.191 472.461 464.184 458.936 456.114 444.548 363.071 294.321 192.470 181.795 159.620
507.362 502.926 502.189 472.443 464.182 458.940 456.117 444.549 363.281 294.321 192.296 181.795 159.600
507.363 502.923 502.188 472.427 464.179 458.944 456.120 444.550 363.483 294.321 192.123 181.796 159.582
507.364 502.921 502.186 472.408 464.177 458.949 456.123 444.550 363.691 294.321 191.949 181.796 159.564
507.366 502.918 502.184 472.391 464.174 458.953 456.127 444.552 363.909 294.321 191.767 181.797 159.543
507.367 502.916 502.182 472.376 464.172 458.958 456.129 444.553 364.113 294.321 191.595 181.797 159.522
507.368 502.913 502.181 472.359 464.170 458.962 456.132 444.553 364.318 294.320 191.422 181.798 159.503
507.369 502.910 502.179 472.345 464.167 458.967 456.135 444.554 364.519 294.320 191.253 181.798 159.484
507.370 502.907 502.178 472.329 464.165 458.972 456.138 444.554 364.709 294.321 191.093 181.798 159.465
507.372 502.905 502.176 472.314 464.163 458.977 456.141 444.555 364.893 294.321 190.936 181.799 159.449
507.373 502.902 502.175 472.301 464.161 458.982 456.144 444.555 365.075 294.321 190.782 181.799 159.431
507.374 502.900 502.174 472.287 464.159 458.987 456.147 444.556 365.255 294.321 190.631 181.799 159.414
507.374 502.897 502.172 472.274 464.157 458.991 456.149 444.556 365.423 294.321 190.490 181.799 159.396
507.375 502.895 502.171 472.260 464.155 458.995 456.151 444.556 365.569 294.321 190.369 181.799 159.382
507.376 502.893 502.170 472.249 464.153 458.999 456.153 444.557 365.717 294.321 190.245 181.800 159.367
507.377 502.890 502.169 472.237 464.151 459.004 456.155 444.557 365.862 294.320 190.124 181.800 159.353
507.377 502.888 502.168 472.225 464.150 459.008 456.157 444.558 365.992 294.320 190.018 181.800 159.339
507.378 502.886 502.167 472.214 464.148 459.012 456.159 444.558 366.125 294.320 189.909 181.800 159.325
507.379 502.884 502.166 472.204 464.147 459.015 456.160 444.558 366.246 294.320 189.807 181.800 159.313
507.380 502.882 502.165 472.195 464.146 459.020 456.162 444.558 366.358 294.320 189.713 181.800 159.302
507.381 502.879 502.164 472.184 464.145 459.023 456.163 444.559 366.465 294.320 189.624 181.800 159.292
507.381 502.878 502.164 472.177 464.143 459.026 456.164 444.559 366.561 294.320 189.546 181.800 159.280
507.382 502.876 502.163 472.169 464.142 459.029 456.166 444.560 366.661 294.320 189.463 181.800 159.269
507.382 502.874 502.162 472.161 464.141 459.033 456.167 444.560 366.756 294.320 189.384 181.800 159.259
507.383 502.872 502.161 472.154 464.140 459.036 456.168 444.560 366.841 294.320 189.314 181.800 159.250
507.383 502.871 502.161 472.147 464.139 459.039 456.169 444.560 366.918 294.320 189.250 181.800 159.242
507.384 502.869 502.160 472.140 464.138 459.042 456.170 444.560 366.994 294.320 189.187 181.800 159.235
507.384 502.868 502.160 472.134 464.137 459.045 456.170 444.561 367.066 294.320 189.129 181.800 159.227
507.384 502.866 502.159 472.128 464.137 459.047 456.171 444.561 367.135 294.320 189.072 181.801 159.219
507.385 502.865 502.159 472.123 464.136 459.050 456.172 444.561 367.193 294.320 189.023 181.801 159.213
507.385 502.864 502.158 472.118 464.135 459.052 456.172 444.561 367.250 294.320 188.976 181.801 159.207
507.386 502.862 502.158 472.114 464.134 459.054 456.173 444.561 367.299 294.320 188.936 181.801 159.202
507.386 502.861 502.158 472.109 464.134 459.056 456.174 444.562 367.350 294.320 188.894 181.801 159.197
507.386 502.860 502.157 472.106 464.133 459.058 456.174 444.562 367.393 294.320 188.859 181.801 159.192
507.386 502.859 502.157 472.102 464.133 459.059 456.174 444.562 367.434 294.319 188.826 181.801 159.187
507.387 502.858 502.157 472.098 464.132 459.061 456.175 444.562 367.473 294.319 188.794 181.801 159.183
507.387 502.858 502.157 472.095 464.132 459.062 456.175 444.562 367.508 294.319 188.765 181.801 159.179
507.387 502.857 502.156 472.092 464.131 459.064 456.175 444.563 367.544 294.319 188.736 181.801 159.175
507.387 502.856 502.156 472.090 464.131 459.065 456.176 444.563 367.575 294.319 188.710 181.801 159.172
507.387 502.855 502.156 472.087 464.131 459.066 456.176 444.563 367.603 294.319 188.687 181.801 159.169
92.771 96.196 89.554 95.093 84.452 88.528 94.411 101.445 77.574 59.682 38.446 41.485 40.363
181.263 190.651 207.513 195.085 167.850 179.046 182.449 180.764 153.629 118.326 89.917 77.400 76.107
282.608 298.874 300.263 289.303 252.145 287.417 265.851 265.873 228.468 179.190 133.343 106.897 109.767
484.859 474.538 472.397 469.028 464.777 451.422 440.885 435.209 375.924 312.433 223.026 199.190 196.313
484.908 477.170 472.881 470.718 469.696 455.161 441.573 439.749 372.175 307.833 218.747 200.112 189.279
485.635 481.465 473.794 472.769 466.421 456.424 442.243 441.534 369.698 306.979 216.600 200.218 186.219
486.366 483.917 475.684 472.740 463.834 456.849 444.346 440.708 367.990 306.719 215.582 200.074 185.192
486.827 485.139 476.759 472.752 461.964 457.023 445.790 439.657 366.889 306.697 215.223 199.924 185.357
487.115 485.754 477.645 472.748 460.852 457.090 446.951 439.016 365.963 306.709 214.986 199.846 185.325
487.336 486.079 478.377 472.746 460.034 457.113 447.839 438.565 364.981 306.740 214.936 199.798 185.457
487.499 486.302 479.049 472.749 459.416 457.120 448.558 438.268 363.947 306.757 215.184 199.763 185.388
487.622 486.455 479.613 472.755 458.948 457.115 448.961 438.119 363.067 306.765 215.569 199.741 185.268
487.707 486.561 480.062 472.760 458.599 457.113 449.225 438.031 362.228 306.771 216.037 199.728 185.179
487.765 486.621 480.441 472.763 458.332 457.111 449.384 437.963 361.465 306.775 216.463 199.721 185.196
487.816 486.664 480.765 472.764 458.128 457.110 449.488 437.909 360.757 306.778 216.914 199.716 185.192
487.850 486.687 481.037 472.764 457.949 457.105 449.559 437.867 360.110 306.780 217.344 199.714 185.234
487.874 486.706 481.284 472.764 457.793 457.102 449.611 437.837 359.530 306.780 217.751 199.711 185.256
487.890 486.719 481.514 472.764 457.631 457.099 449.661 437.815 358.936 306.780 218.195 199.710 185.286
487.901 486.727 481.726 472.763 457.461 457.096 449.708 437.799 358.397 306.780 218.626 199.708 185.308
487.907 486.732 481.891 472.762 457.285 457.094 449.752 437.789 357.947 306.779 219.031 199.707 185.323
487.911 486.736 482.041 472.761 457.110 457.093 449.803 437.786 357.540 306.779 219.412 199.706 185.321
487.912 486.739 482.154 472.760 457.092 456.962 449.846 437.785 357.202 306.779 219.758 199.705 185.306
487.912 486.740 482.255 472.758 457.093 456.850 449.888 437.786 356.949 306.779 219.996 199.705 185.289
487.910 486.741 482.316 472.757 457.093 456.780 449.926 437.789 356.765 306.778 220.169 199.705 185.271
487.909 486.741 482.363 472.756 457.092 456.742 449.956 437.790 356.617 306.778 220.285 199.704 185.264
487.908 486.741 482.398 472.756 457.092 456.719 449.979 437.792 356.520 306.778 220.358 199.704 185.254
487.907 486.741 482.425 472.755 457.092 456.706 449.998 437.794 356.443 306.778 220.410 199.704 185.248
487.906 486.740 482.444 472.755 457.092 456.700 450.011 437.794 356.388 306.778 220.444 199.704 185.243
487.905 486.740 482.458 472.754 457.092 456.697 450.021 437.795 356.349 306.778 220.466 199.704 185.240
487.905 486.740 482.468 472.754 457.092 456.695 450.028 437.796 356.325 306.778 220.478 199.704 185.236
487.905 486.740 482.476 472.754 457.092 456.695 450.034 437.796 356.305 306.778 220.488 199.704 185.232
487.904 486.740 482.482 472.754 457.092 456.695 450.038 437.797 356.290 306.778 220.495 199.704 185.229
99.072 76.434 100.579 100.352 98.197 105.896 97.144 88.731 63.670 55.471 33.822 32.204 48.428
189.526 162.976 206.393 186.286 182.581 213.695 180.774 183.357 139.741 111.896 64.173 64.657 113.943
292.054 254.771 293.097 270.791 273.439 302.074 281.454 286.766 226.268 161.640 100.067 99.239 158.339
492.165 486.911 482.381 470.973 462.183 457.090 445.366 435.917 366.992 304.114 252.218 173.350 170.341
494.892 492.755 481.308 473.489 461.085 459.326 440.911 437.853 369.260 305.089 225.848 179.760 178.424
499.533 493.109 481.366 475.004 461.385 458.416 437.565 435.917 370.933 305.985 217.771 181.753 181.263
502.144 493.153 481.427 476.066 463.242 456.074 436.953 431.345 372.295 306.503 214.370 183.307 183.122
503.073 493.135 481.476 476.671 465.192 454.601 436.294 427.476 372.919 307.040 213.065 184.981 184.076
503.519 493.193 481.464 477.093 467.155 453.381 435.724 424.369 373.557 307.554 212.532 185.832 184.626
503.744 493.297 481.480 477.406 468.437 451.888 435.115 422.424 373.860 308.031 212.871 186.452 184.994
503.902 493.411 481.449 477.635 469.095 449.667 434.581 421.480 374.077 308.376 214.126 186.901 185.299
504.033 493.565 481.364 477.844 469.441 447.176 434.024 421.191 374.227 308.671 215.593 187.282 185.589
504.130 493.685 481.186 478.083 469.653 445.639 433.490 421.180 374.239 308.983 216.086 187.770 185.876
504.180 493.765 481.056 478.244 469.762 444.920 433.032 421.155 374.046 309.371 215.993 188.300 186.177
504.210 493.821 480.923 478.368 469.810 444.515 432.622 421.136 373.851 309.834 215.643 188.783 186.484
504.214 493.859 480.785 478.420 469.828 444.280 432.196 421.033 373.577 310.434 215.162 189.328 186.884
504.219 493.870 480.464 478.428 469.845 444.104 431.815 420.938 373.453 310.799 214.762 189.964 187.339
504.230 493.858 479.394 478.383 469.871 443.874 431.255 420.810 374.027 310.909 214.587 190.916 187.885
504.271 493.815 478.313 478.040 469.892 443.417 430.619 420.689 375.154 310.807 214.528 191.993 188.462
504.313 493.744 478.267 476.981 469.917 442.943 430.035 420.600 376.457 310.707 214.483 192.645 188.908
504.344 493.646 478.227 476.337 469.937 442.336 429.535 420.530 377.817 310.622 214.501 192.939 189.229
504.357 493.534 478.165 475.985 469.958 441.705 429.154 420.486 379.073 310.590 214.527 193.043 189.424
504.358 493.405 478.101 475.779 469.985 441.112 428.885 420.450 380.032 310.601 214.553 193.201 189.539
504.337 493.275 478.036 475.554 470.004 440.534 428.711 420.435 380.896 310.636 214.526 193.447 189.609
504.306 493.154 477.981 475.307 470.030 439.950 428.573 420.418 381.699 310.678 214.463 193.781 189.659
504.272 493.026 477.924 475.045 470.050 439.495 428.480 420.403 382.357 310.744 214.369 194.139 189.695
504.235 492.910 477.881 474.749 470.069 439.119 428.417 420.389 383.005 310.810 214.244 194.446 189.726
504.200 492.808 477.842 474.396 470.085 438.839 428.377 420.363 383.589 310.887 214.097 194.767 189.750
504.171 492.715 477.815 474.077 470.100 438.636 428.350 420.339 384.102 310.964 213.940 195.016 189.775
504.143 492.637 477.785 473.713 470.113 438.486 428.338 420.312 384.594 311.054 213.771 195.260 189.794
504.116 492.566 477.757 473.323 470.121 438.374 428.340 420.285 385.118 311.151 213.568 195.474 189.807
504.093 492.506 477.737 472.976 470.128 438.291 428.347 420.249 385.619 311.255 213.373 195.606 189.820
504.066 492.449 477.715 472.612 470.129 438.233 428.364 420.196 386.156 311.366 213.163 195.716 189.834
504.041 492.391 477.691 472.252 470.129 438.163 428.387 420.139 386.747 311.487 212.926 195.806 189.841
504.017 492.340 477.672 471.964 470.127 438.100 428.414 420.093 387.360 311.596 212.671 195.804 189.842
503.992 492.290 477.648 471.603 470.122 438.036 428.467 420.026 387.978 311.706 212.403 195.886 189.843
503.971 492.243 477.624 471.293 470.118 437.966 428.522 419.969 388.572 311.796 212.094 195.990 189.842
503.950 492.193 477.593 470.887 470.113 437.897 428.602 419.887 389.169 311.874 211.776 196.214 189.845
503.927 492.145 477.562 470.490 470.115 437.855 428.670 419.797 389.697 311.937 211.505 196.448 189.851
503.909 492.102 477.531 470.117 470.079 437.800 428.747 419.724 390.281 311.989 211.228 196.640 189.853
503.893 492.053 477.502 470.112 469.739 437.753 428.810 419.647 390.804 312.028 210.991 196.813 189.855
503.887 492.011 477.476 470.117 469.375 437.694 428.850 419.581 391.411 312.063 210.828 196.848 189.859
503.883 491.971 477.441 470.119 469.038 437.635 428.889 419.524 392.042 312.092 210.675 196.829 189.863
503.891 491.930 477.408 470.117 468.690 437.557 428.889 419.473 392.970 312.115 210.581 196.513 189.864
503.902 491.896 477.356 470.121 468.173 437.376 428.838 419.435 394.636 312.146 210.613 195.641 189.866
503.978 491.860 477.271 470.138 467.596 437.215 428.770 419.435 396.505 312.155 210.628 194.586 189.863
504.079 491.816 477.057 470.139 466.766 436.948 428.610 419.409 398.669 312.169 210.815 193.661 189.862
504.169 491.765 476.562 470.173 465.857 436.688 428.449 419.447 400.566 312.154 210.950 193.363 189.856
504.273 491.706 476.030 470.214 465.222 436.550 428.391 419.515 401.724 312.133 211.045 193.346 189.852
504.346 491.653 475.874 470.246 464.679 436.479 428.339 419.583 402.404 312.121 211.101 193.322 189.853
504.395 491.615 475.806 470.271 464.246 436.460 428.323 419.634 402.742 312.109 211.138 193.404 189.857
504.435 491.590 475.774 470.289 463.931 436.472 428.320 419.675 402.978 312.100 211.167 193.406 189.861
504.463 491.571 475.756 470.300 463.692 436.486 428.320 419.701 403.121 312.095 211.176 193.454 189.864
504.487 491.558 475.743 470.308 463.522 436.502 428.323 419.722 403.228 312.091 211.181 193.472 189.866
504.507 491.546 475.733 470.314 463.377 436.517 428.329 419.735 403.308 312.089 211.183 193.494 189.867
504.524 491.536 475.725 470.317 463.271 436.526 428.336 419.741 403.372 312.088 211.183 193.511 189.868
504.538 491.530 475.719 470.320 463.198 436.530 428.344 419.744 403.420 312.088 211.184 193.516 189.869
504.552 491.525 475.714 470.321 463.134 436.534 428.351 419.747 403.463 312.088 211.183 193.519 189.870
504.565 491.521 475.709 470.323 463.083 436.538 428.356 419.748 403.509 312.089 211.183 193.506 189.870
504.579 491.517 475.705 470.323 463.045 436.541 428.362 419.748 403.551 312.089 211.183 193.486 189.870
504.591 491.514 475.702 470.323 463.010 436.541 428.367 419.748 403.587 312.090 211.183 193.473 189.871
504.605 491.512 475.699 470.323 462.979 436.542 428.371 419.748 403.634 312.090 211.182 193.443 189.871
504.619 491.511 475.697 470.323 462.946 436.542 428.375 419.747 403.672 312.091 211.181 193.424 189.871
504.634 491.509 475.695 470.322 462.921 436.540 428.378 419.746 403.709 312.092 211.179 193.402 189.871
504.652 491.509 475.693 470.321 462.897 436.542 428.381 419.746 403.767 312.092 211.181 193.348 189.871
504.668 491.508 475.691 470.320 462.875 436.540 428.383 419.744 403.817 312.093 211.181 193.308 189.871
504.688 491.509 475.690 470.320 462.847 436.538 428.385 419.744 403.903 312.093 211.179 193.233 189.872
504.704 491.508 475.689 470.318 462.820 436.535 428.386 419.742 403.971 312.094 211.178 193.185 189.872
504.718 491.508 475.687 470.316 462.790 436.533 428.386 419.740 404.074 312.095 211.179 193.103 189.872
504.726 491.509 475.686 470.314 462.769 436.529 428.388 419.738 404.185 312.095 211.180 193.008 189.872
504.719 491.512 475.685 470.311 462.741 436.526 428.388 419.735 404.326 312.096 211.184 192.904 189.872
504.704 491.513 475.683 470.308 462.719 436.524 428.388 419.732 404.427 312.098 211.185 192.848 189.872
504.670 491.514 475.681 470.306 462.703 436.521 428.386 419.728 404.568 312.099 211.189 192.763 189.872
504.634 491.516 475.681 470.304 462.690 436.518 428.385 419.725 404.702 312.100 211.190 192.683 189.872
504.603 491.517 475.679 470.301 462.680 436.516 428.384 419.722 404.808 312.102 211.191 192.624 189.872
504.563 491.518 475.678 470.299 462.678 436.513 428.382 419.718 404.912 312.103 211.195 192.569 189.873
504.535 491.518 475.675 470.296 462.677 436.511 428.380 419.714 404.987 312.105 211.197 192.531 189.873
504.505 491.518 475.673 470.294 462.683 436.508 428.378 419.711 405.044 312.106 211.202 192.506 189.873
504.485 491.518 475.672 470.292 462.689 436.505 428.376 419.709 405.089 312.108 211.205 192.481 189.873
504.468 491.517 475.670 470.291 462.694 436.504 428.374 419.707 405.122 312.109 211.207 192.464 189.873
504.454 491.517 475.669 470.289 462.701 436.502 428.373 419.705 405.149 312.109 211.210 192.448 189.873
504.444 491.517 475.668 470.288 462.707 436.501 428.371 419.703 405.167 312.110 211.212 192.438 189.874
504.437 491.516 475.667 470.287 462.713 436.501 428.369 419.702 405.180 312.111 211.215 192.428 189.874
504.431 491.516 475.666 470.286 462.719 436.500 428.368 419.701 405.191 312.112 211.218 192.420 189.874
107.304 105.668 86.594 88.421 89.694 93.802 81.778 65.801 85.818 69.577 42.027 40.318 43.199
204.992 208.051 190.539 172.310 179.524 181.170 174.633 151.315 168.525 131.938 76.071 76.336 84.597
307.370 292.291 284.192 249.760 271.428 272.468 272.275 251.088 249.636 186.063 115.493 116.956 130.979
489.590 483.014 482.012 450.872 449.300 447.200 434.536 429.639 416.811 291.620 221.156 218.536 185.714
487.900 484.543 484.445 451.223 448.308 445.028 435.892 434.868 410.071 289.634 223.861 210.883 193.344
486.717 485.440 484.894 452.485 446.059 443.096 439.076 434.183 406.034 288.901 225.658 208.885 198.572
485.786 485.729 485.159 453.433 444.381 442.077 442.048 432.955 403.106 288.011 227.345 207.808 202.162
485.897 485.333 484.921 453.920 444.318 443.099 441.515 431.721 401.205 287.198 228.428 207.718 204.727
486.000 485.446 484.076 454.169 446.328 442.282 441.095 430.395 399.878 286.562 229.027 208.229 206.514
486.148 485.529 483.322 454.336 447.818 441.703 440.871 429.224 398.778 286.107 229.374 208.873 207.916
486.286 485.599 482.558 454.439 449.210 441.398 440.698 427.983 397.800 285.752 229.590 209.760 208.927
486.464 485.647 482.022 454.462 450.565 441.238 440.607 426.624 396.983 285.479 229.699 210.642 209.568
486.607 485.714 481.545 454.466 451.784 441.191 440.523 424.975 396.244 285.230 229.765 212.011 209.946
486.729 485.784 481.123 454.449 452.628 441.188 440.457 423.043 395.620 285.015 229.804 214.049 210.110
486.865 485.848 480.818 454.425 453.367 441.186 440.368 421.286 395.098 284.805 229.824 215.973 210.136
486.974 485.889 480.629 454.409 453.798 441.198 440.333 420.219 394.599 284.637 229.824 217.218 210.271
487.053 485.925 480.514 454.389 454.130 441.200 440.288 419.532 394.212 284.486 229.829 218.063 210.380
487.109 485.946 480.432 454.378 454.337 441.223 440.261 419.122 393.789 284.359 229.830 218.612 210.603
487.148 485.959 480.385 454.474 454.370 441.255 440.248 418.887 393.414 284.251 229.830 218.943 210.835
487.174 485.966 480.354 454.552 454.364 441.300 440.242 418.771 393.028 284.174 229.830 219.124 211.122
487.191 485.971 480.336 454.604 454.358 441.347 440.240 418.700 392.638 284.108 229.830 219.249 211.428
487.201 485.975 480.326 454.639 454.351 441.404 440.241 418.657 392.265 284.053 229.832 219.335 211.722
487.208 485.976 480.324 454.660 454.342 441.454 440.241 418.633 391.978 284.013 229.834 219.387 211.949
487.210 485.979 480.322 454.673 454.337 441.507 440.243 418.618 391.676 283.985 229.835 219.423 212.191
487.212 485.981 480.321 454.682 454.332 441.560 440.245 418.609 391.389 283.962 229.837 219.449 212.421
487.212 485.981 480.323 454.687 454.324 441.610 440.246 418.603 391.147 283.947 229.838 219.464 212.616
487.212 485.982 480.325 454.691 454.319 441.660 440.248 418.599 390.914 283.934 229.839 219.478 212.799
487.211 485.983 480.327 454.694 454.314 441.703 440.249 418.597 390.702 283.925 229.840 219.486 212.971
487.211 485.983 480.329 454.695 454.310 441.742 440.251 418.596 390.514 283.918 229.840 219.491 213.119
487.211 485.984 480.330 454.696 454.305 441.777 440.252 418.595 390.348 283.913 229.841 219.496 213.252
487.209 485.984 480.332 454.697 454.302 441.812 440.253 418.594 390.194 283.909 229.841 219.499 213.374
487.209 485.985 480.333 454.697 454.299 441.843 440.254 418.594 390.061 283.906 229.842 219.500 213.478
487.208 485.985 480.333 454.698 454.296 441.869 440.255 418.594 389.944 283.905 229.842 219.501 213.571
487.207 485.986 480.334 454.698 454.294 441.895 440.255 418.593 389.835 283.903 229.842 219.502 213.657
487.206 485.986 480.335 454.698 454.292 441.916 440.256 418.593 389.746 283.902 229.842 219.503 213.725
487.206 485.986 480.336 454.698 454.290 441.934 440.257 418.593 389.664 283.901 229.842 219.503 213.790
487.205 485.986 480.336 454.698 454.289 441.950 440.257 418.593 389.592 283.901 229.842 219.503 213.848
487.205 485.986 480.336 454.698 454.288 441.965 440.257 418.594 389.524 283.900 229.842 219.503 213.902
487.204 485.986 480.336 454.698 454.287 441.979 440.258 418.594 389.469 283.900 229.842 219.503 213.945
487.204 485.987 480.337 454.698 454.286 441.991 440.258 418.594 389.417 283.900 229.842 219.502 213.986
487.204 485.987 480.337 454.698 454.285 442.001 440.258 418.594 389.373 283.900 229.842 219.502 214.020
487.203 485.987 480.337 454.698 454.285 442.011 440.259 418.594 389.332 283.900 229.842 219.502 214.051
487.203 485.987 480.337 454.697 454.284 442.019 440.259 418.594 389.300 283.899 229.843 219.502 214.077
487.203 485.987 480.337 454.697 454.284 442.026 440.259 418.594 389.268 283.899 229.843 219.502 214.102
77.328 101.351 96.075 88.207 90.376 93.180 89.784 86.367 84.101 66.028 36.068 52.601 38.532
179.374 190.187 195.463 211.395 176.796 184.235 178.872 170.669 139.449 127.678 71.136 103.335 71.410
275.368 294.682 296.541 293.140 257.394 282.536 264.429 250.685 206.309 195.593 116.864 150.230 116.230
494.209 483.070 480.568 474.931 463.258 429.147 427.398 424.002 370.092 316.594 255.577 196.754 184.399
493.018 483.108 479.202 476.645 465.718 432.587 431.227 430.830 377.003 315.103 236.609 200.920 178.031
490.970 483.000 480.871 472.117 466.517 434.232 433.371 433.191 382.022 313.788 234.193 202.899 172.829
490.163 482.928 481.918 467.837 467.065 435.243 435.086 434.818 384.970 313.196 233.326 203.957 169.495
489.910 482.967 482.440 467.318 464.794 436.389 435.841 435.502 386.894 313.001 232.948 204.493 167.505
489.746 483.008 482.688 467.409 462.449 437.172 436.621 435.728 388.480 312.983 232.791 204.778 166.148
489.652 483.063 482.739 467.383 460.762 437.747 437.200 435.798 389.773 313.048 232.445 204.915 165.473
489.576 483.122 482.666 467.321 459.283 438.224 437.730 435.729 391.015 313.164 232.056 204.971 165.143
489.517 483.195 482.648 467.252 458.047 438.613 438.132 435.584 392.042 313.275 231.924 204.979 164.791
489.484 483.279 482.700 467.238 456.757 438.973 438.500 435.493 392.954 313.403 232.036 204.973 164.207
489.455 483.369 482.794 467.274 455.416 439.307 438.835 435.509 393.631 313.525 232.285 204.977 163.622
489.432 483.495 482.879 467.307 453.997 439.585 439.125 435.561 394.210 313.650 232.728 204.974 163.056
489.413 483.598 482.959 467.340 452.667 439.840 439.367 435.656 394.621 313.778 233.143 204.980 162.638
489.398 483.710 483.010 467.366 451.413 440.040 439.588 435.725 394.963 313.914 233.620 204.983 162.270
489.384 483.782 483.061 467.394 450.100 440.221 439.788 435.803 395.251 314.088 234.179 204.993 161.957
489.376 483.826 483.110 467.424 448.673 440.417 439.954 435.887 395.487 314.317 234.813 205.008 161.708
489.369 483.845 483.156 467.454 447.223 440.586 440.074 435.980 395.652 314.605 235.473 205.042 161.540
489.367 483.862 483.191 467.495 445.814 440.751 440.184 436.071 395.801 314.948 236.040 205.075 161.399
489.362 483.873 483.216 467.532 444.625 440.902 440.280 436.147 395.929 315.268 236.475 205.112 161.280
489.360 483.878 483.227 467.570 443.602 441.024 440.360 436.209 396.029 315.531 236.885 205.138 161.186
489.359 483.881 483.227 467.606 442.775 441.114 440.426 436.263 396.117 315.745 237.241 205.148 161.100
489.354 483.879 483.213 467.638 441.987 441.182 440.496 436.307 396.177 315.955 237.623 205.153 161.036
489.357 483.879 483.201 467.668 441.318 441.241 440.560 436.350 396.239 316.136 237.932 205.153 160.966
489.357 483.875 483.183 467.697 441.296 440.625 440.607 436.386 396.292 316.281 238.350 205.149 160.901
489.361 483.874 483.168 467.724 441.349 440.693 439.952 436.423 396.335 316.363 238.766 205.147 160.846
489.365 483.871 483.155 467.750 441.396 440.757 439.287 436.460 396.365 316.408 239.240 205.145 160.801
489.372 483.869 483.150 467.777 441.465 440.818 438.563 436.501 396.381 316.432 239.763 205.144 160.764
489.383 483.867 483.152 467.803 441.542 440.882 437.771 436.551 396.399 316.449 240.327 205.144 160.729
489.395 483.864 483.157 467.825 441.617 440.947 436.927 436.607 396.401 316.461 240.953 205.144 160.704
489.411 483.863 483.163 467.845 441.700 441.017 436.669 436.093 396.405 316.471 241.537 205.146 160.680
489.430 483.857 483.178 467.866 441.819 441.096 436.748 435.009 396.394 316.484 242.312 205.147 160.658
489.447 483.853 483.215 467.892 442.019 441.198 436.841 433.604 396.347 316.503 243.281 205.149 160.651
489.463 483.849 483.251 467.916 442.246 441.309 436.961 431.970 396.301 316.516 244.412 205.152 160.654
489.487 483.849 483.305 467.941 442.560 441.443 437.097 430.127 396.144 316.543 245.675 205.155 160.674
489.524 483.848 483.354 467.962 442.813 441.542 437.255 428.629 395.960 316.561 246.690 205.158 160.704
489.565 483.845 483.383 467.966 442.971 441.585 437.400 427.601 395.666 316.572 247.557 205.160 160.730
489.610 483.840 483.403 467.973 443.114 441.547 437.580 426.814 394.898 316.583 248.708 205.164 160.765
489.673 483.828 483.453 467.967 443.284 441.385 437.779 426.401 393.805 316.596 249.679 205.169 160.982
489.729 483.822 483.505 467.943 443.407 441.202 437.953 426.103 393.077 316.604 250.129 205.173 161.355
489.774 483.816 483.534 467.920 443.457 441.055 438.087 425.855 392.649 316.607 250.361 205.175 161.710
489.804 483.811 483.566 467.893 443.482 440.929 438.200 425.617 392.343 316.607 250.555 205.176 162.018
489.823 483.807 483.583 467.868 443.493 440.842 438.272 425.442 392.140 316.607 250.685 205.176 162.262
489.837 483.802 483.600 467.851 443.496 440.778 438.331 425.287 391.976 316.606 250.791 205.177 162.469
489.846 483.797 483.609 467.834 443.497 440.734 438.367 425.174 391.863 316.606 250.863 205.177 162.633
489.853 483.793 483.619 467.820 443.496 440.701 438.398 425.073 391.761 316.606 250.924 205.177 162.779
489.856 483.789 483.627 467.808 443.494 440.681 438.424 424.996 391.692 316.605 250.967 205.178 162.883
489.859 483.785 483.633 467.799 443.493 440.665 438.443 424.931 391.628 316.605 251.000 205.178 162.979
489.861 483.782 483.636 467.790 443.493 440.656 438.454 424.886 391.582 316.605 251.021 205.178 163.055
489.863 483.780 483.639 467.783 443.493 440.648 438.466 424.846 391.542 316.605 251.038 205.178 163.119
489.864 483.778 483.642 467.777 443.493 440.643 438.474 424.814 391.509 316.605 251.051 205.178 163.174
489.865 483.776 483.644 467.771 443.493 440.641 438.478 424.791 391.483 316.605 251.058 205.178 163.217
489.866 483.774 483.646 467.765 443.493 440.638 438.483 424.770 391.461 316.605 251.065 205.178 163.257
489.866 483.772 483.648 467.760 443.494 440.636 438.486 424.754 391.442 316.605 251.070 205.178 163.290
489.867 483.771 483.649 467.756 443.494 440.635 438.489 424.742 391.428 316.605 251.072 205.178 163.314
489.867 483.770 483.650 467.753 443.493 440.634 438.492 424.732 391.417 316.605 251.075 205.178 163.335
