0
0
0
0
1 3 4 2 0
10 13 5 17 9 18 14 0 7 6 8 1 3 4 2
10 13 5 9 17 14 18 7 6 8 0 1 3 4 2
10 5 13 9 14 17 18 0 6 7 8 3 2
10 5 14 9 2 13 18 6 8 7 0 3
10 5 14 9 2 13 18 6 8 7 0 3
10 5 14 9 2 18 13 6 8 7 0 3
10 5 14 9 2 18 6 8 13 7 0 3
10 5 14 9 2 18 6 8 13 7 0 3
10 5 14 9 2 18 6 8 7 13 0 3
10 5 14 9 2 18 6 8 7 0 13 3
10 5 14 9 2 18 6 8 7 0 13 3
10 5 14 9 2 18 6 8 7 0 13 3
10 5 14 9 2 18 6 8 7 0 13 3
10 5 14 9 2 18 6 8 7 0 13 3
10 5 14 9 2 18 6 8 0 7 13 3
10 5 14 9 2 18 6 8 0 7 13 3
10 5 14 9 2 18 6 8 0 7 13 3
10 5 14 9 2 18 6 8 0 7 13 3
10 5 14 9 2 18 6 8 0 7 13 3
10 5 14 9 2 18 6 8 0 7 13 3
10 5 14 9 2 18 6 8 0 7 13 3
10 5 14 9 2 18 6 8 0 7 13 3
10 5 14 9 2 18 6 8 0 7 13 3
10 5 14 9 2 18 6 8 0 7 13 3
10 5 14 9 2 18 6 8 0 7 13 3
10 5 14 9 2 18 6 8 0 7 13 3
10 5 14 9 2 18 8 6 0 7 13 3
10 5 14 9 2 18 8 6 0 7 13 3
10 5 14 9 2 18 8 6 0 7 13 3
10 5 14 9 2 18 8 6 0 7 13 3
10 5 14 9 2 18 8 6 7 0 13 3
10 5 14 9 2 18 8 6 7 0 3 13
10 5 14 9 2 18 8 6 7 0 3 13
10 5 14 9 2 18 8 6 7 0 3 13
10 5 14 9 2 18 8 6 7 0 3 13
10 5 14 9 2 18 8 6 7 0 3 13
10 5 14 9 2 18 8 6 7 0 3 13
10 5 14 9 2 8 18 6 7 0 3 13
10 5 14 9 2 8 18 6 7 0 3 13
10 5 14 9 2 8 18 6 7 0 3 13
10 5 14 9 2 8 18 6 7 0 3 13
10 5 14 9 2 8 18 6 7 0 3 13
10 5 14 9 2 8 18 6 7 0 3 13
10 5 14 9 2 8 18 6 7 0 3 13
10 5 14 9 2 8 18 6 7 0 3 13
10 5 14 9 2 8 18 6 7 0 3 13
10 5 14 9 2 8 18 6 7 0 3 13
10 5 14 9 2 8 18 6 7 0 3 13
10 5 14 9 2 8 18 6 7 0 3 13
10 5 14 9 2 8 18 6 7 0 3 13
10 5 14 9 2 8 18 6 7 0 3 13
10 5 14 9 2 8 18 6 7 0 3 13
10 5 14 9 2 8 18 6 7 0 3 13
10 5 14 9 2 8 18 6 7 0 3 13
10 5 14 9 2 8 18 6 7 0 3 13
10 5 14 9 2 8 18 6 7 0 3 13
10 5 14 9 2 8 18 6 7 0 3 13
10 5 14 9 2 8 18 6 7 0 3 13
10 5 14 9 2 8 18 6 7 0 3 13
10 5 14 9 2 8 18 6 7 0 13 3
10 5 14 9 2 8 18 6 7 0 13 3
10 5 14 9 2 8 18 6 7 0 13 3
10 5 14 9 2 8 18 6 7 0 13 3
10 5 14 9 2 8 18 6 7 0 13 3
10 5 14 9 2 18 8 6 7 0 13 3
10 5 14 9 2 18 8 7 6 0 13 3
10 5 14 9 2 18 8 7 6 0 13 3
10 5 14 9 2 18 8 7 6 0 13 3
10 5 14 9 2 18 8 7 6 0 13 3
10 5 14 9 2 18 8 7 6 0 13 3
10 5 14 9 2 18 8 7 6 0 13 3
10 5 14 9 2 18 8 7 6 0 13 3
10 5 14 9 2 18 8 7 6 0 13 3
10 5 14 9 2 18 8 7 6 0 13 3
10 5 14 9 2 18 8 7 6 0 13 3
10 5 14 9 2 18 8 7 6 0 13 3
10 5 14 9 2 18 8 7 6 0 13 3
10 5 14 9 2 18 8 7 6 0 13 3
10 5 14 9 2 18 8 7 6 0 13 3
10 5 14 9 2 18 8 7 6 0 13 3
10 5 14 9 2 18 8 7 6 0 13 3
10 5 14 9 2 18 8 7 6 0 13 3
10 5 14 9 2 18 8 7 6 0 13 3
10 5 14 9 2 18 8 7 6 0 13 3
10 5 14 9 2 18 8 7 6 0 13 3
10 5 14 9 2 18 8 7 6 0 13 3
10 5 14 9 2 18 8 7 6 0 13 3
10 5 14 9 2 18 8 7 6 0 13 3
10 5 14 9 2 18 8 7 6 0 13 3
10 5 14 9 2 18 8 7 6 0 13 3
10 5 14 9 2 18 8 7 6 0 13 3
10 5 14 9 2 18 8 7 6 0 13 3
10 5 14 9 2 18 8 7 6 0 13 3
10 5 14 9 2 18 8 7 6 0 13 3
10 5 14 9 2 18 8 7 6 0 13 3
10 5 14 9 2 18 8 7 6 0 13 3
10 5 14 9 2 18 8 7 6 0 13 3
10 5 14 9 2 18 8 7 6 0 13 3
10 5 14 9 2 18 8 7 6 0 13 3
10 5 14 9 2 18 8 7 6 0 13 3
10 5 14 9 2 18 8 7 6 0 13 3
10 5 14 9 2 18 8 7 6 0 13 3
10 5 14 9 2 18 8 7 6 0 13 3
10 5 14 9 2 18 8 7 6 0 13 3
0 1 2 3 4 5 6 7 8 9 10 11
0 1 2 3 4 5 6 7 8 9 10 11
0 1 2 3 4 5 6 7 8 9 10 11
9 2 1 8 7 4 0 6 5 11 3 10
13 12 4 28 24 20 21 17 25 16 0 18 30 8 9 6 5 1 2 11 7 3 10
13 28 4 24 12 17 20 21 16 0 25 18 30 8 9 6 1 5 2 7 3 10 11
13 28 24 4 12 17 21 20 0 16 18 25 30 8 9 6 1 5 2 7 3 10 11
13 28 24 4 12 17 21 20 0 16 18 25 5 8 6 1 2 3 11
28 13 24 4 12 17 21 0 20 16 8 18 5 6 1 2 3
6 13 24 4 2 0 17 21 20 16 18 8 5 1
6 13 24 4 2 1 0 17 20 16 18 8 5
6 13 24 4 2 0 1 17 20 16 18 8 5
6 24 13 4 2 0 1 17 20 16 18 8 5
6 24 13 4 2 0 1 17 20 16 18 8 5
6 24 13 4 2 0 1 17 20 16 18 8 5
6 24 13 4 2 0 1 20 17 16 18 8 5
6 24 13 4 2 0 1 20 17 16 18 5 8
6 24 13 4 2 0 1 20 17 16 18 5 8
6 24 13 4 2 0 1 20 17 16 18 5 8
6 24 13 4 2 0 1 20 17 16 18 5 8
6 24 13 4 2 0 1 20 17 16 18 5 8
6 24 13 4 2 0 1 20 17 16 18 5 8
6 24 13 4 2 0 1 20 17 16 18 5 8
6 24 13 4 2 0 1 20 17 16 18 5 8
6 24 13 4 2 0 1 20 17 16 18 5 8
6 24 13 4 2 0 1 20 17 16 18 5 8
6 24 13 4 2 0 1 20 17 16 18 5 8
6 24 13 4 2 0 1 20 17 16 18 5 8
6 24 13 4 2 0 1 20 17 16 18 5 8
6 24 13 4 2 0 1 20 17 16 18 5 8
6 24 13 4 2 0 1 20 17 16 18 5 8
6 24 13 4 2 0 1 20 17 16 18 5 8
6 24 13 4 2 0 1 20 17 16 18 5 8
6 24 13 4 2 0 1 20 17 16 18 5 8
6 24 13 4 2 0 1 20 17 16 18 5 8
6 24 13 4 2 0 1 20 17 16 18 5 8
6 24 13 4 2 0 1 20 17 16 18 5 8
6 24 13 4 2 0 1 20 17 16 18 5 8
6 24 13 4 2 0 1 20 17 16 18 5 8
6 24 13 4 2 0 1 20 17 16 18 5 8
6 24 13 4 2 0 1 20 17 16 18 5 8
6 24 13 4 2 0 1 20 17 16 18 5 8
6 24 13 4 2 0 1 20 17 16 18 5 8
6 24 13 4 2 0 1 20 17 16 18 5 8
6 24 13 4 2 0 1 20 17 16 18 5 8
6 24 13 4 2 0 1 20 17 16 18 5 8
6 24 13 4 2 0 1 20 17 16 18 5 8
6 24 13 4 2 0 1 20 17 16 18 5 8
6 24 13 4 2 0 1 20 17 16 18 5 8
6 24 13 4 2 0 1 20 17 16 18 5 8
6 24 13 4 2 0 1 20 17 16 18 5 8
6 24 13 4 2 0 1 20 17 16 18 5 8
6 24 13 4 2 0 1 20 17 16 18 5 8
6 24 13 4 2 0 1 20 17 16 18 5 8
6 24 13 4 2 0 1 20 17 16 18 5 8
6 24 13 4 2 0 1 20 17 16 18 5 8
6 24 13 4 2 0 1 20 17 16 18 5 8
6 24 13 4 2 0 1 20 17 16 18 5 8
0 1 2 3 4 5 6 7 8 9 10 11 12
0 1 2 3 4 5 6 7 8 9 10 11 12
0 1 2 3 4 5 6 7 8 9 10 11 12
2 1 4 7 0 3 5 6 8 9 10 12 11
2 1 7 4 0 3 5 6 8 9 10 11 12
2 1 7 4 0 3 5 6 8 9 10 11 12
2 1 7 4 0 3 5 6 8 9 10 11 12
2 1 7 0 4 3 5 6 8 9 10 11 12
2 1 7 0 4 3 5 6 8 9 10 11 12
2 1 7 0 4 3 5 6 8 9 10 11 12
2 1 7 0 4 3 5 6 8 9 10 11 12
2 1 7 0 4 3 5 6 8 9 10 11 12
2 7 1 4 0 3 5 6 8 9 10 12 11
2 7 1 4 0 3 5 6 8 9 10 12 11
2 7 1 4 0 3 5 6 8 9 10 12 11
2 7 1 4 0 3 5 6 8 9 10 12 11
2 7 1 4 0 3 5 6 8 9 10 11 12
2 7 1 4 0 3 5 6 8 9 10 11 12
2 7 1 4 0 3 5 6 8 9 10 11 12
2 7 1 4 0 3 5 6 8 9 10 11 12
2 7 1 4 0 3 5 6 8 9 10 11 12
2 7 1 4 0 3 5 6 8 9 10 11 12
2 7 1 4 0 3 5 6 8 9 10 11 12
2 7 1 4 0 3 5 6 8 9 10 11 12
2 7 1 4 0 3 5 6 8 9 10 11 12
2 7 1 4 0 3 5 6 8 9 10 11 12
2 7 1 4 0 3 5 6 8 9 10 11 12
2 7 1 4 0 3 5 6 8 9 10 11 12
2 7 1 4 0 3 5 6 8 9 10 11 12
2 7 1 4 0 3 5 6 8 9 10 11 12
2 7 1 4 0 3 5 6 8 9 10 11 12
2 7 1 4 0 3 5 6 8 9 10 11 12
2 7 1 4 0 3 5 6 8 9 10 11 12
2 7 1 4 0 3 5 6 8 9 10 11 12
2 7 1 4 0 3 5 6 8 9 10 11 12
2 7 1 4 0 3 5 6 8 9 10 11 12
2 7 1 4 0 3 5 6 8 9 10 11 12
2 7 4 1 0 3 6 5 8 9 10 11 12
2 7 4 1 0 3 6 5 8 9 10 11 12
2 7 4 1 0 3 6 5 8 9 10 11 12
2 7 4 1 0 3 6 5 8 9 10 11 12
2 7 4 1 0 3 6 5 8 9 10 11 12
2 7 4 1 0 3 6 5 8 9 10 11 12
2 7 4 1 0 3 6 5 8 9 10 11 12
2 7 4 1 0 3 6 5 8 9 10 11 12
2 7 4 1 0 3 6 5 8 9 10 11 12
2 7 4 1 0 3 6 5 8 9 10 11 12
2 7 4 1 0 3 6 5 8 9 10 11 12
2 7 4 1 0 3 6 5 8 9 10 11 12
2 7 4 1 0 3 6 5 8 9 10 11 12
2 7 4 1 0 3 6 5 8 9 10 11 12
2 7 4 1 0 3 6 5 8 9 10 11 12
2 7 4 1 0 3 6 5 8 9 10 11 12
2 7 4 1 0 3 6 5 8 9 10 11 12
2 7 4 1 0 3 6 5 8 9 10 11 12
2 7 4 1 0 3 6 5 8 9 10 11 12
2 7 4 1 0 3 6 5 8 9 10 11 12
2 7 4 1 0 3 6 5 8 9 10 11 12
2 7 4 1 0 3 6 5 8 9 10 11 12
2 7 4 1 0 3 6 5 8 9 10 12 11
2 7 4 1 0 3 6 5 8 9 10 12 11
2 7 4 1 0 3 6 5 8 9 10 12 11
2 7 4 1 0 3 6 5 8 9 10 12 11
2 7 4 1 0 3 6 5 8 9 10 12 11
2 7 4 1 0 3 6 5 8 9 10 12 11
2 7 4 1 0 3 6 5 8 9 10 12 11
2 7 4 1 0 3 6 5 8 9 10 12 11
2 7 4 1 0 3 6 5 8 9 10 12 11
2 7 4 1 0 3 6 5 8 9 10 12 11
2 7 4 1 0 3 6 5 8 9 10 12 11
2 7 4 1 0 3 6 5 8 9 10 12 11
2 7 4 1 0 3 6 5 8 9 10 12 11
2 7 4 1 0 3 6 5 8 9 10 12 11
2 7 4 1 0 3 6 5 8 9 10 12 11
2 7 4 1 0 3 6 5 8 9 10 12 11
2 7 4 1 0 3 6 5 8 9 10 12 11
2 7 4 1 0 3 6 5 8 9 10 12 11
2 7 4 1 0 3 6 5 8 9 10 12 11
2 7 4 1 0 3 6 5 8 9 10 12 11
2 7 4 1 0 3 6 5 8 9 10 12 11
2 7 4 1 0 3 6 5 8 9 10 12 11
2 7 4 1 0 3 6 5 8 9 10 12 11
2 7 4 1 0 3 6 5 8 9 10 12 11
2 7 4 1 0 3 6 5 8 9 10 12 11
2 7 4 1 0 3 6 5 8 9 10 12 11
2 7 4 1 0 3 6 5 8 9 10 12 11
2 7 4 1 0 3 6 5 8 9 10 12 11
2 7 4 1 0 3 6 5 8 9 10 12 11
2 7 4 1 0 3 6 5 8 9 10 12 11
2 7 4 1 0 3 6 5 8 9 10 12 11
2 7 4 1 0 3 6 5 8 9 10 12 11
2 7 4 1 0 3 6 5 8 9 10 12 11
2 7 4 1 0 3 6 5 8 9 10 12 11
2 7 4 1 0 3 6 5 8 9 10 12 11
2 7 4 1 0 3 6 5 8 9 10 12 11
2 7 4 1 0 3 6 5 8 9 10 12 11
2 7 4 1 0 3 6 5 8 9 10 12 11
2 7 4 1 0 3 6 5 8 9 10 12 11
2 7 4 1 0 3 6 5 8 9 10 12 11
2 7 4 1 0 3 6 5 8 9 10 12 11
2 7 4 1 0 3 6 5 8 9 10 12 11
2 7 4 1 0 3 6 5 8 9 10 12 11
2 7 4 1 0 3 6 5 8 9 10 12 11
2 7 4 1 0 3 6 5 8 9 10 12 11
0 1 2 3 4 5 6 7 8 9 10 11 12
0 1 2 3 4 5 6 7 8 9 10 11 12
0 1 2 3 4 5 6 7 8 9 10 11 12
0 4 6 3 1 2 7 5 8 9 10 12 11
0 4 3 6 1 2 7 5 8 9 10 12 11
0 4 3 6 1 2 7 5 8 9 10 12 11
0 4 3 1 2 6 5 7 8 9 10 12 11
0 4 3 1 2 6 5 7 8 9 10 12 11
0 4 3 1 5 6 2 7 8 9 10 12 11
0 4 3 1 5 6 2 7 8 9 10 12 11
0 4 3 1 5 6 2 7 8 9 10 12 11
0 4 3 5 1 6 2 7 8 9 10 12 11
0 4 3 5 6 1 2 7 8 9 10 12 11
0 4 3 5 6 1 2 7 8 9 10 12 11
0 4 3 5 6 2 1 7 8 9 10 12 11
0 4 3 5 6 2 1 7 8 9 10 12 11
0 4 3 5 6 2 1 7 8 9 10 12 11
0 4 3 5 6 2 1 7 8 9 10 12 11
0 4 3 5 6 2 1 7 8 9 10 12 11
0 4 3 5 6 2 1 7 8 9 10 12 11
0 4 3 5 6 2 1 7 8 9 10 12 11
0 4 3 5 6 2 1 7 8 9 10 12 11
0 4 3 5 6 2 1 7 8 9 10 12 11
0 4 3 5 6 2 1 7 8 9 10 12 11
0 4 3 5 6 2 1 7 8 9 10 12 11
0 4 3 5 6 2 1 7 8 9 10 12 11
0 4 3 5 6 2 1 8 7 9 10 12 11
0 4 3 5 6 2 1 8 7 9 10 12 11
0 4 3 5 6 2 1 8 7 9 12 10 11
0 4 3 5 6 2 1 8 7 9 12 10 11
0 4 3 5 6 2 1 8 7 9 12 10 11
0 4 3 5 6 2 1 8 7 9 12 10 11
0 4 3 5 6 2 1 8 7 9 12 10 11
0 4 3 5 6 2 1 8 7 9 12 10 11
0 4 3 5 6 2 1 8 7 9 12 10 11
0 4 3 5 6 2 1 8 7 9 12 10 11
0 4 3 5 6 2 1 8 7 9 12 10 11
0 4 3 5 6 2 1 7 8 9 12 10 11
0 4 3 5 6 2 1 7 8 9 12 10 11
0 4 3 5 6 2 1 7 8 9 12 10 11
0 4 3 5 6 2 1 7 8 9 12 10 11
0 4 3 5 6 2 1 7 8 9 12 10 11
0 4 3 5 6 2 1 7 8 9 12 10 11
0 4 3 5 6 2 1 7 8 9 12 10 11
0 4 3 5 6 2 1 7 8 9 12 10 11
0 4 3 5 6 2 1 7 8 9 12 10 11
0 4 3 5 6 2 1 7 8 9 12 10 11
0 1 2 3 4 5 6 7 8 9 10 11 12
0 1 2 3 4 5 6 7 8 9 10 11 12
0 1 2 3 4 5 6 7 8 9 10 11 12
0 2 1 6 4 5 8 3 7 9 10 11 12
0 2 6 1 4 5 3 8 7 9 10 11 12
0 2 6 1 5 4 3 8 7 9 10 11 12
0 2 6 1 5 4 3 8 7 9 10 11 12
0 2 6 1 5 4 3 8 7 9 10 11 12
0 2 6 1 5 4 3 8 7 9 10 11 12
0 2 6 1 5 4 3 8 7 9 10 11 12
0 2 6 1 5 4 3 8 7 9 10 11 12
0 6 2 1 5 4 3 8 7 9 10 11 12
0 6 2 1 5 4 3 8 7 9 10 11 12
0 6 2 1 5 4 3 8 7 9 10 11 12
0 6 2 1 5 4 3 8 7 9 10 11 12
0 6 2 1 5 4 3 8 7 9 10 11 12
0 6 2 1 5 4 3 8 7 9 10 11 12
0 6 2 1 5 4 3 8 7 9 10 11 12
0 6 2 1 5 3 4 8 7 9 10 11 12
0 6 2 1 5 3 4 8 7 9 10 11 12
0 6 2 1 5 3 4 8 7 9 10 11 12
0 6 2 1 5 3 4 8 7 9 10 11 12
0 6 2 1 5 3 4 8 7 9 10 11 12
0 6 2 1 5 3 4 8 7 9 10 11 12
0 6 2 1 5 3 4 8 7 9 10 11 12
0 6 2 1 5 3 4 8 7 9 10 11 12
0 6 2 1 5 3 4 8 7 9 10 11 12
0 6 2 1 5 3 4 8 7 9 10 11 12
0 6 2 1 5 3 4 8 7 9 10 11 12
0 6 2 1 5 3 4 8 7 9 10 11 12
0 6 2 1 5 3 4 8 7 9 10 11 12
0 6 2 1 5 3 4 8 7 9 10 11 12
0 6 2 1 5 3 4 8 7 9 10 11 12
0 6 2 1 5 3 4 8 7 9 10 11 12
0 6 2 1 5 3 4 8 7 9 10 11 12
0 6 2 1 5 3 4 8 7 9 10 11 12
0 6 2 1 5 3 4 8 7 9 10 11 12
0 6 2 1 5 3 4 8 7 9 10 11 12
0 6 2 1 5 3 4 8 7 9 10 11 12
0 6 2 1 5 3 4 8 7 9 10 11 12
0 6 2 1 5 3 4 8 7 9 10 11 12
0 6 2 1 5 3 4 8 7 9 10 11 12
0 6 2 1 5 3 4 8 7 9 10 11 12
0 6 2 1 5 3 4 8 7 9 10 11 12
0 6 2 1 5 3 4 8 7 9 10 11 12
0 6 2 1 5 3 4 8 7 9 10 11 12
0 6 2 1 5 3 4 8 7 9 10 11 12
0 6 2 1 5 3 4 8 7 9 10 11 12
0 6 2 1 5 3 4 8 7 9 10 11 12
0 6 2 1 5 3 4 8 7 9 10 11 12
0 6 2 1 5 3 4 8 7 9 10 11 12
0 6 2 1 5 3 4 8 7 9 10 11 12
0 6 2 1 5 3 4 8 7 9 10 11 12
0 6 2 1 5 3 4 8 7 9 10 11 12
0 6 2 1 5 3 4 8 7 9 10 11 12
0 6 2 1 5 3 4 8 7 9 10 11 12
0 6 2 1 5 3 4 8 7 9 10 11 12
0 6 2 1 5 3 4 8 7 9 10 11 12
0 6 2 1 5 3 4 8 7 9 10 11 12
0 6 2 1 5 3 4 8 7 9 10 11 12
0 6 2 1 5 3 4 8 7 9 10 11 12
0 6 2 1 5 3 4 8 7 9 10 11 12
0 6 2 1 5 3 4 8 7 9 10 11 12
0 6 2 1 5 3 4 8 7 9 10 11 12
0 6 2 1 5 3 4 8 7 9 10 11 12
0 6 2 1 5 3 4 8 7 9 10 11 12
0 6 2 1 5 3 4 8 7 9 10 11 12
0 6 2 1 5 3 4 8 7 9 10 11 12
0 6 2 1 5 3 4 8 7 9 10 11 12
0 6 2 1 5 3 4 8 7 9 10 11 12
0 6 2 1 5 3 4 8 7 9 10 11 12
0 6 2 1 5 3 4 8 7 9 10 11 12
0 6 2 1 5 3 4 8 7 9 10 11 12
0 6 2 1 5 3 4 8 7 9 10 11 12
0 6 2 1 5 3 4 8 7 9 10 11 12
0 6 2 1 5 3 4 8 7 9 10 11 12
0 6 2 1 5 3 4 8 7 9 10 11 12
0 6 2 1 5 3 4 8 7 9 10 11 12
0 6 2 1 5 3 4 8 7 9 10 11 12
0 6 2 1 5 3 4 8 7 9 10 11 12
0 6 2 1 5 3 4 8 7 9 10 11 12
0 6 2 1 5 3 4 8 7 9 10 11 12
0 6 2 1 5 3 4 8 7 9 10 11 12
0 6 2 1 5 3 4 8 7 9 10 11 12
0 6 2 1 5 3 4 8 7 9 10 11 12
0 6 2 1 5 3 4 8 7 9 10 11 12
0 6 2 1 5 3 4 8 7 9 10 11 12
0 6 2 1 5 3 4 8 7 9 10 11 12
0 6 2 1 5 3 4 8 7 9 10 11 12
0 6 2 1 5 3 4 8 7 9 10 11 12
0 6 2 1 5 3 4 8 7 9 10 11 12
0 6 2 1 5 3 4 8 7 9 10 11 12
0 6 2 1 5 3 4 8 7 9 10 11 12
0 6 2 1 5 3 4 8 7 9 10 11 12
0 6 2 1 5 3 4 8 7 9 10 11 12
0 6 2 1 5 3 4 8 7 9 10 11 12
0 6 2 1 5 3 4 8 7 9 10 11 12
0 6 2 1 5 3 4 8 7 9 10 11 12
0 6 2 1 5 3 4 8 7 9 10 11 12
0 6 2 1 5 3 4 8 7 9 10 11 12
0 6 2 1 5 3 4 8 7 9 10 11 12
0 6 2 1 5 3 4 8 7 9 10 11 12
0 6 2 1 5 3 4 8 7 9 10 11 12
0 6 2 1 5 3 4 8 7 9 10 11 12
0 6 2 1 5 3 4 8 7 9 10 11 12
0 6 2 1 5 3 4 8 7 9 10 11 12
0 6 2 1 5 3 4 8 7 9 10 11 12
0 6 2 1 5 3 4 8 7 9 10 11 12
0 6 2 1 5 3 4 8 7 9 10 11 12
0 6 2 1 5 3 4 8 7 9 10 11 12
0 6 2 1 5 3 4 8 7 9 10 11 12
0 6 2 1 5 3 4 8 7 9 10 11 12
0 6 2 1 5 3 4 8 7 9 10 11 12
0 6 2 1 5 3 4 8 7 9 10 11 12
0 6 2 1 5 3 4 8 7 9 10 11 12
0 6 2 1 5 3 4 8 7 9 10 11 12
0 6 2 1 5 3 4 8 7 9 10 11 12
0 1 2 3 4 5 6 7 8 9 10 11 12
0 1 2 3 4 5 6 7 8 9 10 11 12
0 1 2 3 4 5 6 7 8 9 10 11 12
0 3 1 5 7 4 2 6 8 9 10 11 12
3 0 1 7 4 5 2 6 8 9 10 11 12
3 0 1 7 4 5 2 6 8 9 10 11 12
3 1 0 7 5 4 2 6 8 9 10 11 12
3 1 0 7 5 4 2 6 8 9 10 11 12
3 1 0 7 5 4 2 6 8 9 10 11 12
3 1 0 7 5 4 2 6 8 9 10 11 12
3 1 0 7 5 4 2 6 8 9 10 11 12
3 1 0 7 5 2 4 6 8 9 10 11 12
3 1 0 7 5 2 4 6 8 9 10 11 12
3 1 0 7 5 2 4 6 8 9 10 11 12
3 1 0 7 5 2 4 6 8 9 10 11 12
3 1 0 7 5 2 4 6 8 9 10 11 12
3 1 0 7 5 2 4 6 8 9 10 11 12
3 1 0 7 5 2 4 6 8 9 10 11 12
3 1 0 7 5 2 4 6 8 9 10 11 12
3 1 0 7 5 2 4 6 8 9 10 11 12
3 1 0 7 5 2 4 6 8 9 10 11 12
3 1 0 7 5 2 4 6 8 9 10 11 12
3 1 0 7 5 2 4 6 8 9 10 11 12
3 1 0 7 5 2 4 6 8 9 10 11 12
3 1 0 7 5 2 4 6 8 9 10 11 12
3 1 0 7 5 2 4 6 8 9 10 11 12
3 1 0 7 5 2 4 6 8 9 10 11 12
3 1 0 7 5 2 4 6 8 9 10 11 12
3 1 0 7 5 2 4 6 8 9 10 11 12
3 1 0 7 5 2 4 6 8 9 10 11 12
3 1 0 7 5 2 4 6 8 9 10 11 12
3 1 0 7 5 2 4 6 8 9 10 11 12
3 1 0 7 5 2 4 6 8 9 10 11 12
3 1 0 7 5 2 4 6 8 9 10 11 12
3 1 0 7 5 2 4 6 8 9 10 11 12
3 1 0 7 5 2 4 6 8 9 10 11 12
3 1 0 7 5 2 4 6 8 9 10 11 12
3 1 0 7 5 2 4 6 8 9 10 11 12
3 1 0 7 5 2 4 6 8 9 10 11 12
3 1 0 7 5 2 4 6 8 9 10 11 12
3 1 0 7 5 2 4 6 8 9 10 11 12
3 1 0 7 5 2 4 6 8 9 10 11 12
3 1 0 7 5 2 4 6 8 9 10 11 12
3 1 0 7 5 2 4 6 8 9 10 11 12
3 1 0 7 5 2 4 6 8 9 10 11 12
3 1 0 7 5 2 4 6 8 9 10 11 12
3 1 0 7 5 2 4 6 8 9 10 11 12
3 1 0 7 5 2 4 6 8 9 10 11 12
3 1 0 7 5 2 4 6 8 9 10 11 12
3 1 0 7 5 2 4 6 8 9 10 11 12
3 1 0 7 5 2 4 6 8 9 10 11 12
3 1 0 7 5 2 4 6 8 9 10 11 12
3 1 0 7 5 2 4 6 8 9 10 11 12
3 1 0 7 5 2 4 6 8 9 10 11 12
3 1 0 7 5 2 4 6 8 9 10 11 12
3 1 0 7 5 2 4 6 8 9 10 11 12
3 1 0 7 5 2 4 6 8 9 10 11 12
3 1 0 7 5 2 4 6 8 9 10 11 12
3 1 0 7 5 2 4 6 8 9 10 11 12
3 1 0 7 5 2 4 6 8 9 10 11 12
3 1 0 7 5 2 4 6 8 9 10 11 12
3 1 0 7 5 2 4 6 8 9 10 11 12
3 1 0 7 5 2 4 6 8 9 10 11 12
3 1 0 7 5 2 4 6 8 9 10 11 12
3 1 0 7 5 2 4 6 8 9 10 11 12
3 1 0 7 5 2 4 6 8 9 10 11 12
3 1 0 7 5 2 4 6 8 9 10 11 12
3 1 0 7 5 2 4 6 8 9 10 11 12
3 1 0 7 5 2 4 6 8 9 10 11 12
3 1 0 7 5 2 4 6 8 9 10 11 12
3 1 0 7 5 2 4 6 8 9 10 11 12
3 1 0 7 5 2 4 6 8 9 10 11 12
3 1 0 7 5 2 4 6 8 9 10 11 12
3 1 0 7 5 2 4 6 8 9 10 11 12
3 1 0 7 5 2 4 6 8 9 10 11 12
3 1 0 7 5 2 4 6 8 9 10 11 12
3 1 0 7 5 2 4 6 8 9 10 11 12
3 1 0 7 5 2 4 6 8 9 10 11 12
3 1 0 7 5 2 4 6 8 9 10 11 12
3 1 0 7 5 2 4 6 8 9 10 11 12
3 1 0 7 5 2 4 6 8 9 10 11 12
3 1 0 7 5 2 4 6 8 9 10 11 12
3 1 0 7 5 2 4 6 8 9 10 11 12
3 1 0 7 5 2 4 6 8 9 10 11 12
3 1 0 7 5 2 4 6 8 9 10 11 12
3 1 0 7 5 2 4 6 8 9 10 11 12
3 1 0 7 5 2 4 6 8 9 10 11 12
3 1 0 7 5 2 4 6 8 9 10 11 12
3 1 0 7 5 2 4 6 8 9 10 11 12
3 1 0 7 5 2 4 6 8 9 10 11 12
3 1 0 7 5 2 4 6 8 9 10 11 12
3 1 0 7 5 2 4 6 8 9 10 11 12
3 1 0 7 5 2 4 6 8 9 10 11 12
3 1 0 7 5 2 4 6 8 9 10 11 12
3 1 0 7 5 2 4 6 8 9 10 11 12
3 1 0 7 5 2 4 6 8 9 10 11 12
3 1 0 7 5 2 4 6 8 9 10 11 12
3 1 0 7 5 2 4 6 8 9 10 11 12
3 1 0 7 5 2 4 6 8 9 10 11 12
3 1 0 7 5 2 4 6 8 9 10 11 12
3 1 0 7 5 2 4 6 8 9 10 11 12
3 1 0 7 5 2 4 6 8 9 10 11 12
3 1 0 7 5 2 4 6 8 9 10 11 12
3 1 0 7 5 2 4 6 8 9 10 11 12
0 1 2 3 4 5 6 7 8 9 10 11 12
0 1 2 3 4 5 6 7 8 9 10 11 12
0 1 2 3 4 5 6 7 8 9 10 11 12
1 2 0 5 3 7 4 6 8 9 10 12 11
1 5 0 3 2 7 4 6 8 9 10 11 12
1 5 3 0 2 7 6 4 8 9 10 11 12
1 5 3 0 2 7 6 4 8 9 10 11 12
1 5 3 0 2 7 6 4 8 9 10 11 12
1 5 3 0 2 7 6 4 8 9 10 11 12
1 5 3 0 2 7 6 4 8 9 10 11 12
1 5 3 0 2 7 6 4 8 9 10 11 12
1 5 3 0 2 7 6 4 8 9 10 11 12
1 5 3 0 2 7 6 4 8 9 10 11 12
1 5 3 0 2 7 6 4 8 9 10 11 12
1 5 3 0 2 7 6 4 8 9 10 11 12
1 5 3 0 2 7 6 4 8 9 10 11 12
1 5 3 0 2 7 6 4 8 9 10 11 12
1 5 3 0 2 7 6 4 8 9 10 11 12
1 5 3 0 2 7 6 4 8 9 10 11 12
1 5 3 0 2 7 6 4 8 9 10 11 12
1 5 3 0 2 7 6 4 8 9 10 11 12
1 5 3 0 7 2 6 4 8 9 10 11 12
1 5 3 0 7 2 6 4 8 9 10 11 12
1 5 3 0 7 2 6 4 8 9 10 11 12
1 5 3 0 7 2 6 4 8 9 10 11 12
1 5 3 0 7 2 6 4 8 9 10 11 12
1 5 3 0 7 2 6 4 8 9 10 11 12
1 5 3 0 7 2 6 4 8 9 10 11 12
1 5 3 0 7 2 6 4 8 9 10 11 12
1 5 3 0 7 2 6 4 8 9 10 11 12
1 5 3 0 7 2 6 4 8 9 10 11 12
1 5 3 0 7 2 6 4 8 9 10 11 12
0 1 2 3 4 5 6 7 8 9 10 11 12
0 1 2 3 4 5 6 7 8 9 10 11 12
0 1 2 3 4 5 6 7 8 9 10 11 12
0 5 2 3 6 7 1 4 8 9 12 10 11
5 0 2 3 6 7 1 4 8 9 12 11 10
5 0 2 3 7 6 4 1 8 9 12 11 10
5 0 2 3 7 6 4 1 8 9 12 10 11
5 0 2 3 7 6 4 1 8 9 12 10 11
5 0 2 3 7 6 4 1 8 9 12 10 11
5 0 2 3 7 6 4 1 8 9 12 10 11
5 0 2 3 7 6 4 1 8 9 12 10 11
5 0 2 3 7 6 4 1 8 9 12 10 11
5 0 2 3 7 6 4 1 8 9 12 10 11
5 0 2 3 7 6 4 1 8 9 12 10 11
5 0 2 3 7 6 4 1 8 9 12 10 11
5 0 2 3 7 6 4 1 8 9 12 10 11
5 0 2 3 7 6 4 1 8 9 12 10 11
5 0 2 3 7 6 4 1 8 9 12 10 11
5 0 3 2 7 6 4 1 8 9 12 10 11
5 0 3 2 7 6 4 1 8 9 12 10 11
5 0 3 2 7 6 4 1 8 9 12 10 11
5 0 3 2 7 6 4 1 8 9 12 10 11
5 0 3 2 7 6 4 1 8 9 12 10 11
5 0 3 2 7 6 4 1 8 9 12 10 11
5 0 3 2 7 6 4 1 8 9 12 10 11
5 0 3 2 7 6 4 1 8 9 12 10 11
5 0 3 2 7 6 4 1 8 9 12 10 11
5 0 3 2 7 6 4 1 8 9 12 10 11
5 0 3 2 7 6 4 1 8 9 12 10 11
5 0 3 2 7 6 4 1 8 9 12 10 11
5 0 3 2 7 6 4 1 8 9 12 10 11
5 0 3 2 7 6 4 1 8 9 12 10 11
5 0 3 2 7 6 4 1 8 9 12 10 11
5 0 3 2 7 6 4 1 8 9 12 10 11
5 0 3 2 7 6 4 1 8 9 12 10 11
5 0 3 2 7 6 4 1 8 9 12 10 11
5 0 3 2 7 6 4 1 8 9 12 10 11
5 0 3 2 7 6 4 1 8 9 12 10 11
5 0 3 2 7 6 4 1 8 9 12 10 11
5 0 3 7 2 6 4 1 8 9 12 10 11
5 0 3 7 2 6 4 1 8 9 12 10 11
5 0 3 7 2 6 4 1 8 9 12 10 11
5 0 3 7 2 6 4 1 8 9 12 10 11
5 0 3 7 2 6 4 1 8 9 12 10 11
5 0 3 7 2 6 4 1 8 9 12 10 11
5 0 3 7 2 6 4 1 8 9 12 10 11
5 0 3 7 2 6 4 1 8 9 12 10 11
5 0 3 7 2 6 4 1 8 9 12 10 11
5 0 3 7 2 6 4 1 8 9 12 10 11
5 0 3 7 2 6 4 1 8 9 12 10 11
5 0 3 7 2 6 4 1 8 9 12 10 11
5 0 3 7 2 6 4 1 8 9 12 10 11
5 0 3 7 2 6 4 1 8 9 12 10 11
5 0 3 7 2 6 4 1 8 9 12 10 11
5 0 3 7 2 6 4 1 8 9 12 10 11
5 0 3 7 2 6 4 1 8 9 12 10 11
5 0 3 7 2 6 4 1 8 9 12 10 11
5 0 3 7 2 6 4 1 8 9 12 10 11
5 0 3 7 2 6 4 1 8 9 12 10 11
5 0 3 7 2 6 4 1 8 9 12 10 11
5 0 3 7 2 6 4 1 8 9 12 10 11
5 0 3 7 2 6 4 1 8 9 12 10 11
5 0 3 7 2 6 4 1 8 9 12 10 11
5 0 3 7 2 6 4 1 8 9 12 10 11
5 0 3 7 2 6 4 1 8 9 12 10 11
5 0 3 7 2 6 4 1 8 9 12 10 11
5 0 3 7 2 6 4 1 8 9 12 10 11
5 0 3 7 2 6 4 1 8 9 12 10 11
5 0 3 7 2 6 4 1 8 9 12 10 11
5 0 3 7 2 6 4 1 8 9 12 10 11
5 0 3 7 2 6 4 1 8 9 12 10 11
5 0 3 7 2 6 4 1 8 9 12 10 11
5 0 3 7 2 6 4 1 8 9 12 10 11
5 0 3 7 2 6 4 1 8 9 12 10 11
5 0 3 7 2 6 4 1 8 9 12 10 11
5 0 3 7 2 6 4 1 8 9 12 10 11
5 0 3 7 2 6 4 1 8 9 12 10 11
5 0 3 7 2 6 4 1 8 9 12 10 11
5 0 3 7 2 6 4 1 8 9 12 10 11
5 0 3 7 2 6 4 1 8 9 12 10 11
5 0 3 7 2 6 4 1 8 9 12 10 11
5 0 3 7 2 6 4 1 8 9 12 10 11
5 0 3 7 2 6 4 1 8 9 12 10 11
5 0 3 7 2 6 4 1 8 9 12 10 11
0 1 2 3 4 5 6 7 8 9 10 11 12
0 1 2 3 4 5 6 7 8 9 10 11 12
0 1 2 3 4 5 6 7 8 9 10 11 12
0 2 1 4 6 5 3 7 8 9 12 10 11
0 2 1 5 4 6 7 3 8 9 12 10 11
0 1 2 5 4 6 7 3 8 9 12 10 11
1 0 2 5 4 7 6 3 8 9 12 10 11
1 2 0 5 7 4 6 3 8 9 12 10 11
1 2 0 5 7 4 6 3 8 9 12 10 11
1 2 0 5 7 4 6 3 8 9 12 10 11
1 2 0 5 7 4 6 3 8 9 12 10 11
1 2 0 5 7 4 6 3 8 9 12 10 11
1 2 0 5 7 4 6 3 8 9 12 10 11
1 2 0 5 7 4 6 3 8 9 12 10 11
1 2 0 5 7 4 6 3 8 9 12 10 11
1 2 0 5 7 4 6 3 8 9 12 10 11
1 2 0 5 7 4 6 3 8 9 12 10 11
1 2 0 5 7 4 6 3 8 9 12 10 11
1 2 0 7 5 4 6 3 8 9 12 10 11
1 2 0 7 5 4 6 3 8 9 12 10 11
1 2 0 7 5 4 6 3 8 9 12 10 11
1 2 0 7 5 4 6 3 8 9 12 10 11
1 2 0 7 5 4 6 3 8 9 12 10 11
1 2 0 7 5 4 6 3 8 9 12 10 11
1 2 0 7 5 4 6 3 8 9 12 10 11
1 2 0 7 5 4 6 3 8 9 12 10 11
1 2 0 7 5 4 6 3 8 9 12 10 11
1 2 0 7 5 4 6 3 8 9 12 10 11
1 2 0 7 5 4 6 3 8 9 12 10 11
1 2 0 7 5 4 6 3 8 9 12 10 11
1 2 0 7 5 4 6 3 8 9 12 10 11
1 2 0 7 5 4 6 3 8 9 12 10 11
1 2 0 7 5 4 6 3 8 9 12 10 11
1 2 0 7 5 4 6 3 8 9 12 10 11
1 2 0 7 5 4 6 3 8 9 12 10 11
1 2 0 7 5 4 6 3 8 9 12 10 11
1 2 0 7 5 4 6 3 8 9 12 10 11
1 2 0 7 5 4 6 3 8 9 12 10 11
1 2 0 7 5 4 6 3 8 9 12 10 11
1 2 0 7 5 4 6 3 8 9 12 10 11
1 2 0 7 5 4 6 3 8 9 12 10 11
1 2 0 7 5 4 6 3 8 9 12 10 11
1 2 0 7 5 4 6 3 8 9 12 10 11
1 2 0 7 5 4 6 3 8 9 12 10 11
0 1 2 3 4 5 6 7 8 9 10 11 12
0 1 2 3 4 5 6 7 8 9 10 11 12
0 1 2 3 4 5 6 7 8 9 10 11 12
0 1 3 2 5 6 7 4 8 9 11 10 12
0 1 2 3 5 6 7 4 8 9 11 10 12
0 1 2 3 5 6 7 4 8 9 11 10 12
0 1 2 3 5 7 6 4 8 9 11 10 12
0 1 2 5 3 7 4 6 8 9 11 10 12
0 1 2 5 3 7 4 6 8 9 11 10 12
0 1 2 5 3 7 4 6 8 9 11 10 12
0 1 2 5 3 7 4 6 8 9 11 10 12
0 1 2 5 3 7 4 6 8 9 11 10 12
0 1 2 5 3 7 4 6 8 9 11 10 12
0 1 2 5 3 7 4 6 8 9 11 10 12
0 1 2 5 3 7 4 6 8 9 11 10 12
0 1 2 5 3 7 4 6 8 9 11 10 12
0 1 2 5 3 7 4 6 8 9 11 10 12
0 1 2 5 3 7 4 6 8 9 11 10 12
0 1 2 5 3 7 4 6 8 9 11 10 12
0 1 2 5 3 7 4 6 8 9 11 10 12
0 1 2 5 3 7 4 6 8 9 11 10 12
0 1 2 5 3 7 4 6 8 9 11 10 12
0 1 2 5 3 7 4 6 8 9 11 10 12
0 1 2 5 3 7 4 6 8 9 11 10 12
0 1 2 5 3 7 4 6 8 9 11 10 12
0 1 2 5 3 7 4 6 8 9 11 10 12
0 1 2 5 7 4 3 6 8 9 11 10 12
0 1 2 5 7 4 3 6 8 9 11 10 12
0 1 2 5 7 4 3 6 8 9 11 10 12
0 1 2 5 7 4 3 6 8 9 11 10 12
0 1 2 5 7 4 3 6 8 9 11 10 12
0 1 2 5 7 4 3 6 8 9 11 10 12
0 1 2 5 7 4 6 3 8 9 11 10 12
0 1 2 5 7 4 6 3 8 9 11 10 12
0 1 2 5 7 4 6 3 8 9 11 10 12
0 1 2 5 7 4 6 3 8 9 11 10 12
0 1 2 5 7 4 6 3 8 9 11 10 12
0 1 2 5 7 4 6 3 8 9 11 10 12
0 1 2 5 7 4 6 3 8 9 11 10 12
0 1 2 5 7 4 6 3 8 9 11 10 12
0 1 2 5 7 4 6 3 8 9 11 10 12
0 1 2 5 7 4 6 3 8 9 11 10 12
0 1 2 5 7 4 6 3 8 9 11 10 12
0 1 2 5 7 4 6 3 8 9 11 10 12
0 1 2 5 7 4 6 3 8 9 11 10 12
0 1 2 5 7 4 6 3 8 9 11 10 12
0 1 2 5 7 4 6 3 8 9 11 10 12
0 1 2 5 7 4 6 3 8 9 11 10 12
0 1 2 5 7 4 6 3 8 9 11 10 12
0 1 2 5 7 4 6 3 8 9 11 10 12
0 1 2 5 7 4 6 3 8 9 11 10 12
0 1 2 5 7 4 6 3 8 9 11 10 12
0 1 2 5 7 4 6 3 8 9 11 10 12
0 1 2 5 7 4 6 3 8 9 11 10 12
0 1 2 5 7 4 6 3 8 9 11 10 12
0 1 2 5 7 4 6 3 8 9 11 10 12
0 1 2 5 7 4 6 3 8 9 11 10 12
0 1 2 5 7 4 6 3 8 9 11 10 12
