0.000
0.005
0.007
0.010
0.014
0.051
0.520
0.676
1.004
1.223
1.712
2.173
2.644
3.109
3.615
4.046
4.500
5.006
5.446
5.898
6.421
6.933
7.463
7.965
8.494
9.026
9.585
10.087
10.609
10.714
0.000
0.009
0.017
0.025
0.042
0.545
0.824
1.092
1.652
1.882
2.548
3.151
3.682
4.214
4.744
5.273
5.775
6.312
6.837
0.000
0.010
0.018
0.026
0.044
0.189
0.446
0.596
0.944
1.224
1.868
2.502
3.133
3.816
4.487
5.109
5.722
6.334
6.981
7.655
8.260
8.930
9.560
10.193
10.819
11.511
12.122
12.758
12.882
0.000
0.010
0.018
0.026
0.044
0.188
0.452
0.598
0.920
1.103
1.667
2.251
2.890
3.527
4.117
4.734
5.232
0.000
0.010
0.018
0.026
0.044
0.189
0.452
0.598
0.957
1.222
1.871
2.486
3.132
3.823
4.489
5.153
5.774
6.408
7.041
7.721
8.346
8.969
9.615
10.249
10.890
11.575
12.198
12.822
13.444
14.067
14.620
0.000
0.010
0.018
0.026
0.044
0.198
0.452
0.598
0.957
1.233
1.852
2.453
3.041
3.665
4.300
4.905
5.535
6.142
6.734
7.357
7.989
8.597
9.190
9.790
10.388
11.034
11.684
12.294
12.411
0.000
0.010
0.018
0.026
0.044
0.176
0.454
0.602
0.944
1.219
1.829
2.453
3.085
3.635
0.000
0.010
0.018
0.027
0.045
0.195
0.454
0.600
0.950
1.160
1.753
2.394
2.993
3.589
4.204
4.843
5.501
6.142
6.779
7.408
8.050
8.726
9.392
10.033
10.173
0.000
0.010
0.018
0.026
0.044
0.312
0.583
0.732
1.075
1.319
1.896
2.481
3.030
3.619
4.164
4.724
4.851
0.000
0.010
0.018
0.026
0.044
0.183
0.461
0.609
0.968
1.201
1.804
2.451
3.090
3.759
4.364
4.923
5.503
6.067
6.688
