0.0000
0.2000
0.4000
0.6000
1.0000
2.0000
4.0000
5.0000
8.0000
10.0000
15.0000
20.0000
25.0000
30.0000
35.0000
40.0000
45.0000
50.0000
55.0000
60.0000
65.0000
70.0000
75.0000
80.0000
85.0000
90.0000
95.0000
100.0000
105.0000
106.0000
0.0000
0.2000
0.4000
0.6000
1.0000
2.0000
4.0000
5.0000
8.0000
10.0000
15.0000
20.0000
25.0000
30.0000
35.0000
40.0000
45.0000
50.0000
55.0000
0.0000
0.2000
0.4000
0.6000
1.0000
2.0000
4.0000
5.0000
8.0000
10.0000
15.0000
20.0000
25.0000
30.0000
35.0000
40.0000
45.0000
50.0000
55.0000
60.0000
65.0000
70.0000
75.0000
80.0000
85.0000
90.0000
95.0000
100.0000
101.0000
0.0000
0.2000
0.4000
0.6000
1.0000
2.0000
4.0000
5.0000
8.0000
10.0000
15.0000
20.0000
25.0000
30.0000
35.0000
40.0000
44.0000
0.0000
0.2000
0.4000
0.6000
1.0000
2.0000
4.0000
5.0000
8.0000
10.0000
15.0000
20.0000
25.0000
30.0000
35.0000
40.0000
45.0000
50.0000
55.0000
60.0000
65.0000
70.0000
75.0000
80.0000
85.0000
90.0000
95.0000
100.0000
105.0000
110.0000
114.0000
0.0000
0.2000
0.4000
0.6000
1.0000
2.0000
4.0000
5.0000
8.0000
10.0000
15.0000
20.0000
25.0000
30.0000
35.0000
40.0000
45.0000
50.0000
55.0000
60.0000
65.0000
70.0000
75.0000
80.0000
85.0000
90.0000
95.0000
100.0000
101.0000
0.0000
0.2000
0.4000
0.6000
1.0000
2.0000
4.0000
5.0000
8.0000
10.0000
15.0000
20.0000
25.0000
29.0000
0.0000
0.2000
0.4000
0.6000
1.0000
2.0000
4.0000
5.0000
8.0000
10.0000
15.0000
20.0000
25.0000
30.0000
35.0000
40.0000
45.0000
50.0000
55.0000
60.0000
65.0000
70.0000
75.0000
80.0000
81.0000
0.0000
0.2000
0.4000
0.6000
1.0000
2.0000
4.0000
5.0000
8.0000
10.0000
15.0000
20.0000
25.0000
30.0000
35.0000
40.0000
41.0000
0.0000
0.2000
0.4000
0.6000
1.0000
2.0000
4.0000
5.0000
8.0000
10.0000
15.0000
20.0000
25.0000
30.0000
35.0000
40.0000
45.0000
50.0000
55.0000
