2.850291080e+00
2.819330571e+00
2.810480773e+00
2.798927571e+00
2.269280201e+00
2.038929736e+00
2.001125206e+00
1.988624527e+00
1.981786916e+00
1.977817970e+00
1.976521618e+00
1.976038489e+00
1.975737410e+00
1.975549610e+00
1.975355028e+00
1.975141642e+00
1.974996758e+00
1.974831503e+00
1.974701972e+00
1.974633076e+00
1.974577511e+00
1.974532130e+00
1.974493043e+00
1.974456335e+00
1.974410152e+00
1.974329977e+00
1.974205990e+00
1.974111047e+00
1.973987610e+00
1.973796971e+00
1.973667644e+00
1.973511964e+00
1.973359877e+00
1.973226851e+00
1.973087520e+00
1.972954725e+00
1.972878853e+00
1.972823682e+00
1.972774204e+00
1.972693756e+00
1.972559145e+00
1.972377163e+00
1.972183493e+00
1.971926762e+00
1.971634424e+00
1.971135306e+00
1.970326356e+00
1.969389750e+00
1.969075053e+00
1.968839277e+00
1.968698462e+00
1.968564251e+00
1.968422140e+00
1.968327012e+00
1.968184034e+00
1.968028563e+00
1.967849440e+00
1.967767950e+00
1.967724039e+00
1.967695857e+00
1.967643929e+00
1.967563129e+00
1.967532979e+00
1.967519175e+00
1.967506189e+00
1.967493988e+00
1.967482775e+00
1.967468490e+00
1.967446157e+00
1.967433033e+00
1.967427605e+00
1.967423896e+00
1.967421294e+00
1.967419727e+00
1.967418829e+00
1.967418289e+00
1.967417957e+00
1.967417753e+00
1.967417619e+00
1.967417529e+00
1.967417466e+00
1.967417419e+00
1.967417382e+00
1.967417351e+00
1.967417322e+00
1.967417293e+00
1.967417260e+00
1.967417222e+00
1.967417175e+00
1.967417114e+00
1.967417034e+00
1.967416926e+00
1.967416777e+00
1.967416583e+00
1.967416331e+00
1.967416029e+00
1.967415694e+00
1.967415348e+00
1.967415024e+00
1.967414740e+00
1.967414504e+00
1.967414316e+00
1.967414175e+00
1.967414077e+00
1.967414012e+00
1.967413970e+00
1.967413942e+00
1.967413925e+00
1.967413915e+00
2.065078761e+00
1.819850684e+00
1.704728033e+00
1.594226682e+00
1.254878145e+00
1.202655950e+00
1.190418744e+00
1.185524836e+00
1.178634947e+00
1.174273685e+00
1.171924642e+00
1.170762327e+00
1.169950079e+00
1.169265973e+00
1.168672809e+00
1.168416644e+00
1.168277266e+00
1.168170944e+00
1.168019317e+00
1.167913684e+00
1.167855267e+00
1.167824190e+00
1.167803565e+00
1.167787285e+00
1.167773330e+00
1.167759277e+00
1.167738179e+00
1.167699942e+00
1.167631218e+00
1.167603327e+00
1.167596228e+00
1.167593008e+00
1.167591354e+00
1.167590302e+00
1.167589522e+00
1.167588759e+00
1.167587798e+00
1.167586376e+00
1.167584386e+00
1.167581994e+00
1.167580062e+00
1.167578856e+00
1.167578195e+00
1.167577793e+00
1.167577546e+00
1.167577387e+00
1.167577285e+00
1.167577215e+00
1.167577170e+00
1.167577140e+00
1.167577121e+00
1.167577108e+00
1.167577099e+00
1.167577093e+00
1.167577089e+00
1.167577086e+00
1.167577085e+00
1.167577083e+00
1.447365409e+00
1.273973505e+00
1.215421587e+00
1.158687685e+00
1.156204591e+00
1.155851229e+00
1.155692786e+00
1.155563932e+00
1.155492756e+00
1.155462093e+00
1.155431099e+00
1.155396027e+00
1.155379526e+00
1.155371632e+00
1.155366290e+00
1.155362553e+00
1.155360079e+00
1.155358321e+00
1.155357092e+00
1.155356209e+00
1.155355529e+00
1.155354992e+00
1.155354564e+00
1.155354199e+00
1.155353841e+00
1.155353478e+00
1.155353053e+00
1.155352546e+00
1.155351940e+00
1.155351116e+00
1.155349996e+00
1.155348510e+00
1.155346439e+00
1.155343593e+00
1.155340240e+00
1.155335979e+00
1.155329977e+00
1.155320357e+00
1.155308728e+00
1.155301845e+00
1.155299575e+00
1.155298611e+00
1.155297945e+00
1.155297264e+00
1.155296442e+00
1.155295321e+00
1.155293727e+00
1.155291502e+00
1.155289158e+00
1.155286974e+00
1.155285141e+00
1.155283651e+00
1.155282367e+00
1.155281364e+00
1.155280455e+00
1.155279662e+00
1.155279022e+00
1.155278464e+00
1.155277984e+00
1.155277562e+00
1.155277137e+00
1.155276797e+00
1.155276504e+00
1.155276253e+00
1.155276041e+00
1.155275858e+00
1.155275697e+00
1.155275550e+00
1.155275412e+00
1.155275286e+00
1.155275165e+00
1.155275046e+00
1.155274922e+00
1.155274792e+00
1.155274637e+00
1.155274436e+00
1.155274155e+00
1.155273768e+00
1.155273158e+00
1.155272112e+00
1.155270464e+00
1.155268058e+00
1.155265438e+00
1.155263171e+00
1.155261317e+00
1.155259909e+00
1.155258781e+00
1.155257922e+00
1.155257299e+00
1.155256848e+00
1.155256506e+00
1.155256252e+00
1.155256058e+00
1.155255920e+00
1.155255819e+00
1.155255748e+00
1.155255695e+00
1.155255659e+00
1.155255633e+00
1.155255614e+00
1.155255600e+00
1.155255590e+00
1.155255584e+00
1.155255579e+00
1.438354019e+00
1.293503473e+00
1.237643661e+00
1.176603106e+00
1.173026904e+00
1.172132113e+00
1.171556235e+00
1.171332202e+00
1.171181243e+00
1.171042105e+00
1.170946568e+00
1.170863026e+00
1.170761945e+00
1.170686304e+00
1.170583585e+00
1.170534975e+00
1.170503539e+00
1.170476849e+00
1.170455658e+00
1.170440160e+00
1.170429651e+00
1.170423159e+00
1.170419067e+00
1.170415512e+00
1.170410747e+00
1.170403477e+00
1.170390813e+00
1.170363944e+00
1.170346303e+00
1.170337152e+00
1.170332927e+00
1.170331367e+00
1.170330761e+00
1.170330469e+00
1.170330318e+00
1.170330225e+00
1.170330163e+00
1.170330118e+00
1.170330083e+00
1.170330054e+00
1.170330031e+00
1.170330011e+00
1.170329995e+00
1.170329981e+00
1.170329968e+00
1.170329957e+00
1.170329946e+00
1.409683636e+00
1.260343008e+00
1.206476653e+00
1.167006149e+00
1.164475948e+00
1.164174027e+00
1.164066147e+00
1.164004072e+00
1.163955344e+00
1.163913281e+00
1.163879448e+00
1.163853975e+00
1.163831059e+00
1.163809834e+00
1.163788651e+00
1.163767521e+00
1.163751936e+00
1.163743582e+00
1.163738846e+00
1.163736181e+00
1.163734795e+00
1.163734081e+00
1.163733668e+00
1.163733372e+00
1.163733126e+00
1.163732914e+00
1.163732717e+00
1.163732537e+00
1.163732372e+00
1.163732217e+00
1.163732068e+00
1.163731928e+00
1.163731799e+00
1.163731670e+00
1.163731548e+00
1.163731432e+00
1.163731319e+00
1.163731207e+00
1.163731106e+00
1.163731004e+00
1.163730910e+00
1.163730819e+00
1.163730736e+00
1.163730655e+00
1.163730577e+00
1.163730504e+00
1.163730435e+00
1.163730365e+00
1.163730299e+00
1.163730233e+00
1.163730171e+00
1.163730107e+00
1.163730042e+00
1.163729979e+00
1.163729912e+00
1.163729841e+00
1.163729769e+00
1.163729691e+00
1.163729606e+00
1.163729514e+00
1.163729412e+00
1.163729297e+00
1.163729165e+00
1.163729008e+00
1.163728827e+00
1.163728611e+00
1.163728358e+00
1.163728063e+00
1.163727716e+00
1.163727328e+00
1.163726912e+00
1.163726482e+00
1.163726053e+00
1.163725627e+00
1.163725199e+00
1.163724767e+00
1.163724347e+00
1.163723968e+00
1.163723603e+00
1.163723254e+00
1.163722947e+00
1.163722661e+00
1.163722405e+00
1.163722176e+00
1.163721972e+00
1.163721790e+00
1.163721614e+00
1.163721451e+00
1.163721309e+00
1.163721181e+00
1.163721058e+00
1.163720943e+00
1.163720837e+00
1.163720745e+00
1.163720662e+00
1.163720589e+00
1.163720522e+00
1.163720465e+00
1.163720415e+00
1.163720371e+00
1.163720333e+00
1.163720300e+00
1.163720273e+00
1.163720251e+00
1.163720232e+00
1.163720215e+00
1.163720202e+00
1.163720190e+00
1.163720181e+00
1.163720173e+00
1.163720166e+00
1.163720161e+00
1.163720157e+00
1.163720153e+00
1.163720150e+00
1.163720148e+00
1.163720146e+00
1.437193638e+00
1.284008979e+00
1.230178063e+00
1.173710761e+00
1.170795587e+00
1.170238365e+00
1.170037273e+00
1.169956585e+00
1.169905907e+00
1.169883034e+00
1.169873431e+00
1.169868357e+00
1.169864993e+00
1.169862558e+00
1.169860558e+00
1.169858907e+00
1.169857541e+00
1.169856364e+00
1.169855415e+00
1.169854686e+00
1.169854081e+00
1.169853566e+00
1.169853130e+00
1.169852744e+00
1.169852384e+00
1.169852042e+00
1.169851698e+00
1.169851355e+00
1.169851010e+00
1.169850657e+00
1.169850277e+00
1.169849864e+00
1.169849432e+00
1.169848960e+00
1.169848481e+00
1.169848021e+00
1.169847610e+00
1.169847249e+00
1.169846959e+00
1.169846697e+00
1.169846475e+00
1.169846267e+00
1.169846089e+00
1.169845922e+00
1.169845773e+00
1.169845637e+00
1.169845516e+00
1.169845395e+00
1.169845288e+00
1.169845185e+00
1.169845092e+00
1.169844999e+00
1.169844907e+00
1.169844825e+00
1.169844739e+00
1.169844652e+00
1.169844573e+00
1.169844492e+00
1.169844412e+00
1.169844332e+00
1.169844257e+00
1.169844181e+00
1.169844107e+00
1.169844034e+00
1.169843964e+00
1.169843896e+00
1.169843830e+00
1.169843765e+00
1.169843698e+00
1.169843637e+00
1.169843577e+00
1.169843522e+00
1.169843470e+00
1.169843424e+00
1.169843380e+00
1.169843340e+00
1.169843304e+00
1.169843273e+00
1.169843246e+00
1.169843220e+00
1.169843198e+00
1.169843177e+00
1.169843159e+00
1.169843144e+00
1.169843130e+00
1.169843118e+00
1.169843108e+00
1.169843098e+00
1.169843090e+00
1.169843083e+00
1.169843076e+00
1.169843071e+00
1.169843066e+00
1.169843062e+00
1.169843058e+00
1.169843055e+00
1.169843053e+00
1.169843051e+00
1.169843049e+00
1.169843047e+00
1.169843046e+00
1.169843044e+00
1.169843043e+00
1.169843042e+00
1.442410764e+00
1.280412612e+00
1.226376766e+00
1.171835507e+00
1.169411352e+00
1.168983803e+00
1.168823956e+00
1.168758241e+00
1.168726537e+00
1.168697849e+00
1.168678304e+00
1.168670537e+00
1.168666534e+00
1.168664141e+00
1.168662344e+00
1.168660897e+00
1.168659584e+00
1.168658241e+00
1.168656851e+00
1.168655447e+00
1.168654076e+00
1.168652930e+00
1.168652154e+00
1.168651730e+00
1.168651514e+00
1.168651407e+00
1.168651352e+00
1.168651323e+00
1.168651308e+00
1.168651298e+00
1.168651291e+00
1.168651286e+00
1.439692877e+00
1.290135978e+00
1.229843895e+00
1.174012471e+00
1.171102221e+00
1.170588986e+00
1.170338439e+00
1.170203353e+00
1.170123219e+00
1.170075255e+00
1.169997813e+00
1.169906220e+00
1.169874649e+00
1.169863482e+00
1.169849124e+00
1.169829346e+00
1.169804549e+00
1.169740833e+00
1.169673030e+00
1.169639199e+00
1.169625106e+00
1.169617425e+00
1.169611574e+00
1.169606228e+00
1.169601175e+00
1.169596864e+00
1.169593287e+00
1.169590340e+00
1.169587788e+00
1.169585384e+00
1.169582973e+00
1.169580466e+00
1.169577702e+00
1.169574333e+00
1.169570616e+00
1.169566851e+00
1.169563356e+00
1.169559975e+00
1.169556903e+00
1.169554039e+00
1.169551564e+00
1.169549146e+00
1.169546187e+00
1.169539895e+00
1.169516855e+00
1.169461355e+00
1.169406997e+00
1.169353823e+00
1.169319808e+00
1.169312404e+00
1.169309973e+00
1.169308886e+00
1.169308341e+00
1.169308051e+00
1.169307862e+00
1.169307731e+00
1.169307631e+00
1.169307546e+00
1.169307468e+00
1.169307391e+00
1.169307307e+00
1.169307215e+00
1.169307104e+00
1.169306968e+00
1.169306794e+00
1.169306560e+00
1.169306255e+00
1.169305855e+00
1.169305346e+00
1.169304773e+00
1.169304201e+00
1.169303694e+00
1.169303269e+00
1.169302928e+00
1.169302672e+00
1.169302488e+00
1.169302363e+00
1.169302285e+00
1.169302234e+00
1.169302204e+00
1.169302186e+00
1.169302175e+00
1.169302169e+00
1.169302165e+00
1.409304156e+00
1.257491200e+00
1.206748304e+00
1.167757889e+00
1.165570752e+00
1.165225259e+00
1.165069425e+00
1.164986492e+00
1.164943829e+00
1.164917475e+00
1.164893524e+00
1.164867563e+00
1.164836362e+00
1.164800976e+00
1.164774754e+00
1.164763306e+00
1.164758414e+00
1.164755981e+00
1.164754612e+00
1.164753752e+00
1.164753100e+00
1.164752603e+00
1.164752257e+00
1.164751998e+00
1.164751798e+00
1.164751650e+00
1.164751533e+00
1.164751444e+00
1.164751377e+00
1.164751326e+00
1.164751287e+00
1.164751257e+00
1.164751235e+00
1.164751217e+00
1.164751204e+00
1.164751194e+00
1.164751186e+00
1.164751180e+00
1.164751175e+00
1.164751171e+00
1.164751168e+00
1.164751166e+00
1.164751164e+00
1.164751163e+00
1.438780262e+00
1.283458314e+00
1.218673870e+00
1.172243181e+00
1.169916275e+00
1.169561786e+00
1.169432987e+00
1.169388362e+00
1.169363112e+00
1.169340949e+00
1.169313484e+00
1.169293699e+00
1.169282024e+00
1.169272050e+00
1.169262754e+00
1.169255926e+00
1.169250261e+00
1.169244092e+00
1.169236425e+00
1.169227783e+00
1.169219901e+00
1.169214097e+00
1.169210190e+00
1.169207190e+00
1.169204342e+00
1.169201661e+00
1.169199595e+00
1.169198158e+00
1.169196886e+00
1.169195521e+00
1.169193811e+00
1.169191566e+00
1.169188714e+00
1.169184467e+00
1.169175328e+00
1.169155004e+00
1.169140242e+00
1.169134041e+00
1.169126004e+00
1.169094491e+00
1.169063459e+00
1.169057802e+00
1.169056461e+00
1.169055927e+00
1.169055657e+00
1.169055499e+00
1.169055405e+00
1.169055342e+00
1.169055302e+00
1.169055274e+00
1.169055256e+00
1.169055243e+00
1.169055234e+00
1.169055228e+00
1.169055224e+00
1.169055221e+00
1.169055219e+00
1.169055217e+00
