0.004
0.007
0.010
0.014
0.051
0.386
0.519
0.676
0.807
0.916
1.004
1.123
1.223
1.320
1.408
1.507
1.599
1.712
1.798
1.893
1.968
2.078
2.173
2.280
2.366
2.457
2.532
2.644
2.740
2.852
2.946
3.032
3.109
3.227
3.323
3.426
3.522
3.614
3.698
3.785
3.865
3.954
4.046
4.150
4.230
4.325
4.397
4.500
4.587
4.733
4.823
4.906
5.006
5.104
5.196
5.282
5.362
5.446
5.553
5.634
5.723
5.809
5.897
5.988
6.089
6.205
6.298
6.421
6.499
6.593
6.714
6.836
6.933
7.055
7.134
7.222
7.335
7.463
7.565
7.695
7.773
7.861
7.965
8.086
8.190
8.332
8.409
8.494
8.604
8.724
8.819
8.941
9.026
9.117
9.228
9.350
9.454
9.585
9.665
9.748
9.859
9.985
10.087
10.209
10.287
10.374
10.490
10.609
10.714
0.009
0.017
0.025
0.042
0.545
0.694
0.824
1.092
1.331
1.499
1.651
1.778
1.882
2.000
2.104
2.232
2.349
2.548
2.698
2.815
2.922
3.038
3.151
3.256
3.377
3.481
3.584
3.682
3.788
3.894
4.012
4.122
4.214
4.312
4.423
4.531
4.638
4.744
4.836
4.936
5.046
5.152
5.273
5.380
5.473
5.571
5.668
5.775
5.909
6.013
6.104
6.202
6.312
6.418
6.540
6.642
6.737
6.836
0.010
0.018
0.026
0.044
0.189
0.316
0.446
0.595
0.725
0.811
0.943
1.080
1.224
1.370
1.506
1.592
1.725
1.867
2.011
2.155
2.287
2.373
2.502
2.628
2.772
2.916
3.047
3.133
3.267
3.395
3.538
3.682
3.816
3.904
4.037
4.191
4.340
4.487
4.621
4.707
4.827
4.961
5.109
5.255
5.384
5.471
5.593
5.722
5.844
5.966
6.100
6.186
6.334
6.471
6.616
6.745
6.895
6.981
7.115
7.248
7.388
7.510
7.655
7.743
7.876
8.001
8.137
8.260
8.412
8.498
8.635
8.796
8.930
9.053
9.198
9.286
9.428
9.560
9.689
9.813
9.964
10.050
10.192
10.330
10.459
10.586
10.732
10.819
10.964
11.102
11.236
11.359
11.510
11.598
11.731
11.866
12.000
12.121
12.274
12.361
12.501
12.624
12.758
12.881
0.010
0.018
0.026
0.044
0.188
0.320
0.452
0.598
0.729
0.826
0.919
1.009
1.102
1.229
1.337
1.448
1.561
1.667
1.776
1.899
2.035
2.141
2.251
2.390
2.504
2.635
2.775
2.889
3.025
3.155
3.262
3.395
3.527
3.638
3.770
3.882
3.989
4.117
4.257
4.366
4.487
4.625
4.734
4.857
4.995
5.102
5.231
0.010
0.018
0.026
0.044
0.189
0.318
0.452
0.598
0.727
0.813
0.956
1.088
1.222
1.338
1.492
1.583
1.719
1.871
1.999
2.129
2.273
2.356
2.486
2.640
2.771
2.901
3.046
3.131
3.262
3.405
3.546
3.677
3.823
3.906
4.084
4.230
4.359
4.488
4.634
4.717
4.848
4.998
5.153
5.283
5.424
5.508
5.633
5.774
5.908
6.037
6.186
6.269
6.408
6.546
6.684
6.814
6.958
7.041
7.174
7.315
7.450
7.580
7.721
7.806
7.939
8.083
8.217
8.346
8.483
8.567
8.704
8.840
8.969
9.104
9.255
9.338
9.467
9.615
9.751
9.883
10.027
10.110
10.248
10.397
10.527
10.657
10.805
10.889
11.023
11.170
11.306
11.436
11.575
11.659
11.786
11.930
12.068
12.197
12.340
12.424
12.555
12.690
12.821
12.950
13.092
13.176
13.305
13.444
13.579
13.709
13.856
13.939
14.067
14.210
14.338
14.470
14.620
0.010
0.018
0.026
0.043
0.198
0.322
0.451
0.597
0.727
0.813
0.956
1.093
1.232
1.349
1.452
1.555
1.709
1.852
1.985
2.100
2.203
2.305
2.452
2.586
2.722
2.838
2.940
3.041
3.186
3.316
3.447
3.562
3.665
3.767
3.917
4.054
4.185
4.300
4.403
4.500
4.641
4.779
4.905
5.019
5.123
5.243
5.397
5.535
5.676
5.791
5.894
5.993
6.141
6.275
6.411
6.528
6.630
6.734
6.867
7.008
7.139
7.254
7.356
7.460
7.604
7.741
7.873
7.988
8.092
8.193
8.340
8.473
8.597
8.713
8.816
8.911
9.046
9.190
9.320
9.435
9.538
9.640
9.790
9.932
10.072
10.188
10.290
10.388
10.539
10.678
10.814
10.929
11.034
11.136
11.282
11.420
11.564
11.683
11.787
11.890
12.025
12.165
12.294
12.411
0.010
0.018
0.026
0.044
0.176
0.316
0.454
0.601
0.731
0.818
0.944
1.079
1.218
1.360
1.489
1.575
1.698
1.829
1.965
2.103
2.233
2.323
2.453
2.588
2.729
2.867
2.997
3.084
3.220
3.363
3.498
3.634
0.010
0.018
0.027
0.045
0.195
0.329
0.454
0.600
0.729
0.815
0.950
1.030
1.159
1.274
1.392
1.488
1.631
1.753
1.868
1.991
2.122
2.253
2.393
2.516
2.599
2.720
2.852
2.993
3.127
3.250
3.336
3.454
3.589
3.733
3.868
3.998
4.085
4.204
4.343
4.491
4.635
4.758
4.842
4.962
5.098
5.242
5.367
5.501
5.614
5.730
5.859
6.009
6.142
6.279
6.388
6.504
6.632
6.779
6.914
7.055
7.165
7.279
7.407
7.550
7.691
7.827
7.936
8.050
8.180
8.327
8.465
8.613
8.725
8.836
8.965
9.115
9.248
9.391
9.511
9.626
9.756
9.902
10.033
10.173
0.010
0.018
0.026
0.044
0.312
0.451
0.583
0.732
0.862
0.948
1.075
1.181
1.319
1.444
1.567
1.668
1.791
1.896
2.013
2.140
2.259
2.359
2.481
2.585
2.688
2.812
2.930
3.030
3.159
3.271
3.374
3.500
3.619
3.720
3.834
3.937
4.035
4.163
4.285
4.385
4.505
4.616
4.724
4.850
0.010
0.018
0.026
0.043
0.183
0.322
0.460
0.609
0.739
0.828
0.968
1.075
1.201
1.327
1.452
1.545
1.663
1.804
1.942
2.073
2.198
2.306
2.451
2.596
2.723
2.854
2.983
3.090
3.227
3.363
3.502
3.631
3.758
3.865
4.000
4.141
4.234
4.363
4.486
4.572
4.663
4.789
4.923
5.056
5.184
5.270
5.363
5.503
5.636
5.764
5.892
5.978
6.067
6.201
6.342
6.474
6.602
6.688
