1000.000
2000.000
3000.000
5000.000
1307.848 1302.987 1064.020 779.034 546.112
690.517 618.844 462.418 450.223 444.547 441.068 435.559 410.735 375.634 309.699 186.071 54.795 50.908 47.383 21.598
455.441 453.831 451.118 450.580 442.688 438.592 418.345 387.065 310.026 307.290 290.319 198.840 182.426 70.441 64.352 58.983 19.662 0.000 0.000
467.417 450.067 445.118 442.903 437.109 437.091 417.617 390.458 314.329 284.754 280.912 205.090 181.627 139.182 87.985 18.341 0.000
469.187 447.568 446.265 441.532 438.342 432.136 420.122 391.531 317.741 275.025 258.618 211.533 179.787 154.866 98.061 17.687
471.477 447.157 445.942 438.812 437.588 427.925 420.793 392.517 317.356 269.404 242.989 217.132 182.493 168.048 103.441 16.925
472.601 448.133 444.748 437.255 436.160 422.208 420.237 392.799 315.199 264.284 237.194 221.546 185.155 179.165 106.741 16.575
473.634 448.914 444.023 436.246 433.740 418.888 416.313 392.684 312.575 260.991 237.647 224.396 188.115 186.857 108.589 16.388
475.179 450.462 443.521 435.433 431.840 417.393 411.400 392.809 310.996 258.218 238.761 226.482 193.918 187.348 109.790 16.451
476.838 452.099 443.386 434.806 430.540 415.754 408.290 393.284 349.782 310.479 256.083 227.807 197.056 187.380 16.417
481.588 455.197 454.554 433.784 429.750 418.389 409.724 396.438 318.418 310.790 254.586 228.589 203.746 188.022 16.426
483.222 461.184 457.078 432.735 428.589 419.379 409.929 397.408 322.055 310.570 253.633 228.893 206.762 188.564
485.030 464.972 459.592 431.616 428.028 419.493 410.580 398.395 311.416 310.102 252.952 228.950 209.057 189.816
487.058 466.752 462.199 430.812 427.090 419.387 411.133 398.553 309.579 304.887 252.293 228.937 210.551 190.769
489.706 467.325 464.989 430.501 426.088 419.331 411.297 398.477 309.045 300.221 251.618 228.549 211.326 191.529
492.076 467.624 467.447 430.430 424.991 419.333 411.279 398.370 308.487 297.017 251.079 225.947 213.695 192.226
493.852 470.562 467.369 430.666 423.889 419.416 411.200 398.279 307.774 294.840 250.731 222.949 215.267 193.206
494.853 473.486 467.247 430.948 422.859 419.513 411.186 398.328 306.606 293.441 252.882 219.446 214.237 194.967
495.413 475.479 467.092 431.105 421.868 419.564 411.204 398.478 304.858 291.712 256.827 215.420 212.960 198.019
495.663 476.834 466.968 431.196 421.051 419.495 411.382 398.525 303.437 290.105 260.325 212.351 212.003 200.666
495.792 477.713 466.862 431.253 420.299 419.343 411.600 398.525 302.024 288.239 263.619 212.863 209.095 202.773
495.880 478.543 466.652 431.444 419.432 419.120 411.909 398.518 300.898 286.033 266.472 214.555 206.671 203.873
495.855 479.303 466.459 431.700 418.802 418.521 412.668 398.541 299.980 282.965 269.254 216.873 204.824 204.254
495.658 480.017 466.108 432.003 418.237 417.426 413.590 399.075 299.010 280.307 271.887 218.553 206.143 201.987
495.406 480.448 465.865 432.176 417.548 416.530 414.336 399.548 297.981 279.007 274.110 219.464 207.603 199.978
495.096 480.756 465.707 432.228 416.857 415.771 415.064 399.847 296.789 277.897 276.064 220.038 209.741 198.144
494.772 480.956 465.609 432.184 416.255 415.551 415.157 400.029 296.020 277.756 276.712 220.571 211.928 196.499
494.502 481.019 465.577 432.124 415.849 415.723 414.620 400.138 295.206 278.820 275.740 221.104 214.097 195.482
494.275 481.055 465.564 432.052 415.925 415.287 414.186 400.175 293.732 279.616 274.881 221.653 216.911 194.688
494.057 481.040 465.568 431.983 415.801 414.843 413.773 400.184 291.551 280.195 274.203 222.315 220.374 194.115
493.869 480.965 465.588 431.932 415.519 414.476 413.423 400.150 288.766 280.600 273.792 224.322 222.885 193.711
493.721 480.875 465.607 431.903 415.272 414.121 413.121 400.081 286.002 280.895 273.527 228.040 223.398 193.437
493.596 480.784 465.624 431.871 415.110 413.767 412.871 399.968 283.459 281.104 273.355 231.329 223.922 193.241
493.484 480.731 465.637 431.840 415.010 413.364 412.654 399.737 281.600 281.279 273.205 233.761 224.600 193.097
493.385 480.704 465.642 431.810 414.971 412.942 412.478 399.438 281.410 280.527 272.966 235.285 225.430 193.013
493.290 480.710 465.638 431.771 414.942 412.408 412.328 399.249 281.525 279.912 272.740 236.341 226.209 192.938
493.206 480.706 465.630 431.746 414.926 412.216 411.925 399.209 281.613 279.609 272.480 237.005 226.845 192.883
493.132 480.713 465.616 431.696 414.925 412.121 411.357 399.216 281.680 279.469 272.227 237.476 227.523 192.850
493.077 480.720 465.599 431.648 414.927 412.051 410.837 399.251 281.726 279.438 271.957 237.765 228.175 192.828
493.029 480.722 465.581 431.613 414.931 411.994 410.348 399.298 281.764 279.432 271.724 237.953 228.798 192.813
492.997 480.734 465.564 431.587 414.937 411.949 409.851 399.341 281.791 279.462 271.532 238.068 229.382 192.807
492.971 480.738 465.550 431.568 414.938 411.914 409.422 399.384 281.812 279.484 271.338 238.164 229.918 192.801
492.954 480.746 465.534 431.554 414.939 411.888 408.993 399.425 281.827 279.514 271.184 238.233 230.410 192.801
492.936 480.748 465.520 431.542 414.940 411.868 408.592 399.463 281.838 279.540 271.035 238.293 230.883 192.801
492.925 480.754 465.511 431.537 414.941 411.854 408.218 399.487 281.850 279.563 270.923 238.337 231.297 192.802
492.915 480.758 465.502 431.528 414.940 411.844 407.871 399.512 281.857 279.581 270.813 238.390 231.686 192.804
492.907 480.761 465.494 431.520 414.939 411.837 407.551 399.533 281.862 279.598 270.733 238.440 232.020 192.807
492.902 480.766 465.487 431.513 414.938 411.832 407.252 399.548 281.867 279.612 270.654 238.482 232.337 192.810
492.896 480.769 465.481 431.507 414.935 411.829 406.969 399.563 281.871 279.622 270.585 238.531 232.630 192.812
492.888 480.767 465.476 431.495 414.932 411.828 406.759 399.574 281.872 279.631 270.525 238.582 232.857 192.814
492.881 480.767 465.472 431.485 414.931 411.827 406.526 399.583 281.874 279.637 270.471 238.630 233.100 192.817
492.876 480.767 465.468 431.475 414.928 411.827 406.304 399.592 281.875 279.641 270.423 238.682 233.323 192.819
492.873 480.770 465.464 431.468 414.925 411.828 406.114 399.598 281.877 279.644 270.384 238.729 233.504 192.821
492.869 480.769 465.461 431.461 414.923 411.830 405.946 399.604 281.879 279.645 270.348 238.773 233.670 192.823
492.864 480.769 465.459 431.451 414.921 411.831 405.784 399.608 281.880 279.646 270.313 238.823 233.827 192.825
492.862 480.768 465.457 431.441 414.918 411.832 405.645 399.612 281.880 279.645 270.282 238.876 233.958 192.826
492.859 480.768 465.454 431.433 414.916 411.833 405.512 399.616 281.880 279.645 270.253 238.923 234.080 192.827
492.855 480.765 465.453 431.423 414.913 411.835 405.408 399.618 281.880 279.643 270.225 238.974 234.181 192.828
492.852 480.764 465.451 431.415 414.912 411.836 405.302 399.621 281.881 279.638 270.202 239.017 234.279 192.829
492.849 480.763 465.450 431.408 414.910 411.837 405.206 399.623 281.881 279.633 270.183 239.063 234.363 192.830
492.847 480.762 465.448 431.399 414.908 411.838 405.123 399.625 281.881 279.628 270.162 239.110 234.438 192.831
492.845 480.761 465.447 431.393 414.907 411.839 405.047 399.626 281.882 279.622 270.146 239.151 234.502 192.832
492.842 480.759 465.446 431.385 414.905 411.840 404.983 399.627 281.881 279.617 270.127 239.194 234.561 192.832
492.840 480.757 465.445 431.379 414.904 411.841 404.921 399.629 281.881 279.609 270.113 239.235 234.613 192.833
492.838 480.756 465.444 431.373 414.902 411.841 404.862 399.630 281.881 279.602 270.099 239.277 234.663 192.833
492.837 480.755 465.443 431.368 414.901 411.842 404.812 399.631 281.882 279.594 270.087 239.311 234.704 192.834
492.835 480.754 465.442 431.362 414.900 411.842 404.769 399.631 281.882 279.586 270.075 239.349 234.739 192.834
492.834 480.753 465.441 431.357 414.899 411.842 404.727 399.632 281.882 279.577 270.064 239.385 234.771 192.834
492.832 480.752 465.441 431.352 414.898 411.843 404.693 399.633 281.881 279.568 270.053 239.421 234.798 192.835
492.830 480.750 465.440 431.347 414.897 411.843 404.661 399.633 281.881 279.561 270.044 239.453 234.826 192.835
492.829 480.749 465.440 431.343 414.896 411.843 404.630 399.634 281.881 279.552 270.035 239.484 234.849 192.835
492.828 480.748 465.439 431.339 414.895 411.843 404.604 399.634 281.881 279.543 270.027 239.514 234.870 192.835
492.827 480.748 465.439 431.335 414.895 411.844 404.580 399.635 281.881 279.534 270.020 239.541 234.886 192.835
492.826 480.747 465.438 431.332 414.894 411.843 404.561 399.635 281.881 279.525 270.015 239.568 234.899 192.835
492.825 480.746 465.438 431.329 414.893 411.843 404.542 399.635 281.881 279.517 270.010 239.591 234.913 192.835
492.825 480.745 465.437 431.327 414.893 411.843 404.525 399.636 281.881 279.509 270.004 239.615 234.925 192.835
234.825 7.700 89.761 17.664 76.327 7.625 24.565 75.469 0.000 0.013 299.947 0.033 166.069 0.000
458.315 13.529 240.492 35.224 148.444 8.524 67.103 185.233 0.000 0.013 517.353 0.033 325.736 0.000
667.920 14.785 395.802 62.436 243.035 9.256 120.569 275.494 0.000 0.013 723.934 0.033 486.720 0.000
1065.715 1033.039 810.510 738.409 476.163 423.865 263.533 147.952 28.648 12.119 0.033 0.013 0.000 0.000
520.060 479.504 477.291 470.025 467.507 397.809 390.059 376.842 326.533 306.622 261.500 209.468 172.757 50.204 37.803 17.409 15.020 14.435 9.151 0.000 0.000 0.000 0.000
506.664 490.521 474.397 469.622 466.868 433.874 414.577 404.784 341.739 304.750 218.697 209.139 158.400 37.783 34.043 13.414 7.964 7.665 5.100 0.000 0.000 0.000 0.000
499.189 495.413 478.921 467.075 463.919 452.853 418.223 416.189 331.416 303.109 216.939 206.049 153.637 42.038 22.303 14.756 7.985 7.026 2.959 0.000 0.000 0.000 0.000
498.574 495.362 482.193 466.667 462.190 461.197 420.229 417.541 322.461 302.583 220.887 204.403 197.050 30.690 7.987 6.986 3.000 0.000 0.000
501.637 492.372 484.115 474.172 466.653 460.047 427.185 420.524 315.587 305.088 223.983 206.016 190.102 21.532 7.987 3.000 0.000
502.280 490.687 488.191 477.015 467.401 458.084 435.972 419.514 312.577 306.347 224.308 206.655 178.029 21.953 7.987 3.000
504.849 489.937 488.485 476.924 468.212 457.309 441.423 419.321 311.709 307.083 223.347 207.387 173.129 22.899 7.986
504.686 489.783 488.269 476.337 469.362 457.848 444.923 427.534 311.917 307.074 221.782 208.146 171.214 21.126
504.903 489.728 487.772 475.582 469.568 458.245 448.826 425.693 312.190 307.074 220.281 208.633 171.059 20.446
505.206 489.658 487.268 475.025 469.121 458.293 452.317 425.477 312.443 307.023 219.443 208.824 169.586 20.316
505.638 489.613 486.788 474.708 468.352 458.194 455.660 425.217 312.683 306.967 218.605 208.861 168.425 20.290
505.892 489.569 486.603 474.667 467.971 458.815 458.020 425.077 312.500 306.921 217.974 208.870 166.816 20.306
506.028 489.529 486.657 474.862 467.744 461.484 457.830 424.928 312.236 306.887 217.373 208.858 165.263 20.323
506.049 489.490 486.808 475.038 467.481 464.077 457.632 424.834 312.021 306.855 216.800 208.844 163.739 20.333
506.042 489.457 486.991 475.177 467.189 466.349 457.451 424.821 311.868 306.830 216.281 208.826 162.382 20.339
506.032 489.430 487.176 475.224 468.029 466.947 457.294 424.814 311.693 306.785 215.832 208.812 161.590 20.341
506.028 489.411 487.371 475.253 469.153 466.741 457.155 424.841 311.383 306.725 215.393 208.790 181.756
504.723 489.032 487.444 478.816 474.475 464.654 458.912 420.715 312.722 304.424 215.900 207.373 180.811
501.653 489.059 485.321 484.036 476.591 463.044 459.841 415.900 313.675 303.833 216.084 206.596 184.367
500.004 489.374 489.238 482.936 477.767 461.940 460.188 412.052 314.334 303.698 216.202 206.147 186.121
499.323 494.263 489.359 480.837 478.446 460.856 460.164 410.361 315.319 303.774 216.175 205.729 185.394
498.905 498.631 489.254 478.806 478.748 460.066 459.896 409.374 316.548 303.857 216.059 205.486 184.370
503.032 498.409 488.766 479.049 477.160 459.436 459.286 408.442 317.697 303.945 215.854 205.316 183.608
507.285 497.863 488.606 479.278 476.055 458.983 458.706 407.694 318.429 303.969 215.572 205.222 182.339
511.314 497.357 488.586 479.507 474.862 458.402 458.316 406.827 318.547 303.954 214.974 205.153 182.202
514.982 496.682 488.606 479.601 473.651 457.861 457.691 405.693 318.680 303.913 214.704 205.093 182.842
517.953 495.959 488.641 479.827 472.445 457.267 456.803 404.230 319.875 303.890 214.715 205.038 183.356
519.800 495.152 488.484 479.990 471.134 456.475 455.813 402.098 321.351 303.842 214.830 204.998 186.035
520.872 494.587 488.270 479.911 470.193 455.780 455.036 399.959 321.709 303.902 214.672 204.974 190.136
521.612 494.251 488.082 479.832 469.281 455.224 454.304 397.850 322.145 304.038 214.242 204.950 194.190
522.038 494.053 487.937 479.818 468.383 454.771 453.819 396.211 322.603 304.258 213.774 204.940 197.395
522.272 493.949 487.774 479.838 467.538 454.389 453.446 395.044 323.005 304.470 213.381 204.956 199.937
522.393 493.893 487.625 479.874 466.850 454.079 453.192 394.225 323.371 304.677 213.032 204.980 201.809
522.474 493.854 487.492 479.915 466.269 453.771 453.030 393.682 323.694 304.864 212.741 205.024 203.189
522.525 493.831 487.396 479.950 465.861 453.441 452.952 393.373 323.954 305.073 212.517 205.064 204.064
522.579 493.811 487.317 479.985 465.505 453.108 452.910 393.171 324.185 305.301 212.324 205.116 204.689
522.630 493.800 487.248 480.033 465.227 452.930 452.677 393.076 324.392 305.581 212.155 205.179 205.071
522.693 493.778 487.185 480.077 464.991 452.963 452.241 393.019 324.578 305.947 212.017 205.260 205.253
522.756 493.742 487.130 480.146 464.803 453.011 451.856 392.977 324.767 306.402 211.910 205.397 205.104
522.837 493.675 487.060 480.210 464.574 453.076 451.460 392.939 324.933 307.154 211.856 205.576 204.651
522.933 493.578 486.974 480.267 464.320 453.115 451.156 392.853 325.103 307.892 211.952 205.826 204.031
523.029 493.423 486.865 480.337 463.950 453.189 450.965 392.737 325.285 308.185 212.047 206.113 203.875
523.086 493.299 486.772 480.440 463.649 453.252 450.820 392.634 325.478 308.147 212.008 206.340 204.075
523.125 493.197 486.686 480.556 463.350 453.313 450.724 392.574 325.731 308.064 211.811 206.507 204.361
523.154 493.124 486.626 480.655 463.114 453.342 450.665 392.551 326.068 308.000 211.509 206.610 204.581
523.167 493.068 486.576 480.771 462.923 453.355 450.619 392.545 326.576 307.945 211.041 206.686 204.729
523.172 493.032 486.536 480.888 462.809 453.374 450.584 392.546 327.351 307.908 210.289 206.733 204.776
523.170 492.997 486.505 481.014 462.723 453.367 450.563 392.556 328.414 307.883 209.277 206.765 204.764
523.153 492.971 486.471 481.149 462.664 453.349 450.552 392.569 329.848 307.866 207.914 206.787 204.708
523.126 492.950 486.436 481.309 462.634 453.341 450.541 392.587 331.417 307.855 206.798 206.418 204.586
523.113 492.930 486.407 481.484 462.622 453.297 450.524 392.610 332.933 307.832 206.822 204.983 204.444
523.111 492.917 486.389 481.675 462.623 453.244 450.500 392.636 334.196 307.817 206.836 204.276 203.779
523.096 492.895 486.375 481.839 462.586 453.171 450.453 392.620 335.167 307.802 206.842 204.311 202.845
523.090 492.881 486.359 482.020 462.576 453.118 450.402 392.625 335.989 307.793 206.845 204.242 202.060
523.084 492.869 486.348 482.212 462.580 453.084 450.348 392.648 336.665 307.785 206.846 204.123 201.408
523.080 492.862 486.340 482.404 462.596 453.067 450.300 392.679 337.189 307.781 206.845 203.958 200.900
523.075 492.859 486.335 482.588 462.619 453.045 450.250 392.708 337.626 307.777 206.844 203.793 200.482
523.071 492.851 486.324 482.776 462.644 453.034 450.194 392.748 337.976 307.773 206.842 203.623 200.143
523.064 492.845 486.318 482.959 462.673 453.025 450.138 392.787 338.262 307.769 206.840 203.448 199.871
523.057 492.838 486.308 483.149 462.699 453.025 450.083 392.833 338.488 307.766 206.837 203.265 199.651
523.054 492.830 486.301 483.346 462.728 453.025 450.034 392.877 338.677 307.765 206.836 203.060 199.469
523.048 492.824 486.291 483.591 462.753 453.029 449.974 392.927 338.819 307.761 206.833 202.817 199.333
523.042 492.815 486.275 483.887 462.772 453.032 449.910 392.984 338.940 307.759 206.830 202.539 199.215
523.027 492.805 486.250 484.332 462.780 453.043 449.818 393.060 339.037 307.753 206.825 202.146 199.123
523.012 492.810 486.208 485.161 462.787 453.074 449.702 393.171 339.120 307.744 206.817 201.349 199.045
523.046 492.767 486.897 486.165 462.678 453.138 449.466 393.342 339.190 307.713 206.803 199.805 198.988
523.597 492.619 488.379 485.953 462.417 453.112 448.924 393.718 339.267 307.722 206.781 198.949 198.561
524.172 492.519 488.937 485.806 462.394 453.112 448.432 394.121 339.291 307.737 206.782 198.995 197.702
524.421 492.368 489.195 485.643 462.366 453.061 447.914 394.845 339.292 307.828 206.789 199.027 197.250
524.535 492.190 489.367 485.518 462.336 453.047 447.460 395.791 339.312 307.992 206.809 199.069 196.576
524.625 491.958 489.569 485.404 462.234 453.062 447.067 396.386 339.361 308.221 206.853 199.128 196.134
524.658 491.759 489.715 485.314 462.253 453.113 446.774 396.821 339.380 308.319 206.944 199.183 195.766
524.674 491.605 489.829 485.255 462.328 453.169 446.554 397.157 339.381 308.312 207.036 199.225 195.475
524.675 491.486 489.898 485.215 462.420 453.217 446.413 397.421 339.370 308.284 207.105 199.262 195.234
524.677 491.380 489.958 485.188 462.529 453.261 446.287 397.657 339.352 308.255 207.155 199.294 195.008
524.677 491.292 490.000 485.169 462.627 453.291 446.193 397.862 339.331 308.231 207.191 199.322 194.813
524.678 491.215 490.037 485.153 462.717 453.324 446.110 398.041 339.316 308.215 207.215 199.340 194.638
524.677 491.146 490.066 485.140 462.796 453.346 446.039 398.202 339.300 308.204 207.234 199.358 194.491
524.677 491.087 490.087 485.129 462.865 453.368 445.979 398.336 339.287 308.197 207.246 199.372 194.372
524.676 491.040 490.101 485.120 462.918 453.382 445.934 398.440 339.276 308.192 207.255 199.384 194.280
524.675 490.992 490.116 485.112 462.967 453.398 445.888 398.536 339.268 308.188 207.261 199.393 194.205
524.676 490.950 490.130 485.105 463.012 453.412 445.841 398.618 339.262 308.187 207.266 199.399 194.142
524.676 490.913 490.142 485.099 463.054 453.424 445.797 398.696 339.256 308.186 207.270 199.405 194.081
524.676 490.880 490.151 485.093 463.090 453.435 445.757 398.765 339.251 308.186 207.274 199.410 194.031
524.677 490.851 490.160 485.088 463.122 453.445 445.719 398.824 339.248 308.185 207.276 199.413 193.991
524.678 490.826 490.167 485.084 463.150 453.454 445.682 398.877 339.245 308.186 207.278 199.416 193.957
524.678 490.804 490.173 485.080 463.176 453.463 445.647 398.927 339.243 308.186 207.280 199.419 193.924
524.680 490.783 490.180 485.076 463.203 453.472 445.607 398.972 339.241 308.187 207.282 199.421 193.898
524.682 490.765 490.186 485.072 463.230 453.481 445.563 399.016 339.239 308.187 207.284 199.423 193.871
524.683 490.751 490.190 485.070 463.252 453.489 445.522 399.052 339.238 308.188 207.285 199.424 193.856
524.687 490.739 490.196 485.066 463.278 453.500 445.469 399.092 339.237 308.189 207.287 199.425 193.836
524.689 490.728 490.200 485.063 463.301 453.510 445.419 399.128 339.236 308.190 207.288 199.426 193.822
524.693 490.719 490.205 485.060 463.326 453.520 445.349 399.166 339.236 308.191 207.290 199.426 193.820
524.702 490.717 490.212 485.056 463.362 453.534 445.244 399.211 339.236 308.193 207.292 199.426 193.814
524.708 490.713 490.217 485.053 463.392 453.548 445.130 399.255 339.235 308.195 207.294 199.427 193.834
524.727 490.726 490.229 485.045 463.455 453.579 444.898 399.330 339.236 308.201 207.297 199.425 193.853
524.742 490.734 490.237 485.045 463.515 453.605 444.540 399.402 339.235 308.205 207.300 199.425 194.015
524.782 490.774 490.259 485.037 463.630 453.662 443.798 399.553 339.236 308.219 207.306 199.422 194.322
524.871 490.875 490.303 485.023 463.853 453.796 442.742 399.801 339.243 308.240 207.320 199.411 194.523
524.931 490.949 490.335 485.029 464.031 453.907 442.152 400.043 339.241 308.253 207.331 199.411 194.385
524.993 491.005 490.363 485.035 464.206 454.016 441.834 400.269 339.239 308.260 207.342 199.409 194.029
525.030 491.025 490.385 485.043 464.329 454.074 441.698 400.435 339.234 308.261 207.349 199.414 193.724
525.046 491.025 490.400 485.044 464.412 454.113 441.625 400.581 339.229 308.260 207.356 199.417 193.492
525.055 491.010 490.412 485.043 464.476 454.140 441.584 400.705 339.224 308.258 207.360 199.422 193.310
525.059 490.988 490.419 485.040 464.525 454.160 441.558 400.808 339.221 308.257 207.363 199.426 193.177
525.060 490.963 490.427 485.036 464.562 454.174 441.538 400.894 339.217 308.256 207.366 199.429 193.077
525.060 490.940 490.432 485.033 464.590 454.182 441.525 400.959 339.215 308.256 207.368 199.432 193.008
525.059 490.915 490.437 485.030 464.614 454.191 441.512 401.019 339.212 308.256 207.370 199.435 192.950
525.058 490.891 490.440 485.026 464.633 454.200 441.501 401.074 339.211 308.256 207.371 199.436 192.903
525.057 490.869 490.444 485.022 464.649 454.206 441.490 401.119 339.210 308.256 207.373 199.438 192.869
525.055 490.849 490.447 485.019 464.662 454.211 441.480 401.160 339.209 308.256 207.374 199.439 192.840
525.053 490.828 490.450 485.015 464.675 454.218 441.470 401.201 339.208 308.256 207.375 199.440 192.812
525.051 490.809 490.452 485.013 464.687 454.222 441.461 401.236 339.207 308.256 207.376 199.441 192.789
525.050 490.791 490.454 485.010 464.698 454.227 441.454 401.267 339.207 308.256 207.376 199.442 192.769
525.048 490.774 490.455 485.007 464.708 454.232 441.446 401.293 339.206 308.256 207.377 199.442 192.755
525.047 490.759 490.457 485.005 464.716 454.235 441.439 401.318 339.206 308.256 207.378 199.443 192.741
525.045 490.744 490.459 485.003 464.724 454.239 441.432 401.343 339.206 308.256 207.379 199.443 192.728
103.867 104.973 91.842 85.177 93.787 91.402 83.417 83.504 60.565 70.820 55.310 28.519 46.817
216.395 182.705 186.454 184.295 190.287 170.886 195.376 160.824 133.397 121.517 94.386 56.668 106.808
321.094 266.067 283.446 281.990 279.463 262.637 285.306 244.089 209.250 184.933 139.906 87.154 154.665
529.243 487.136 486.219 478.144 467.697 454.533 437.563 363.477 332.542 321.998 255.826 240.315 145.307
530.503 490.521 484.167 480.023 469.882 454.122 440.984 369.187 333.393 322.905 240.700 235.064 148.548
530.263 491.629 483.267 481.151 470.966 453.589 442.885 372.241 333.447 324.073 239.761 226.953 149.775
530.142 492.118 483.121 482.271 471.460 453.179 444.455 374.331 333.527 324.854 239.060 221.376 150.107
529.931 492.303 483.154 483.143 471.558 452.931 445.307 375.741 333.636 325.250 238.654 218.304 150.089
529.742 492.389 483.710 483.210 471.591 452.751 445.887 376.827 333.740 325.469 238.400 216.305 149.979
529.545 492.430 484.094 483.233 471.566 452.633 446.205 377.811 333.830 325.580 238.247 214.959 149.868
529.364 492.449 484.356 483.249 471.519 452.520 446.374 378.910 333.907 325.628 238.148 213.834 149.742
529.195 492.454 484.509 483.261 471.480 452.436 446.461 379.996 333.971 325.640 238.096 212.872 149.630
529.094 492.443 484.605 483.263 471.414 452.309 446.471 381.224 334.015 325.614 238.061 211.971 149.517
529.004 492.422 484.661 483.252 471.373 452.166 446.449 382.263 334.037 325.574 238.037 211.359 149.404
528.874 492.414 484.695 483.253 471.348 452.046 446.449 383.056 334.032 325.544 238.023 210.955 149.312
528.737 492.399 484.715 483.245 471.348 451.954 446.455 383.654 334.042 325.520 238.016 210.736 149.180
528.589 492.402 484.728 483.252 471.341 451.896 446.469 384.072 333.978 325.507 238.011 210.694 149.060
528.430 492.422 484.745 483.261 471.345 451.854 446.494 384.414 333.914 325.497 238.008 210.831 148.785
528.233 492.475 484.758 483.290 471.344 451.858 446.536 384.697 333.771 325.494 238.007 211.114 148.423
528.036 492.508 484.776 483.315 471.379 451.897 446.583 384.913 333.767 325.485 238.006 211.248 148.085
527.848 492.543 484.799 483.338 471.409 451.947 446.626 385.085 333.755 325.481 238.005 211.283 147.880
527.686 492.563 484.820 483.351 471.429 451.980 446.658 385.202 333.735 325.480 238.003 211.316 147.778
527.554 492.573 484.838 483.356 471.440 452.003 446.679 385.279 333.701 325.479 238.002 211.356 147.740
527.440 492.579 484.854 483.362 471.453 452.021 446.695 385.331 333.649 325.480 238.001 211.396 147.738
527.338 492.583 484.871 483.365 471.457 452.041 446.713 385.373 333.598 325.482 238.001 211.428 147.751
527.268 492.586 484.884 483.368 471.461 452.055 446.724 385.402 333.546 325.483 238.001 211.451 147.772
527.208 492.588 484.896 483.369 471.464 452.068 446.733 385.423 333.492 325.484 238.001 211.474 147.800
527.163 492.590 484.907 483.371 471.465 452.080 446.740 385.439 333.446 325.485 238.001 211.486 147.827
527.129 492.591 484.916 483.371 471.465 452.090 446.747 385.451 333.407 325.487 238.001 211.497 147.850
527.103 492.592 484.923 483.372 471.465 452.097 446.751 385.458 333.373 325.487 238.001 211.507 147.871
527.082 492.593 484.930 483.373 471.466 452.103 446.754 385.464 333.341 325.488 238.001 211.515 147.891
527.066 492.594 484.935 483.373 471.466 452.109 446.757 385.468 333.316 325.489 238.001 211.520 147.906
527.053 492.594 484.940 483.374 471.466 452.113 446.760 385.472 333.294 325.489 238.001 211.523 147.920
103.544 90.024 105.417 109.466 100.699 79.714 91.720 72.520 60.120 76.741 53.757 33.843 22.437
211.917 179.818 204.050 222.157 177.785 180.424 178.367 174.997 122.183 128.690 98.224 85.081 36.307
321.045 268.741 313.038 325.940 264.250 264.432 264.264 274.659 184.728 186.713 142.911 133.225 56.055
538.457 507.804 504.529 461.164 455.188 453.743 449.229 445.213 320.921 308.571 233.296 212.599 109.284
535.827 509.605 504.064 468.728 453.584 453.466 451.488 447.946 319.502 306.161 219.733 212.938 116.957
533.359 510.516 503.321 472.105 453.832 453.378 453.363 448.176 320.982 304.285 223.628 204.346 118.712
531.106 510.949 502.981 474.981 456.281 453.421 453.068 448.068 322.059 302.909 226.799 197.770 119.608
529.380 511.127 502.819 477.646 457.855 453.524 452.954 447.832 322.151 301.816 229.332 193.175 120.389
527.982 511.167 502.713 480.329 458.723 453.629 452.904 447.570 321.872 300.927 231.405 189.648 121.131
526.506 511.153 502.680 482.536 459.192 453.719 453.016 447.408 321.544 300.060 233.838 186.565 121.783
525.237 511.132 502.664 484.110 459.479 453.802 453.200 447.270 321.265 299.172 236.678 183.536 122.454
523.828 511.131 502.660 485.040 459.651 453.858 453.348 447.141 321.321 298.459 238.670 181.838 123.056
522.301 511.167 502.649 485.582 459.769 453.898 453.467 447.056 321.655 298.082 239.714 180.947 123.713
520.644 511.269 502.644 485.872 459.860 453.922 453.560 447.009 322.095 297.982 240.221 180.489 124.434
519.564 511.350 502.634 486.103 459.929 453.940 453.646 446.971 321.951 297.945 240.564 180.194 125.209
519.049 511.399 502.627 486.245 459.989 453.952 453.720 446.957 321.574 297.984 240.737 179.955 125.812
518.816 511.425 502.620 486.331 460.026 453.968 453.790 446.926 321.162 298.030 240.859 179.734 126.312
518.724 511.444 502.616 486.383 460.056 453.980 453.855 446.902 320.759 298.080 240.936 179.525 126.741
518.711 511.459 502.611 486.415 460.077 453.990 453.929 446.876 320.426 298.141 240.976 179.317 127.073
518.728 511.473 502.609 486.433 460.094 453.995 453.995 446.854 320.177 298.198 240.999 179.135 127.311
518.770 511.488 502.606 486.445 460.107 454.081 454.003 446.831 319.972 298.253 241.013 178.927 127.505
518.830 511.502 502.603 486.452 460.114 454.179 454.012 446.806 319.807 298.303 241.021 178.711 127.659
518.899 511.519 502.600 486.459 460.118 454.286 454.022 446.783 319.682 298.346 241.023 178.488 127.775
518.972 511.535 502.597 486.467 460.118 454.395 454.040 446.761 319.586 298.384 241.021 178.259 127.864
519.040 511.548 502.598 486.468 460.119 454.482 454.049 446.748 319.505 298.419 241.021 178.063 127.939
519.105 511.568 502.595 486.474 460.117 454.572 454.065 446.735 319.444 298.448 241.017 177.867 127.995
519.162 511.587 502.594 486.481 460.117 454.644 454.077 446.729 319.388 298.474 241.014 177.688 128.046
519.209 511.604 502.593 486.486 460.116 454.696 454.086 446.727 319.347 298.495 241.012 177.544 128.085
519.241 511.619 502.592 486.490 460.117 454.730 454.092 446.732 319.312 298.516 241.010 177.433 128.116
519.270 511.631 502.591 486.493 460.117 454.754 454.100 446.734 319.286 298.534 241.010 177.341 128.141
519.292 511.640 502.591 486.497 460.116 454.774 454.105 446.736 319.264 298.550 241.008 177.267 128.161
519.305 511.647 502.591 486.498 460.116 454.784 454.108 446.740 319.246 298.565 241.009 177.215 128.177
519.315 511.654 502.590 486.499 460.115 454.792 454.110 446.742 319.234 298.577 241.009 177.174 128.188
519.323 511.659 502.590 486.500 460.114 454.798 454.113 446.744 319.223 298.589 241.009 177.139 128.198
519.329 511.663 502.590 486.501 460.114 454.801 454.114 446.746 319.214 298.600 241.009 177.113 128.206
104.530 93.920 97.504 107.404 93.785 80.516 94.179 90.671 70.945 60.197 37.134 31.501 37.714
208.487 193.521 200.079 198.796 179.787 164.296 191.514 186.780 132.035 130.175 76.768 70.589 67.174
306.796 282.686 299.355 298.152 272.548 255.470 284.557 271.817 211.448 185.179 118.228 113.947 99.817
529.372 502.480 479.714 477.464 464.243 460.026 443.332 426.483 340.843 305.608 208.094 204.671 157.670
527.263 504.737 479.063 475.069 463.008 461.180 447.889 424.051 341.892 302.842 217.661 193.437 161.909
526.769 504.352 477.413 474.260 462.675 461.608 451.155 421.908 340.534 301.315 223.216 189.852 164.943
525.572 503.204 475.953 474.081 462.370 462.100 454.251 419.621 338.326 300.362 226.245 189.427 168.487
524.668 501.959 475.026 474.109 462.627 462.092 455.863 417.968 335.975 299.837 227.740 189.899 172.237
523.955 501.162 474.425 474.201 462.849 461.898 456.597 416.871 334.222 299.448 228.802 190.294 175.275
523.833 500.628 474.228 474.014 462.954 461.788 456.882 416.311 332.594 299.236 229.555 190.583 177.393
523.964 500.406 474.243 473.587 462.879 461.707 457.017 415.978 331.358 299.163 230.074 190.817 178.807
524.134 500.298 474.226 473.142 462.753 461.648 457.120 415.778 330.674 299.173 230.303 191.240 179.510
524.352 500.301 474.173 472.588 462.610 461.591 457.255 415.626 330.254 299.221 230.378 191.747 179.902
524.547 500.367 474.121 472.110 462.493 461.536 457.383 415.530 330.023 299.266 230.402 192.119 180.104
524.683 500.442 474.075 471.821 462.370 461.501 457.503 415.450 329.879 299.299 230.405 192.349 180.225
524.770 500.500 474.032 471.642 462.268 461.472 457.602 415.396 329.796 299.319 230.402 192.512 180.290
524.820 500.558 474.005 471.526 462.178 461.454 457.678 415.354 329.746 299.334 230.397 192.621 180.330
524.855 500.615 473.983 471.437 462.103 461.440 457.742 415.322 329.713 299.344 230.390 192.702 180.355
524.877 500.659 473.968 471.378 462.043 461.431 457.788 415.301 329.694 299.351 230.385 192.756 180.370
524.895 500.693 473.956 471.335 461.999 461.424 457.822 415.285 329.682 299.356 230.380 192.794 180.378
524.906 500.721 473.948 471.305 461.963 461.420 457.847 415.274 329.676 299.359 230.377 192.821 180.383
524.912 500.745 473.942 471.282 461.938 461.418 457.865 415.266 329.671 299.362 230.374 192.839 180.386
524.916 500.762 473.939 471.267 461.920 461.416 457.877 415.262 329.669 299.364 230.372 192.848 180.388
524.919 500.776 473.936 471.255 461.907 461.415 457.886 415.258 329.667 299.366 230.371 192.856 180.389
524.922 500.786 473.933 471.246 461.896 461.415 457.892 415.255 329.667 299.367 230.369 192.862 180.390
108.713 99.983 86.742 94.559 93.194 96.311 82.442 74.836 76.693 69.650 37.065 42.663 37.148
230.864 201.010 177.371 181.025 179.430 178.714 171.526 165.763 143.559 130.356 69.942 101.810 68.630
326.663 287.056 261.302 287.482 261.201 284.340 262.064 255.147 215.955 188.052 101.222 159.259 110.258
542.058 491.669 490.565 471.824 447.868 446.572 428.106 426.403 349.189 311.974 249.821 172.860 171.092
538.240 493.278 488.806 477.375 455.245 452.589 433.754 423.272 348.169 311.474 223.933 180.018 173.848
536.742 493.907 488.075 479.184 457.191 454.879 436.880 421.367 347.115 311.180 214.845 182.430 176.203
536.119 494.175 487.419 479.850 458.071 456.428 438.704 420.257 345.940 310.966 209.526 183.967 178.578
535.898 494.257 486.724 480.221 458.616 457.143 439.705 419.612 344.781 310.884 206.353 185.107 180.698
535.755 494.281 486.092 480.484 459.049 457.537 440.178 419.240 343.664 310.941 204.216 186.013 182.550
535.653 494.285 485.499 480.634 459.324 457.753 440.399 419.017 342.622 311.028 202.812 186.788 184.186
535.534 494.285 484.920 480.733 459.534 457.891 440.525 418.881 341.612 311.131 201.851 187.408 185.693
535.405 494.287 484.412 480.762 459.659 457.977 440.577 418.791 340.812 311.276 201.446 187.651 186.944
535.260 494.290 483.962 480.803 459.755 458.035 440.628 418.756 340.160 311.360 201.287 187.982 187.722
535.072 494.291 483.624 480.832 459.804 458.077 440.660 418.740 339.537 311.428 201.241 188.990 187.704
534.895 494.294 483.330 480.865 459.855 458.106 440.693 418.747 339.003 311.488 201.186 189.870 187.669
534.694 494.294 483.113 480.885 459.883 458.125 440.723 418.757 338.547 311.523 201.151 190.662 187.644
534.503 494.296 482.928 480.915 459.908 458.138 440.748 418.775 338.134 311.552 201.112 191.368 187.623
534.319 494.297 482.774 480.941 459.927 458.146 440.773 418.796 337.702 311.574 201.080 192.066 187.606
534.173 494.298 482.648 480.961 459.940 458.150 440.792 418.815 337.280 311.589 201.058 192.701 187.594
534.078 494.298 482.549 480.976 459.950 458.151 440.809 418.833 336.888 311.599 201.041 193.245 187.585
534.026 494.299 482.463 480.991 459.956 458.151 440.821 418.849 336.498 311.607 201.027 193.733 187.580
534.003 494.300 482.392 481.003 459.962 458.150 440.830 418.863 336.135 311.613 201.009 194.164 187.575
533.999 494.301 482.326 481.013 459.966 458.149 440.839 418.874 335.852 311.616 200.991 194.502 187.573
534.001 494.301 482.271 481.021 459.967 458.147 440.847 418.884 335.589 311.619 200.972 194.807 187.571
534.010 494.302 482.212 481.030 459.970 458.146 440.855 418.894 335.358 311.621 200.957 195.076 187.570
534.018 494.302 482.163 481.033 459.972 458.143 440.861 418.900 335.178 311.622 200.935 195.303 187.569
534.030 494.303 482.106 481.040 459.975 458.142 440.868 418.908 335.004 311.623 200.914 195.519 187.568
534.044 494.303 482.052 481.043 459.977 458.139 440.874 418.912 334.877 311.624 200.891 195.698 187.568
534.057 494.304 481.986 481.048 459.982 458.137 440.881 418.918 334.763 311.624 200.871 195.861 187.567
534.069 494.304 481.928 481.051 459.985 458.135 440.888 418.924 334.676 311.625 200.841 196.007 187.567
534.083 494.304 481.857 481.057 459.986 458.133 440.897 418.928 334.600 311.625 200.818 196.144 187.567
534.100 494.305 481.765 481.066 459.994 458.131 440.907 418.938 334.547 311.625 200.795 196.259 187.568
534.117 494.305 481.657 481.073 459.999 458.128 440.917 418.946 334.526 311.626 200.790 196.346 187.569
534.131 494.306 481.522 481.085 460.006 458.126 440.929 418.959 334.519 311.627 200.805 196.414 187.570
534.144 494.308 481.313 481.117 460.016 458.125 440.949 418.981 334.512 311.630 200.859 196.473 187.573
534.163 494.310 481.156 481.024 460.033 458.123 440.975 419.020 334.531 311.633 200.948 196.507 187.577
534.178 494.313 481.241 480.458 460.070 458.123 441.023 419.101 334.546 311.643 201.175 196.540 187.589
534.208 494.314 481.369 479.483 460.111 458.123 441.091 419.242 334.577 311.658 201.652 196.563 187.607
534.246 494.299 481.580 478.028 460.218 458.133 441.220 419.481 334.620 311.676 202.281 196.586 187.632
534.262 494.288 481.889 476.799 460.307 458.137 441.377 419.841 334.672 311.703 202.435 196.618 187.671
534.231 494.276 482.089 476.193 460.326 458.124 441.470 420.096 334.710 311.718 202.434 196.640 187.692
534.203 494.271 482.225 475.915 460.325 458.098 441.521 420.294 334.757 311.723 202.331 196.629 187.707
534.182 494.270 482.292 475.810 460.320 458.078 441.544 420.416 334.792 311.724 202.240 196.616 187.716
534.167 494.268 482.339 475.767 460.311 458.054 441.557 420.511 334.828 311.723 202.162 196.592 187.721
534.157 494.266 482.364 475.749 460.305 458.037 441.562 420.572 334.862 311.720 202.116 196.566 187.725
534.151 494.265 482.378 475.740 460.301 458.023 441.564 420.614 334.886 311.719 202.085 196.545 187.728
534.146 494.265 482.387 475.736 460.298 458.013 441.566 420.642 334.913 311.717 202.066 196.523 187.730
534.143 494.264 482.393 475.734 460.296 458.005 441.566 420.663 334.936 311.716 202.051 196.502 187.731
534.141 494.264 482.396 475.733 460.295 458.000 441.567 420.677 334.954 311.715 202.042 196.485 187.732
107.117 81.303 92.649 84.493 82.035 112.575 98.594 84.184 63.097 60.440 45.226 47.006 41.281
215.478 169.028 168.085 181.177 167.259 211.763 195.881 170.677 132.058 122.453 108.001 80.095 78.044
324.686 262.680 261.137 266.428 265.877 307.882 281.236 258.555 200.059 172.060 158.756 124.551 116.092
523.180 516.700 466.280 454.405 449.637 449.050 439.626 439.123 327.510 306.007 251.850 201.642 174.989
520.267 519.185 469.876 464.633 453.185 448.825 444.290 441.311 329.745 309.489 221.431 204.290 173.473
520.236 519.123 470.163 469.173 454.625 446.185 445.590 441.767 331.544 310.260 213.014 205.868 172.451
520.604 518.494 471.887 470.159 455.144 446.151 443.895 442.011 332.526 310.242 209.771 207.075 172.043
520.772 518.322 473.503 470.177 455.442 446.342 442.543 442.538 332.675 310.179 207.901 207.459 172.148
520.794 518.465 474.788 470.596 455.147 446.154 442.722 441.543 332.747 310.087 208.469 206.264 172.224
520.811 518.553 475.822 470.860 454.810 446.029 442.667 440.827 332.768 310.052 208.876 205.650 172.275
520.843 518.612 476.515 470.918 454.326 445.884 442.599 440.337 332.818 310.102 209.111 205.694 172.242
520.879 518.647 476.780 470.879 453.878 445.822 442.553 440.002 332.861 310.286 209.213 205.998 172.202
520.915 518.672 476.864 470.780 453.516 445.785 442.527 439.524 332.903 310.560 209.197 206.607 172.150
520.943 518.691 476.903 470.713 453.273 445.779 442.505 439.139 332.935 310.867 209.133 207.010 172.108
520.963 518.709 476.933 470.660 453.069 445.793 442.495 438.749 332.969 311.209 209.059 207.327 172.066
520.972 518.720 476.952 470.618 452.938 445.807 442.485 438.444 332.992 311.501 209.053 207.484 172.035
520.980 518.732 476.962 470.582 452.836 445.818 442.479 438.210 333.018 311.751 209.066 207.568 171.999
520.985 518.744 476.968 470.545 452.769 445.828 442.472 438.021 333.042 311.968 209.120 207.573 171.965
520.988 518.753 476.970 470.514 452.726 445.836 442.467 437.862 333.062 312.145 209.202 207.541 171.932
520.991 518.765 476.971 470.488 452.704 445.841 442.462 437.745 333.076 312.266 209.295 207.492 171.905
520.992 518.778 476.971 470.464 452.693 445.846 442.456 437.642 333.086 312.343 209.387 207.463 171.878
520.994 518.792 476.971 470.447 452.687 445.850 442.453 437.557 333.098 312.390 209.469 207.443 171.849
520.995 518.808 476.971 470.436 452.691 445.852 442.450 437.486 333.104 312.420 209.538 207.427 171.823
520.996 518.828 476.971 470.426 452.694 445.854 442.448 437.432 333.113 312.432 209.590 207.422 171.793
520.997 518.852 476.971 470.420 452.702 445.856 442.445 437.383 333.117 312.441 209.633 207.419 171.765
520.998 518.879 476.971 470.417 452.710 445.858 442.444 437.340 333.119 312.441 209.668 207.418 171.734
521.000 518.916 476.972 470.415 452.719 445.860 442.443 437.303 333.126 312.440 209.697 207.420 171.689
521.000 518.963 476.972 470.415 452.728 445.862 442.442 437.271 333.118 312.439 209.719 207.420 171.651
521.001 519.022 476.972 470.415 452.737 445.863 442.441 437.244 333.111 312.437 209.734 207.422 171.599
521.001 519.096 476.973 470.415 452.744 445.867 442.441 437.221 333.117 312.435 209.747 207.424 171.519
521.004 519.178 476.973 470.416 452.750 445.870 442.440 437.201 333.137 312.433 209.756 207.424 171.419
521.004 519.260 476.974 470.416 452.756 445.873 442.438 437.184 333.176 312.432 209.763 207.422 171.302
521.005 519.323 476.974 470.417 452.761 445.874 442.436 437.169 333.207 312.431 209.768 207.418 171.216
521.005 519.362 476.974 470.418 452.765 445.877 442.435 437.155 333.284 312.430 209.772 207.415 171.107
521.006 519.384 476.975 470.419 452.769 445.878 442.433 437.144 333.367 312.430 209.775 207.410 171.012
521.006 519.395 476.975 470.420 452.773 445.879 442.429 437.133 333.451 312.429 209.777 207.405 170.928
521.006 519.400 476.975 470.420 452.775 445.880 442.426 437.124 333.529 312.429 209.779 207.400 170.858
521.006 519.403 476.975 470.421 452.778 445.880 442.423 437.115 333.599 312.428 209.780 207.394 170.798
521.007 519.405 476.976 470.421 452.780 445.880 442.420 437.108 333.652 312.428 209.781 207.388 170.753
521.007 519.407 476.976 470.422 452.782 445.881 442.417 437.101 333.702 312.428 209.782 207.384 170.713
521.007 519.408 476.976 470.423 452.783 445.881 442.415 437.096 333.739 312.428 209.782 207.379 170.683
521.007 519.409 476.976 470.423 452.785 445.881 442.413 437.091 333.774 312.427 209.782 207.375 170.655
521.008 519.409 476.976 470.424 452.787 445.881 442.412 437.086 333.801 312.427 209.783 207.372 170.635
521.008 519.410 476.976 470.424 452.788 445.881 442.410 437.082 333.826 312.427 209.783 207.369 170.615
521.008 519.410 476.976 470.424 452.789 445.881 442.409 437.079 333.846 312.427 209.783 207.366 170.600
88.553 93.338 87.450 99.117 108.836 87.425 110.995 83.277 61.888 71.685 39.557 36.842 31.038
179.838 177.825 180.276 187.932 211.901 187.097 187.859 164.340 136.774 154.440 82.681 85.038 63.999
301.818 275.448 271.967 258.894 313.162 273.797 284.882 240.909 216.816 216.903 130.289 118.158 96.958
501.990 482.651 482.531 480.794 466.636 440.874 431.689 408.267 358.482 356.264 220.055 209.184 160.582
500.799 484.490 482.924 479.875 466.457 440.641 432.184 409.970 354.270 348.529 216.224 210.711 172.926
498.727 485.680 482.702 478.710 465.931 440.870 432.881 411.950 350.126 340.547 221.848 207.968 182.059
496.513 486.398 482.116 478.055 465.419 441.082 433.384 414.161 346.024 335.037 226.204 207.103 188.504
495.121 486.699 481.445 477.772 465.021 441.289 433.672 415.379 343.205 331.740 228.474 207.376 192.807
494.273 486.832 480.862 477.674 464.656 441.495 433.809 416.001 341.331 329.429 229.823 207.903 195.912
493.782 486.906 480.480 477.637 464.390 441.685 433.879 416.326 339.999 327.853 230.763 208.302 197.999
493.545 486.942 480.176 477.615 464.130 441.876 433.913 416.468 339.031 326.680 231.479 208.630 199.515
493.437 486.951 479.957 477.600 463.914 442.030 433.927 416.514 338.366 325.930 231.979 208.922 200.473
493.401 486.954 479.781 477.585 463.693 442.169 433.937 416.513 337.908 325.375 232.336 209.195 201.154
493.383 486.953 479.645 477.568 463.479 442.285 433.948 416.497 337.619 324.966 232.569 209.446 201.641
493.389 486.947 479.463 477.548 463.211 442.399 433.960 416.466 337.387 324.656 232.771 209.779 202.025
493.387 486.937 479.312 477.520 462.960 442.492 433.968 416.433 337.242 324.405 232.903 210.097 202.343
493.417 486.935 479.101 477.495 462.565 442.591 433.986 416.401 337.139 324.180 233.018 210.524 202.647
493.446 486.933 478.917 477.460 462.127 442.699 434.004 416.361 337.064 323.959 233.111 210.951 202.967
493.478 486.929 478.776 477.422 461.692 442.813 434.019 416.311 337.013 323.721 233.187 211.307 203.332
493.492 486.930 478.690 477.384 461.355 442.927 434.028 416.270 336.977 323.479 233.241 211.485 203.742
493.517 486.932 478.625 477.347 461.074 443.053 434.036 416.214 336.946 323.139 233.291 211.554 204.273
493.543 486.945 478.573 477.307 460.816 443.221 434.041 416.113 336.917 322.808 233.336 211.542 204.839
493.558 486.957 478.537 477.268 460.643 443.401 434.046 416.024 336.894 322.431 233.376 211.493 205.371
493.576 486.966 478.514 477.239 460.512 443.573 434.049 415.925 336.880 322.118 233.406 211.458 205.785
493.585 486.958 478.494 477.216 460.419 443.763 434.051 415.843 336.866 321.809 233.431 211.430 206.136
493.590 486.938 478.475 477.196 460.353 443.953 434.052 415.773 336.860 321.561 233.451 211.384 206.415
493.595 486.911 478.460 477.180 460.301 444.135 434.053 415.714 336.855 321.355 233.468 211.336 206.638
493.596 486.876 478.448 477.165 460.261 444.321 434.053 415.661 336.850 321.190 233.481 211.283 206.814
493.598 486.835 478.439 477.152 460.227 444.508 434.052 415.617 336.845 321.076 233.493 211.221 206.938
493.600 486.795 478.428 477.140 460.193 444.703 434.050 415.573 336.840 320.972 233.503 211.154 207.049
493.603 486.761 478.419 477.130 460.165 444.887 434.050 415.531 336.837 320.884 233.511 211.081 207.141
493.605 486.717 478.410 477.116 460.129 445.129 434.047 415.490 336.830 320.826 233.519 210.979 207.204
493.608 486.674 478.404 477.099 460.086 445.410 434.043 415.446 336.820 320.774 233.527 210.847 207.262
493.612 486.622 478.392 477.076 460.025 445.773 434.037 415.389 336.807 320.727 233.535 210.690 207.315
493.618 486.575 478.384 477.055 459.977 446.110 434.034 415.334 336.795 320.691 233.543 210.529 207.355
493.621 486.501 478.369 477.014 459.884 446.619 434.028 415.256 336.769 320.662 233.551 210.335 207.391
493.629 486.439 478.354 476.985 459.808 447.001 434.022 415.179 336.751 320.637 233.561 210.212 207.422
493.633 486.369 478.337 476.954 459.724 447.370 434.019 415.098 336.731 320.615 233.568 210.133 207.449
493.638 486.310 478.320 476.935 459.658 447.625 434.016 415.035 336.718 320.601 233.576 210.099 207.470
493.644 486.250 478.306 476.920 459.610 447.822 434.014 414.985 336.710 320.590 233.584 210.078 207.487
493.650 486.202 478.296 476.910 459.580 447.958 434.013 414.944 336.706 320.582 233.593 210.067 207.500
493.655 486.151 478.287 476.902 459.557 448.075 434.013 414.911 336.704 320.575 233.599 210.061 207.510
493.658 486.110 478.280 476.897 459.543 448.165 434.012 414.886 336.706 320.570 233.604 210.052 207.518
493.660 486.071 478.274 476.893 459.532 448.245 434.012 414.865 336.707 320.567 233.607 210.043 207.523
493.662 486.036 478.269 476.890 459.525 448.310 434.012 414.849 336.709 320.564 233.610 210.036 207.527
493.664 486.007 478.265 476.888 459.520 448.365 434.012 414.836 336.711 320.562 233.613 210.026 207.531
493.665 485.980 478.262 476.886 459.516 448.413 434.012 414.825 336.713 320.560 233.615 210.019 207.533
493.666 485.956 478.259 476.885 459.514 448.457 434.012 414.816 336.715 320.559 233.616 210.010 207.536
493.666 485.936 478.258 476.884 459.512 448.491 434.012 414.809 336.715 320.558 233.617 210.004 207.537
493.667 485.918 478.256 476.883 459.511 448.522 434.012 414.803 336.717 320.557 233.618 209.998 207.539
493.667 485.903 478.254 476.882 459.509 448.548 434.012 414.799 336.717 320.556 233.619 209.993 207.540
88.328 96.483 91.962 120.599 79.769 92.944 91.709 79.697 66.738 54.951 50.207 44.569 42.043
169.200 209.776 213.596 211.143 151.401 172.641 194.456 170.139 128.976 107.094 97.458 94.826 79.293
288.205 301.245 320.487 307.590 246.550 253.638 291.750 256.750 182.241 159.729 144.159 134.099 113.557
528.421 494.789 493.583 483.974 477.419 447.992 430.939 421.523 300.575 280.294 237.140 222.150 181.200
526.204 495.228 494.834 481.380 477.516 452.957 440.044 428.846 300.487 287.017 225.357 206.909 183.219
525.527 495.031 494.955 481.726 477.070 453.191 442.491 431.684 299.728 290.817 226.177 198.873 182.730
524.743 494.941 494.869 482.432 476.663 451.659 443.627 433.052 298.721 293.558 226.959 196.279 182.495
523.890 494.910 494.724 482.687 476.392 449.510 444.104 433.634 297.779 295.700 227.667 196.493 182.510
523.021 494.917 494.643 482.862 476.093 446.724 444.338 434.167 297.250 296.973 228.312 198.241 182.459
522.273 494.895 494.587 482.938 475.847 444.542 444.391 434.453 298.289 296.294 228.886 200.210 182.394
521.688 494.888 494.558 483.004 475.638 444.368 442.891 434.647 298.960 295.711 229.406 201.782 182.459
521.288 494.895 494.554 483.107 475.478 444.307 441.863 434.756 299.418 295.227 229.825 202.788 182.494
521.060 494.892 494.551 483.190 475.344 444.241 441.207 434.826 299.764 294.827 230.173 203.411 182.513
520.948 494.873 494.530 483.305 475.233 444.157 440.754 434.832 300.035 294.507 230.453 203.831 182.542
520.870 494.871 494.531 483.388 475.143 444.032 440.415 434.849 300.356 294.205 230.713 204.114 182.514
520.830 494.859 494.502 483.482 475.069 443.892 440.168 434.837 300.596 293.956 230.926 204.212 182.671
520.762 494.923 494.492 483.635 474.940 443.382 439.702 435.234 301.441 293.684 231.101 204.162 182.541
520.628 495.162 494.479 483.773 474.807 442.639 439.097 436.041 302.107 293.393 231.260 204.654 181.960
520.450 495.858 494.472 483.807 474.667 441.751 438.425 436.693 302.474 293.110 231.404 205.276 181.612
520.322 496.866 494.472 483.793 474.573 440.940 437.898 437.083 302.662 292.893 231.524 205.517 181.457
520.137 497.326 494.468 483.697 474.533 440.052 437.406 437.273 302.790 292.684 231.648 206.621 181.364
520.016 497.643 494.467 483.603 474.535 439.236 437.622 436.809 302.876 292.523 231.760 207.595 181.316
519.926 498.082 494.460 483.543 474.564 438.544 437.756 436.505 302.930 292.379 231.864 208.139 181.306
519.883 498.438 494.457 483.474 474.587 437.955 437.865 436.314 302.969 292.275 231.944 208.529 181.312
519.832 498.734 494.448 483.407 474.637 437.970 437.417 436.162 302.999 292.156 232.022 208.862 181.354
519.813 498.838 494.441 483.345 474.689 438.066 436.969 436.126 303.031 292.077 232.084 209.130 181.392
519.815 498.897 494.432 483.279 474.740 438.165 436.597 436.134 303.057 292.009 232.140 209.306 181.429
519.827 498.933 494.424 483.221 474.784 438.245 436.330 436.162 303.078 291.952 232.188 209.387 181.468
519.839 498.960 494.415 483.178 474.819 438.319 436.189 436.125 303.095 291.904 232.230 209.424 181.503
519.856 498.974 494.410 483.137 474.844 438.375 436.231 435.958 303.113 291.864 232.266 209.422 181.550
519.868 498.987 494.404 483.085 474.867 438.430 436.275 435.814 303.135 291.827 232.299 209.389 181.621
519.878 498.999 494.399 483.049 474.882 438.481 436.308 435.713 303.149 291.795 232.327 209.330 181.689
519.886 499.010 494.394 483.000 474.894 438.523 436.340 435.629 303.178 291.768 232.352 209.223 181.803
519.899 499.020 494.389 482.919 474.899 438.551 436.377 435.537 303.234 291.742 232.376 209.075 181.982
519.916 499.041 494.385 482.764 474.893 438.573 436.418 435.429 303.301 291.716 232.399 208.878 182.287
519.926 499.067 494.381 482.653 474.886 438.589 436.483 435.331 303.379 291.697 232.420 208.619 182.569
519.954 499.094 494.378 482.443 474.871 438.589 436.568 435.208 303.499 291.676 232.440 208.429 182.851
519.979 499.119 494.376 482.266 474.860 438.586 436.669 435.105 303.597 291.657 232.459 208.274 183.054
520.000 499.135 494.375 482.085 474.854 438.580 436.764 435.032 303.674 291.641 232.474 208.160 183.225
520.027 499.150 494.375 481.893 474.852 438.574 436.861 434.966 303.738 291.626 232.489 208.035 183.415
520.047 499.163 494.374 481.718 474.854 438.570 436.945 434.916 303.779 291.612 232.502 207.911 183.608
520.078 499.171 494.374 481.488 474.855 438.568 437.027 434.877 303.836 291.600 232.513 207.779 183.835
520.104 499.178 494.373 481.264 474.860 438.566 437.096 434.846 303.883 291.590 232.523 207.650 184.069
520.134 499.184 494.373 480.917 474.863 438.566 437.166 434.818 303.941 291.579 232.532 207.496 184.432
520.184 499.182 494.372 480.433 474.867 438.568 437.236 434.802 304.043 291.570 232.539 207.324 184.882
520.227 499.182 494.371 479.999 474.874 438.576 437.299 434.779 304.125 291.560 232.546 207.124 185.338
520.289 499.175 494.369 479.519 474.878 438.586 437.372 434.763 304.270 291.551 232.552 206.924 185.752
520.345 499.166 494.367 479.182 474.886 438.607 437.450 434.740 304.431 291.541 232.558 206.700 186.026
520.387 499.152 494.367 478.975 474.896 438.635 437.528 434.717 304.572 291.532 232.563 206.480 186.196
520.428 499.129 494.366 478.820 474.914 438.673 437.616 434.693 304.733 291.522 232.567 206.237 186.303
520.463 499.091 494.363 478.704 474.929 438.712 437.707 434.668 304.906 291.512 232.571 205.995 186.380
520.495 499.041 494.361 478.601 474.951 438.771 437.822 434.641 305.101 291.502 232.574 205.681 186.460
520.521 498.976 494.357 478.524 474.972 438.844 437.920 434.615 305.279 291.492 232.576 205.384 186.540
520.547 498.920 494.353 478.442 474.996 438.930 438.025 434.582 305.502 291.478 232.578 205.108 186.540
520.570 498.865 494.348 478.376 475.018 439.031 438.138 434.550 305.723 291.466 232.579 204.829 186.506
520.598 498.830 494.342 478.322 475.039 439.130 438.231 434.526 305.895 291.457 232.580 204.598 186.452
520.615 498.808 494.336 478.279 475.052 439.228 438.296 434.511 306.014 291.449 232.580 204.420 186.412
520.626 498.791 494.330 478.243 475.061 439.320 438.351 434.498 306.120 291.442 232.581 204.275 186.362
520.639 498.779 494.325 478.216 475.076 439.393 438.392 434.494 306.209 291.436 232.581 204.148 186.311
520.652 498.772 494.321 478.193 475.085 439.457 438.426 434.487 306.275 291.431 232.581 204.049 186.271
520.660 498.769 494.317 478.170 475.090 439.519 438.443 434.485 306.323 291.427 232.581 203.972 186.244
520.666 498.765 494.312 478.153 475.097 439.566 438.456 434.486 306.365 291.424 232.581 203.912 186.218
520.670 498.763 494.309 478.134 475.100 439.608 438.460 434.488 306.395 291.421 232.581 203.870 186.202
520.673 498.762 494.306 478.120 475.103 439.639 438.462 434.490 306.421 291.419 232.580 203.837 186.187
520.677 498.760 494.304 478.106 475.105 439.664 438.463 434.492 306.441 291.417 232.580 203.813 186.177
520.679 498.759 494.302 478.094 475.107 439.682 438.463 434.494 306.458 291.416 232.580 203.795 186.171
520.681 498.759 494.301 478.082 475.109 439.697 438.462 434.496 306.473 291.415 232.580 203.782 186.164
520.682 498.758 494.300 478.071 475.110 439.708 438.460 434.498 306.487 291.414 232.580 203.772 186.159
94.818 87.002 104.158 92.779 87.382 95.673 102.855 95.574 57.206 65.943 39.831 54.231 22.550
195.384 181.034 209.804 162.793 189.313 174.648 197.739 193.345 134.982 126.285 81.318 95.223 58.133
313.080 284.730 300.092 260.098 279.144 254.015 283.014 280.827 211.073 183.987 118.918 146.866 84.156
507.173 497.796 497.494 470.913 466.453 443.080 439.036 429.431 359.745 303.218 230.392 207.671 147.598
505.992 496.567 494.402 478.954 466.996 445.397 442.852 425.264 353.483 305.208 215.686 214.056 155.142
505.460 496.051 492.431 481.723 467.525 445.846 444.167 422.995 350.612 304.904 216.399 213.430 158.459
504.914 495.380 491.279 482.791 468.301 446.019 445.120 421.272 349.029 304.704 217.980 213.066 160.144
504.487 494.631 490.481 483.351 469.174 446.061 445.661 420.321 347.972 304.664 219.026 212.940 161.232
504.170 494.014 489.958 483.781 469.689 446.089 446.074 419.455 347.149 304.621 219.732 213.252 162.017
503.962 493.480 489.621 484.123 470.117 446.439 446.043 418.710 346.547 304.614 220.234 213.526 162.582
503.869 492.868 489.412 484.459 470.446 446.822 445.962 417.890 346.109 304.654 220.635 213.870 163.004
503.905 492.274 489.352 484.789 470.763 447.233 445.869 416.987 345.841 304.748 220.928 214.008 163.302
504.055 491.919 489.381 485.168 471.100 447.710 445.761 415.190 345.707 304.814 221.171 214.494 163.530
504.226 491.696 489.398 485.475 471.406 448.144 445.616 413.702 345.627 304.863 221.366 214.821 163.659
504.475 491.494 489.429 485.762 471.735 448.626 445.494 412.383 345.577 304.902 221.537 214.807 163.780
504.713 491.332 489.449 485.963 471.994 449.031 445.316 411.526 345.572 304.929 221.678 214.656 163.842
504.913 491.154 489.458 486.078 472.213 449.371 445.149 411.032 345.575 304.918 221.806 214.446 163.886
505.108 490.964 489.469 486.171 472.397 449.661 444.938 410.718 345.598 304.905 221.917 214.249 163.906
505.283 490.808 489.480 486.239 472.556 449.909 444.693 410.543 345.624 304.887 222.018 214.045 163.917
505.440 490.649 489.501 486.302 472.678 450.112 444.417 410.439 345.656 304.879 222.102 213.910 163.914
505.583 490.533 489.524 486.355 472.799 450.300 444.110 410.368 345.692 304.865 222.186 213.774 163.911
505.718 490.454 489.554 486.395 472.912 450.473 443.863 410.312 345.723 304.847 222.263 213.580 163.906
505.838 490.406 489.581 486.423 473.006 450.618 443.657 410.268 345.748 304.829 222.331 213.394 163.902
505.940 490.374 489.605 486.441 473.086 450.734 443.507 410.231 345.770 304.808 222.391 213.217 163.896
506.030 490.352 489.622 486.463 473.156 450.836 443.404 410.207 345.789 304.792 222.437 213.026 163.886
506.108 490.332 489.637 486.472 473.217 450.930 443.329 410.184 345.801 304.777 222.478 212.856 163.877
506.173 490.319 489.650 486.483 473.280 451.017 443.275 410.164 345.812 304.762 222.512 212.686 163.868
506.229 490.307 489.658 486.489 473.331 451.092 443.240 410.148 345.819 304.750 222.538 212.542 163.858
506.273 490.298 489.664 486.495 473.379 451.160 443.214 410.134 345.822 304.741 222.557 212.413 163.851
506.312 490.290 489.669 486.499 473.423 451.223 443.196 410.120 345.824 304.733 222.573 212.297 163.843
506.344 490.283 489.672 486.502 473.461 451.277 443.182 410.107 345.826 304.725 222.585 212.201 163.835
506.371 490.278 489.674 486.505 473.496 451.326 443.171 410.096 345.825 304.720 222.594 212.114 163.828
506.392 490.273 489.675 486.508 473.523 451.368 443.163 410.088 345.825 304.716 222.601 212.047 163.822
506.411 490.269 489.676 486.510 473.552 451.410 443.155 410.079 345.823 304.712 222.606 211.981 163.815
506.425 490.265 489.676 486.512 473.578 451.444 443.150 410.072 345.822 304.709 222.610 211.926 163.810
506.439 490.262 489.676 486.514 473.603 451.479 443.145 410.065 345.819 304.707 222.613 211.875 163.804
506.450 490.259 489.676 486.516 473.626 451.511 443.140 410.058 345.816 304.706 222.615 211.828 163.799
506.461 490.256 489.676 486.518 473.648 451.542 443.137 410.051 345.812 304.704 222.616 211.785 163.795
506.470 490.254 489.676 486.520 473.667 451.569 443.133 410.046 345.809 304.704 222.616 211.747 163.790
506.478 490.252 489.675 486.521 473.686 451.597 443.130 410.041 345.806 304.703 222.617 211.709 163.785
506.485 490.250 489.675 486.523 473.701 451.618 443.128 410.036 345.803 304.702 222.616 211.680 163.782
506.492 490.248 489.675 486.525 473.718 451.642 443.125 410.032 345.800 304.702 222.616 211.649 163.778
506.498 490.246 489.674 486.526 473.731 451.662 443.123 410.028 345.797 304.702 222.616 211.624 163.774
506.503 490.245 489.674 486.527 473.746 451.682 443.121 410.024 345.794 304.702 222.615 211.597 163.771
506.508 490.243 489.673 486.528 473.760 451.702 443.119 410.020 345.791 304.702 222.614 211.571 163.767
