0
0
0
0
2 1 3 4 0
5 6 10 9 17 13 0 14 11 18 15 4 1 3 2
11 10 17 9 61 13 14 65 62 0 18 15 66 1 3 4 2 5 6
11 10 9 17 61 13 14 65 62 0 18 15 66 3 1 2 6
11 10 17 9 13 61 14 65 62 18 0 15 66 3 1 2
11 17 10 9 13 61 14 65 62 18 0 15 66 3 1 2
11 17 10 13 9 61 14 65 62 18 0 15 66 3 1 2
11 17 10 13 9 14 61 65 62 18 0 15 3 66 1 2
11 17 10 13 9 14 61 65 62 18 0 15 3 66 1 2
11 17 10 13 9 14 61 65 0 62 18 15 3 66 2
11 10 17 13 9 14 61 65 0 62 18 15 3 66 2
11 10 17 13 9 14 61 65 0 62 18 15 3 66
11 10 17 13 9 14 61 65 0 62 18 15 3 66
11 10 17 13 9 14 61 65 62 0 18 15 3 66
11 10 17 13 9 14 61 65 62 0 18 15 3 66
11 17 10 13 9 14 61 65 62 0 18 15 3 66
11 17 10 13 9 14 61 65 62 0 18 15 3 66
11 17 10 13 9 14 61 65 62 0 18 15 3 66
11 17 10 13 9 14 61 65 62 0 18 15 3 66
11 17 10 13 9 14 61 65 62 0 18 3 15 66
11 17 10 13 9 14 61 65 62 0 18 3 15 66
11 17 10 13 9 14 61 65 62 0 18 3 15 66
11 17 10 13 14 9 61 65 62 0 18 3 66 15
11 17 10 13 14 9 61 65 62 0 18 3 66 15
11 17 10 13 14 9 61 65 62 0 18 3 66 15
11 17 10 13 14 9 61 65 62 0 18 3 66 15
11 17 10 13 14 61 9 65 62 18 0 3 66 15
11 17 10 13 61 14 9 65 62 18 0 3 66 15
11 17 10 13 61 14 9 65 62 18 0 3 66 15
11 17 10 13 61 14 9 65 62 18 0 3 66 15
11 17 10 13 61 14 9 65 62 18 0 66 3 15
11 17 10 13 61 14 9 65 62 18 0 66 3 15
11 17 10 13 61 14 9 65 62 18 0 66 3 15
11 17 10 13 61 14 9 65 62 18 0 66 3 15
11 17 10 13 61 14 9 65 18 62 0 66 3 15
11 17 10 13 61 14 9 65 18 62 0 66 3 15
11 17 10 13 61 9 14 65 18 62 0 66 3 15
11 17 10 13 61 9 14 65 18 62 0 66 3 15
11 17 10 13 61 9 14 65 18 62 0 66 3 15
11 17 10 13 61 9 14 65 18 62 0 66 3 15
11 17 10 13 61 9 14 65 18 62 0 66 3 15
11 17 10 13 61 9 14 65 18 62 0 66 3 15
11 17 10 13 61 9 14 65 18 62 0 66 3 15
11 17 10 13 61 9 14 65 18 62 0 66 3 15
11 17 10 13 61 9 14 65 18 62 0 66 3 15
11 17 10 13 61 9 14 65 18 62 0 66 3 15
11 17 10 13 61 9 14 65 18 62 0 66 3 15
11 17 10 13 61 9 14 65 18 62 0 66 3 15
11 17 10 13 61 9 14 65 18 62 0 66 3 15
11 17 10 13 61 9 14 65 18 62 0 66 3 15
11 17 10 13 61 9 14 65 18 62 0 66 3 15
11 17 10 13 61 9 14 65 18 62 0 66 3 15
11 17 10 13 61 9 14 65 18 62 0 66 3 15
11 17 10 13 61 9 14 65 18 62 0 66 3 15
11 17 10 13 61 9 14 65 18 62 0 66 3 15
11 17 10 13 61 9 14 65 18 62 0 66 3 15
11 17 10 13 61 9 14 65 18 62 0 66 3 15
11 17 10 13 61 9 14 65 18 62 0 66 3 15
11 17 10 13 61 9 14 65 18 62 0 66 3 15
11 17 10 13 61 9 14 65 18 62 0 66 3 15
11 17 10 13 61 9 14 65 18 62 0 66 3 15
11 17 10 13 61 9 14 65 18 62 0 66 3 15
11 17 10 13 61 9 14 65 18 62 0 66 3 15
11 17 10 13 61 9 14 65 18 62 0 66 3 15
11 17 10 13 61 9 14 65 18 62 0 66 3 15
11 17 10 13 61 9 14 65 18 62 0 66 3 15
11 17 10 13 61 9 14 65 18 62 0 66 3 15
11 17 10 13 61 9 14 65 18 62 0 66 3 15
11 17 10 13 61 9 14 65 18 62 0 66 3 15
11 17 10 13 61 9 14 65 18 62 0 66 3 15
11 17 10 13 61 9 14 65 18 62 0 66 3 15
11 17 10 13 61 9 14 65 18 62 0 66 3 15
11 17 10 13 61 9 14 65 18 62 0 66 3 15
11 17 10 13 61 9 14 65 18 62 0 66 3 15
11 17 10 13 61 9 14 65 18 62 0 66 3 15
11 17 10 13 61 9 14 65 18 62 0 66 3 15
0 1 2 3 4 5 6 7 8 9 10 11 12 13
0 1 2 3 4 5 6 7 8 9 10 11 12 13
0 1 2 3 4 5 6 7 8 9 10 11 12 13
10 0 12 2 7 4 6 3 1 5 11 9 13 8
7 14 18 4 22 6 15 19 3 26 23 27 28 1 12 2 0 10 5 11 9 13 8
7 18 22 14 4 15 6 19 3 26 23 27 28 12 1 10 5 0 2 11 9 13 8
7 18 22 14 4 15 6 19 3 26 23 27 28 12 1 10 5 0 2 11 9 13 8
18 7 22 14 4 15 19 6 3 26 23 27 12 1 5 0 2 9 13
18 7 22 15 14 4 6 19 3 26 23 27 0 1 5 2 13
18 7 22 15 14 4 6 19 3 26 23 27 0 1 5 2
2 7 22 15 14 4 6 19 3 26 23 27 0 1 5
2 7 22 15 14 4 6 5 3 26 23 27 0 1
2 7 22 15 14 4 6 5 3 26 23 27 0 1
2 7 22 15 14 4 6 5 3 26 23 27 0 1
2 7 22 15 14 4 6 5 3 26 23 27 0 1
2 7 22 15 14 6 4 5 3 26 23 27 0 1
2 7 22 15 14 6 4 5 3 26 23 27 0 1
2 7 22 15 14 6 4 5 3 26 23 27 0 1
2 7 22 15 14 6 4 5 3 26 23 27 0 1
2 7 22 15 6 14 4 5 3 26 23 27 0 1
2 7 22 15 6 14 4 5 3 26 23 27 0
2 7 22 15 6 14 4 5 3 26 23 27 0
2 7 22 15 6 14 4 5 3 26 23 27 0
2 15 7 22 6 14 4 5 3 26 23 27 0
2 15 7 22 6 14 4 5 3 26 23 27 0
2 15 7 6 22 14 4 5 3 26 23 27 0
15 2 7 6 22 4 14 5 3 26 23 27 0
15 2 7 6 22 4 14 5 3 26 23 27 0
15 2 7 6 22 4 14 5 3 26 23 27 0
15 2 7 6 22 14 4 5 3 26 23 27 0
15 2 7 6 22 14 4 5 3 26 23 27 0
15 2 7 6 22 14 4 5 3 26 23 27 0
15 2 7 6 22 14 4 5 3 26 23 27 0
15 2 7 6 22 14 4 5 3 26 23 27 0
15 2 7 6 22 14 4 5 3 26 23 27 0
15 2 7 6 22 14 4 5 3 26 23 27 0
15 2 7 6 22 14 4 5 3 26 23 27 0
15 2 7 6 22 14 4 5 3 26 23 27 0
15 2 7 6 22 14 4 5 3 26 23 27 0
15 2 7 6 22 14 4 5 3 26 23 27 0
15 2 7 6 22 4 14 5 3 26 23 27 0
15 2 7 6 22 4 14 5 3 26 23 27 0
15 2 7 6 22 4 14 5 3 26 23 27 0
15 2 7 6 22 4 14 5 3 26 23 27 0
15 2 7 6 22 4 14 5 3 26 23 27 0
15 2 7 6 22 4 14 5 3 26 23 27 0
15 2 7 6 22 4 14 5 3 26 23 27 0
15 2 7 6 22 4 14 5 3 26 23 27 0
15 2 7 6 22 4 14 5 3 26 23 27 0
15 2 7 6 22 4 14 5 3 26 23 27 0
15 2 7 6 22 4 14 5 3 26 23 27 0
15 2 7 6 22 4 14 5 3 26 23 27 0
15 2 7 6 22 4 14 5 3 26 23 27 0
15 2 7 6 22 4 14 5 3 26 27 23 0
15 2 7 6 22 4 14 5 3 26 27 23 0
15 2 7 6 22 4 14 5 3 26 27 0 23
15 2 7 6 22 4 14 5 3 26 27 0 23
15 2 7 6 22 4 14 5 3 26 27 0 23
15 2 7 6 22 4 14 5 3 26 27 0 23
15 2 7 6 22 4 14 5 3 26 27 0 23
15 2 7 6 22 4 14 5 3 26 27 0 23
15 2 7 6 22 4 14 5 3 26 27 0 23
15 2 7 6 22 4 14 5 3 26 27 0 23
15 2 7 6 22 4 14 5 3 26 27 0 23
15 2 7 6 22 4 14 5 3 26 27 0 23
15 2 7 6 22 4 14 5 3 26 27 0 23
15 2 7 6 22 4 14 5 3 26 27 0 23
15 2 7 6 22 4 14 5 3 26 27 0 23
15 2 7 6 22 4 14 5 3 26 27 0 23
15 2 6 7 22 4 14 5 3 26 27 0 23
15 2 6 7 22 4 14 5 3 26 27 23 0
15 2 6 7 22 4 14 5 3 26 27 23 0
15 2 6 7 22 4 14 5 3 26 27 23 0
15 2 6 7 22 4 14 5 3 26 27 23 0
15 2 6 7 22 4 14 5 3 26 27 23 0
15 2 6 7 22 4 14 5 3 26 27 23 0
15 2 6 7 22 4 14 5 3 26 27 23 0
15 2 6 7 22 4 14 5 3 26 27 23 0
15 2 6 7 22 4 14 5 3 26 27 23 0
15 2 6 7 22 4 14 5 3 26 27 23 0
15 2 6 7 22 4 14 5 3 26 27 23 0
15 2 6 7 22 4 14 5 3 26 27 23 0
15 2 6 7 22 4 14 5 3 26 27 23 0
15 2 6 7 22 4 14 5 3 26 27 23 0
15 2 6 7 22 4 14 5 3 26 27 23 0
15 2 6 7 22 4 14 5 3 26 27 23 0
15 2 6 7 22 4 14 5 3 26 27 23 0
15 2 6 7 22 4 14 5 3 26 27 23 0
15 2 6 7 22 4 14 5 3 26 27 23 0
15 2 6 7 22 4 14 5 3 26 27 23 0
15 2 6 7 22 4 14 5 3 26 27 23 0
15 2 6 7 22 4 14 5 3 26 27 23 0
15 2 6 7 22 4 14 5 3 26 27 23 0
15 2 6 7 22 4 14 5 3 26 27 23 0
15 2 6 7 22 4 14 5 3 26 27 23 0
15 2 6 7 22 4 14 5 3 26 27 23 0
15 2 6 7 22 4 14 5 3 26 27 23 0
15 2 6 7 22 4 14 5 3 26 27 23 0
15 2 6 7 22 4 14 5 3 26 27 23 0
15 2 6 7 22 4 14 5 3 26 27 23 0
15 2 6 7 22 4 14 5 3 26 27 23 0
15 2 6 7 22 4 14 5 3 26 27 23 0
15 2 6 7 22 4 14 5 3 26 27 23 0
15 2 6 7 22 4 14 5 3 26 27 23 0
15 2 6 7 22 4 14 5 3 26 27 23 0
15 2 6 7 22 4 14 5 3 26 27 23 0
15 2 6 7 22 4 14 5 3 26 27 23 0
15 2 6 7 22 4 14 5 3 26 27 23 0
15 2 6 7 22 4 14 5 3 26 27 23 0
15 2 6 7 22 4 14 5 3 26 27 23 0
15 2 6 7 22 4 14 5 3 26 27 23 0
15 2 6 7 22 4 14 5 3 26 27 23 0
15 2 6 7 22 4 14 5 3 26 27 23 0
15 2 6 7 22 4 14 5 3 26 27 23 0
15 2 6 7 22 4 14 5 3 26 27 23 0
15 2 6 7 22 4 14 5 3 26 27 23 0
15 2 6 7 22 4 14 5 3 26 27 23 0
15 2 6 7 22 4 14 5 3 26 27 23 0
15 2 6 7 22 4 14 5 3 26 27 23 0
15 2 6 7 22 4 14 5 3 26 27 23 0
15 2 6 7 22 4 14 5 3 26 27 23 0
0 1 2 3 4 5 6 7 8 9 10 11 12
0 1 2 3 4 5 6 7 8 9 10 11 12
0 1 2 3 4 5 6 7 8 9 10 11 12
0 3 2 1 5 6 4 7 8 9 12 10 11
0 3 2 1 5 6 4 7 8 9 10 12 11
0 3 2 1 5 6 4 7 8 9 10 12 11
0 3 2 1 5 6 4 7 8 9 10 12 11
0 3 2 1 5 6 4 7 8 9 10 12 11
0 3 1 2 5 6 4 7 8 9 10 12 11
0 3 1 2 5 6 4 7 8 9 10 12 11
0 3 1 2 5 6 4 7 8 9 10 12 11
0 3 1 2 5 6 4 7 8 9 10 12 11
0 3 1 2 5 6 4 7 8 9 10 12 11
0 3 1 2 5 6 4 7 8 9 10 12 11
0 3 1 2 5 6 4 7 8 9 10 12 11
0 3 1 2 5 6 4 7 8 9 10 12 11
0 3 1 2 5 6 4 7 8 9 10 12 11
0 3 1 2 5 6 4 7 8 9 10 12 11
0 3 1 2 5 6 4 7 8 9 10 12 11
0 3 1 2 5 6 4 7 8 9 10 12 11
0 3 1 2 5 6 4 7 8 9 10 12 11
0 3 1 2 5 6 4 7 8 9 10 12 11
0 3 1 2 5 6 4 7 8 9 10 12 11
0 3 1 2 5 6 4 7 8 9 10 12 11
0 3 1 2 5 6 4 7 8 9 10 12 11
0 3 1 2 5 6 4 7 8 9 10 12 11
0 3 1 2 5 6 4 7 8 9 10 12 11
0 3 1 2 5 6 4 7 8 9 10 12 11
0 3 1 2 5 6 4 7 8 9 10 12 11
0 3 1 2 5 6 4 7 8 9 10 12 11
0 3 1 2 5 6 4 7 8 9 10 12 11
0 3 1 2 5 6 4 7 8 9 10 12 11
0 3 1 2 5 6 4 7 8 9 10 12 11
0 1 2 3 4 5 6 7 8 9 10 11 12
0 1 2 3 4 5 6 7 8 9 10 11 12
0 1 2 3 4 5 6 7 8 9 10 11 12
0 3 2 6 1 7 4 5 8 9 11 10 12
0 3 2 6 7 1 4 5 8 9 10 11 12
0 3 2 6 4 7 1 5 8 9 10 11 12
0 3 2 6 4 1 7 5 8 9 10 11 12
0 3 2 6 4 1 7 5 8 9 10 11 12
0 3 2 6 4 1 7 5 8 9 10 11 12
0 3 2 6 4 1 7 5 8 9 10 11 12
0 3 2 6 4 1 7 5 8 9 10 11 12
0 3 2 6 4 1 7 5 8 9 10 11 12
0 3 2 6 4 1 7 5 8 9 10 11 12
0 3 2 6 4 1 7 5 8 9 10 11 12
0 3 2 6 4 1 7 5 8 9 10 11 12
0 3 2 6 4 1 7 5 8 9 10 11 12
0 3 2 6 4 1 7 5 8 9 10 11 12
0 3 2 6 4 1 7 5 8 9 10 11 12
0 3 2 6 4 1 7 5 8 9 10 11 12
0 3 2 6 4 1 7 5 8 9 10 11 12
0 3 2 6 4 7 1 5 8 9 10 11 12
0 3 2 6 4 7 1 5 8 9 10 11 12
0 3 2 6 4 7 1 5 8 9 10 11 12
0 3 2 6 4 7 1 5 8 9 10 11 12
0 3 2 6 4 7 1 5 8 9 10 11 12
0 3 2 6 4 7 1 5 8 9 10 11 12
0 3 2 6 4 7 1 5 8 9 10 11 12
0 3 2 6 4 7 1 5 8 9 10 11 12
0 3 2 6 4 7 1 5 8 9 10 11 12
0 3 2 6 4 7 1 5 8 9 10 11 12
0 3 2 6 4 7 1 5 8 9 10 11 12
0 3 2 6 4 7 1 5 8 9 10 11 12
0 3 2 6 4 7 1 5 8 9 10 11 12
0 3 2 6 4 7 1 5 8 9 10 11 12
0 3 2 6 4 7 1 5 8 9 10 11 12
0 1 2 3 4 5 6 7 8 9 10 11 12
0 1 2 3 4 5 6 7 8 9 10 11 12
0 1 2 3 4 5 6 7 8 9 10 11 12
0 2 3 1 6 4 7 5 8 9 10 11 12
0 2 3 1 6 4 7 5 8 9 10 11 12
0 2 3 1 6 4 7 5 8 9 10 11 12
0 2 3 1 6 4 7 5 8 9 10 11 12
0 2 3 1 4 6 7 5 8 9 10 11 12
0 2 3 1 4 6 7 5 8 9 10 11 12
0 2 1 3 4 6 7 5 8 9 10 11 12
0 2 1 3 4 6 7 5 8 9 10 11 12
0 2 1 3 4 6 7 5 8 9 10 11 12
0 2 1 3 4 6 7 5 8 9 10 11 12
0 2 1 3 4 6 7 5 8 9 10 11 12
0 2 1 3 4 6 7 5 8 9 10 11 12
0 2 1 3 4 6 7 5 8 9 10 11 12
0 2 1 3 4 6 7 5 8 9 10 11 12
0 2 1 3 4 6 7 5 8 9 10 11 12
0 2 1 3 4 6 7 5 8 9 10 11 12
0 2 1 3 4 6 7 5 8 9 10 11 12
0 2 1 3 4 6 7 5 8 9 10 11 12
0 2 1 3 4 6 7 5 8 9 10 11 12
0 2 1 3 4 6 7 5 8 9 10 11 12
0 2 1 3 4 6 7 5 8 9 10 11 12
0 2 1 3 4 6 7 5 8 9 10 11 12
0 1 2 3 4 5 6 7 8 9 10 11 12
0 1 2 3 4 5 6 7 8 9 10 11 12
0 1 2 3 4 5 6 7 8 9 10 11 12
0 5 1 3 6 2 4 7 8 9 11 10 12
0 5 1 3 6 2 4 7 8 9 11 10 12
0 5 1 3 6 2 4 7 8 9 11 10 12
0 5 1 3 6 2 4 7 8 9 11 10 12
0 5 1 3 6 2 4 7 8 9 11 10 12
0 5 1 3 6 2 4 7 8 9 11 10 12
0 5 1 3 6 2 4 7 8 9 11 10 12
0 5 1 3 6 2 4 7 8 9 11 10 12
0 5 1 3 6 2 4 7 8 9 11 10 12
0 5 1 3 6 2 4 7 8 9 11 12 10
0 5 1 3 6 2 4 7 8 9 11 12 10
0 5 1 3 6 2 4 7 8 9 11 12 10
0 5 1 3 6 2 4 7 8 9 11 12 10
0 5 1 3 6 2 4 7 8 9 11 12 10
0 5 1 3 6 2 4 7 8 9 11 12 10
0 5 1 3 6 2 4 7 8 9 11 12 10
0 5 1 3 6 2 4 7 8 9 11 12 10
0 5 1 3 6 2 4 7 8 9 11 12 10
0 5 1 3 6 2 4 7 8 9 11 12 10
0 5 1 3 6 2 4 7 8 9 11 12 10
0 5 1 3 6 2 4 7 8 9 11 12 10
0 5 1 3 6 2 4 7 8 9 11 12 10
0 5 1 3 6 2 4 7 8 9 11 12 10
0 5 1 3 6 2 4 7 8 9 11 12 10
0 5 1 3 6 2 4 7 8 9 11 12 10
0 5 1 3 6 2 4 7 8 9 11 12 10
0 5 1 3 6 2 4 7 8 9 11 12 10
0 5 1 3 6 2 4 7 8 9 11 12 10
0 5 1 3 6 2 4 7 8 9 11 12 10
0 5 1 3 6 2 4 7 8 9 11 12 10
0 5 1 3 6 2 4 7 8 9 11 12 10
0 5 1 3 6 2 4 7 8 9 11 12 10
0 5 3 1 6 2 4 7 8 9 11 12 10
0 5 3 1 6 2 4 7 8 9 11 12 10
0 5 3 1 6 2 4 7 8 9 11 12 10
0 5 3 1 6 2 4 7 8 9 11 12 10
0 5 3 1 6 2 4 7 8 9 11 12 10
0 5 3 1 6 2 4 7 8 9 11 12 10
0 5 3 1 6 2 4 7 8 9 11 12 10
0 5 3 1 6 2 4 7 8 9 11 12 10
0 5 3 1 6 2 4 7 8 9 11 12 10
0 5 3 1 6 2 4 7 8 9 11 12 10
0 5 3 1 6 2 4 7 8 9 11 12 10
0 5 3 1 6 2 4 7 8 9 11 12 10
0 5 3 1 6 2 4 7 8 9 11 12 10
0 5 3 1 6 2 4 7 8 9 11 12 10
0 1 2 3 4 5 6 7 8 9 10 11 12
0 1 2 3 4 5 6 7 8 9 10 11 12
0 1 2 3 4 5 6 7 8 9 10 11 12
0 5 4 3 7 6 2 1 8 9 10 12 11
0 5 4 3 6 7 2 1 8 9 10 12 11
5 0 4 3 6 7 2 1 8 9 10 12 11
5 0 3 4 6 2 7 1 8 9 10 12 11
5 0 3 4 6 2 1 7 8 9 12 10 11
5 0 3 4 6 2 1 7 8 9 12 10 11
5 0 3 4 6 2 1 7 8 9 12 10 11
5 0 3 4 6 2 1 7 8 9 12 10 11
5 0 3 4 6 2 1 7 8 9 12 10 11
5 0 3 4 6 2 1 7 8 9 12 10 11
5 0 3 4 6 2 1 7 8 9 12 10 11
5 0 3 4 6 2 1 7 8 9 12 10 11
5 0 3 4 6 2 1 7 8 9 12 10 11
5 0 3 4 6 2 1 7 8 9 12 10 11
5 0 3 4 6 2 1 7 8 9 12 10 11
5 0 3 4 6 2 1 7 8 9 12 10 11
5 0 3 4 6 2 1 7 8 9 12 10 11
5 0 3 4 6 2 1 7 8 9 12 10 11
5 0 3 4 6 2 1 7 8 9 12 10 11
5 0 3 4 6 2 1 7 8 9 12 10 11
5 0 3 4 6 2 1 7 8 9 12 10 11
5 0 3 4 6 2 1 7 8 9 12 10 11
5 0 3 4 6 2 1 7 8 9 12 10 11
5 0 3 4 6 2 1 7 8 9 12 10 11
5 0 3 4 6 2 1 7 8 9 12 10 11
5 0 3 4 6 2 1 7 8 9 12 10 11
5 0 3 4 6 2 1 7 8 9 12 10 11
5 0 3 4 6 2 1 7 8 9 12 10 11
5 0 3 4 6 2 1 7 8 9 12 10 11
5 0 3 4 6 2 1 7 8 9 12 10 11
5 0 3 4 6 2 1 7 8 9 12 10 11
5 0 3 4 6 2 1 7 8 9 12 10 11
5 0 3 4 6 2 1 7 8 9 12 10 11
5 0 3 4 6 2 1 7 8 9 12 10 11
5 0 3 4 6 2 1 7 8 9 12 10 11
5 0 3 4 6 2 1 7 8 9 12 10 11
5 0 3 4 6 2 1 7 8 9 12 10 11
5 0 3 4 6 2 1 7 8 9 12 10 11
5 0 3 4 6 2 1 7 8 9 12 10 11
5 0 3 4 6 2 1 7 8 9 12 10 11
5 0 3 4 6 2 1 7 8 9 12 10 11
5 0 3 4 6 2 1 7 8 9 12 10 11
0 1 2 3 4 5 6 7 8 9 10 11 12
0 1 2 3 4 5 6 7 8 9 10 11 12
0 1 2 3 4 5 6 7 8 9 10 11 12
0 4 1 6 5 3 2 7 8 9 11 10 12
0 4 1 6 5 3 2 7 9 8 10 11 12
0 4 1 6 5 3 2 7 9 8 10 11 12
0 4 1 6 5 3 2 7 9 8 10 11 12
0 4 1 6 5 3 2 7 9 8 10 11 12
0 4 1 6 5 3 2 7 9 8 10 11 12
0 4 1 6 5 3 2 7 9 8 10 11 12
0 4 1 6 5 3 2 7 9 8 10 11 12
0 4 1 6 5 3 2 7 9 8 10 11 12
0 4 1 6 5 3 2 7 9 8 10 11 12
0 4 1 6 5 3 2 7 9 8 10 11 12
0 4 1 6 5 3 2 7 9 8 10 11 12
0 4 1 6 5 3 2 7 9 8 10 11 12
0 4 1 6 5 3 2 7 9 8 10 11 12
0 4 1 6 5 3 2 7 9 8 10 11 12
0 4 1 6 5 3 2 7 9 8 10 11 12
0 4 1 6 5 3 2 7 9 8 10 11 12
0 4 1 6 5 3 2 7 9 8 10 11 12
0 4 1 6 5 3 2 7 9 8 10 11 12
0 4 1 6 5 3 2 7 9 8 10 11 12
0 4 1 6 5 3 2 7 9 8 10 11 12
0 4 1 6 5 3 2 7 9 8 10 11 12
0 4 1 6 5 3 2 7 9 8 10 11 12
0 4 1 6 5 3 2 7 9 8 10 11 12
0 4 1 6 5 3 2 7 9 8 10 11 12
0 4 1 6 5 3 2 7 9 8 10 11 12
0 4 1 6 5 3 2 7 9 8 10 11 12
0 4 1 6 5 3 2 7 9 8 10 11 12
0 4 1 6 5 3 2 7 9 8 10 11 12
0 4 1 6 5 3 2 7 9 8 10 11 12
0 4 1 6 5 3 2 7 9 8 10 11 12
0 4 1 6 5 3 2 7 9 8 10 11 12
0 4 1 6 5 3 2 7 9 8 10 11 12
0 4 1 6 5 3 2 7 9 8 10 11 12
0 4 1 6 5 3 2 7 9 8 10 11 12
0 4 1 6 5 3 2 7 9 8 10 11 12
0 4 1 6 5 3 2 7 9 8 10 11 12
0 4 1 6 5 3 2 7 9 8 10 11 12
0 4 1 6 5 3 2 7 9 8 10 11 12
0 4 1 6 5 3 2 7 9 8 10 11 12
0 4 1 6 5 3 2 7 9 8 10 11 12
0 4 1 6 5 3 2 7 9 8 10 11 12
0 4 1 6 5 3 2 7 9 8 10 11 12
0 4 1 6 5 3 2 7 9 8 10 11 12
0 4 1 6 5 3 2 7 9 8 10 11 12
0 4 1 6 5 3 2 7 9 8 10 11 12
0 4 1 6 5 3 2 7 9 8 10 11 12
0 4 1 6 5 3 2 7 9 8 10 11 12
0 1 2 3 4 5 6 7 8 9 10 11 12
0 1 2 3 4 5 6 7 8 9 10 11 12
0 1 2 3 4 5 6 7 8 9 10 11 12
2 0 3 1 6 5 4 7 8 9 11 10 12
2 0 3 1 6 5 4 7 8 9 10 11 12
2 0 3 1 6 5 4 7 8 9 10 11 12
2 3 0 1 6 5 4 7 8 9 10 11 12
2 3 0 1 6 5 4 7 8 9 10 11 12
2 3 0 1 6 5 4 7 9 8 10 11 12
2 3 0 1 6 5 4 7 9 8 10 11 12
2 3 0 1 6 4 5 7 9 8 10 11 12
2 3 0 1 6 4 5 7 9 8 10 11 12
2 3 0 1 6 4 5 7 9 8 10 11 12
2 3 0 1 6 4 5 7 9 8 10 11 12
2 3 0 1 6 4 5 7 9 8 10 11 12
2 3 0 1 6 4 5 7 9 8 10 11 12
2 3 0 1 6 4 5 7 9 8 10 11 12
2 3 0 1 6 4 5 7 9 8 10 11 12
2 3 0 1 6 4 5 7 9 8 10 11 12
2 3 0 1 6 4 5 7 9 8 10 11 12
2 3 0 1 6 4 7 5 9 8 10 11 12
2 3 0 1 6 4 7 5 9 8 10 11 12
2 3 0 1 6 4 7 5 9 8 10 11 12
2 3 0 1 6 4 7 5 9 8 10 11 12
2 3 0 1 6 7 4 5 9 8 10 11 12
2 3 0 1 6 7 4 5 9 8 10 11 12
2 3 0 1 6 7 4 5 9 8 10 11 12
2 3 0 1 6 7 4 5 9 8 10 11 12
2 3 0 1 6 7 5 4 9 8 10 11 12
2 3 0 1 6 7 5 4 9 8 10 11 12
2 3 0 1 6 7 5 4 9 8 10 11 12
2 3 0 1 6 7 5 4 9 8 10 11 12
2 3 0 1 6 7 5 4 9 8 10 11 12
2 3 0 1 6 7 5 4 9 8 10 11 12
2 3 0 1 6 7 5 4 9 8 10 11 12
2 3 0 1 6 7 5 4 9 8 10 11 12
2 3 0 1 6 7 5 4 9 8 10 11 12
2 3 0 1 6 7 5 4 9 8 10 11 12
2 3 0 1 6 7 5 4 9 8 10 11 12
2 3 0 1 6 7 5 4 9 8 10 11 12
2 3 0 1 6 7 5 4 9 8 10 11 12
2 3 0 1 6 7 5 4 9 8 10 11 12
2 3 0 1 6 7 5 4 9 8 10 11 12
2 3 0 1 6 7 5 4 9 8 10 11 12
2 3 0 1 6 7 5 4 9 8 10 11 12
2 3 0 1 6 7 5 4 9 8 10 11 12
2 3 0 1 6 7 5 4 9 8 10 11 12
2 3 0 1 6 7 5 4 9 8 10 11 12
2 3 0 1 6 7 5 4 9 8 10 11 12
2 3 0 1 6 7 5 4 9 8 10 11 12
2 3 0 1 6 7 5 4 9 8 10 11 12
2 3 0 1 6 7 5 4 9 8 10 11 12
2 3 0 1 6 7 5 4 9 8 10 11 12
2 3 0 1 6 7 5 4 9 8 10 11 12
2 3 0 1 6 7 5 4 9 8 10 11 12
2 3 0 1 6 7 5 4 9 8 10 11 12
2 3 0 1 6 7 5 4 9 8 10 11 12
2 3 0 1 6 7 5 4 9 8 10 11 12
2 3 0 1 6 7 5 4 9 8 10 11 12
2 3 0 1 6 7 5 4 9 8 10 11 12
2 3 0 1 6 7 5 4 9 8 10 11 12
2 3 0 1 6 7 5 4 9 8 10 11 12
2 3 0 1 6 7 5 4 9 8 10 11 12
2 3 0 1 6 7 5 4 9 8 10 11 12
2 3 0 1 6 7 5 4 9 8 10 11 12
2 3 0 1 6 7 5 4 9 8 10 11 12
2 3 0 1 6 7 5 4 9 8 10 11 12
2 3 0 1 6 7 5 4 9 8 10 11 12
0 1 2 3 4 5 6 7 8 9 10 11 12
0 1 2 3 4 5 6 7 8 9 10 11 12
0 1 2 3 4 5 6 7 8 9 10 11 12
2 0 1 7 6 4 3 5 8 9 11 10 12
2 1 0 7 6 4 3 5 8 9 11 10 12
2 1 0 7 6 4 3 5 8 9 10 11 12
2 1 0 7 6 4 3 5 8 9 10 11 12
2 1 0 7 6 4 3 5 8 9 10 11 12
2 1 0 7 6 3 4 5 8 9 10 11 12
2 1 0 7 6 3 4 5 8 9 10 11 12
2 1 0 7 6 3 4 5 8 9 10 11 12
2 1 0 7 6 3 4 5 8 9 10 11 12
2 1 0 7 6 3 4 5 8 9 10 11 12
2 1 0 7 6 3 4 5 8 9 10 11 12
2 1 0 7 6 3 4 5 8 9 10 11 12
2 1 0 7 6 3 4 5 8 9 10 11 12
2 1 0 7 6 3 4 5 8 9 10 11 12
2 1 0 7 6 3 4 5 8 9 10 11 12
2 1 0 7 6 3 4 5 8 9 10 11 12
2 1 0 7 6 3 4 5 8 9 10 11 12
2 1 0 7 6 3 4 5 8 9 10 11 12
2 1 0 7 6 3 4 5 8 9 10 11 12
2 1 0 7 6 3 4 5 8 9 10 11 12
2 1 0 7 6 3 4 5 8 9 10 11 12
2 1 0 7 6 3 4 5 8 9 10 11 12
2 1 0 7 6 3 4 5 8 9 10 11 12
2 1 0 7 6 3 4 5 8 9 10 11 12
2 1 0 7 6 3 4 5 8 9 10 11 12
2 1 0 7 6 3 4 5 8 9 10 11 12
2 1 0 7 6 3 4 5 8 9 10 11 12
2 1 0 7 6 3 4 5 8 9 10 11 12
2 1 0 7 6 3 4 5 8 9 10 11 12
2 1 0 7 6 3 4 5 8 9 10 11 12
2 1 0 7 6 3 4 5 8 9 10 11 12
2 1 0 7 6 3 4 5 8 9 10 11 12
2 1 0 7 6 3 4 5 8 9 10 11 12
2 1 0 7 6 3 4 5 8 9 10 11 12
2 1 0 7 6 3 4 5 8 9 10 11 12
2 1 0 7 6 3 4 5 8 9 10 11 12
2 1 0 7 6 3 4 5 8 9 10 11 12
2 1 0 7 6 3 4 5 8 9 10 11 12
2 1 0 7 6 3 4 5 8 9 10 11 12
2 1 0 7 6 3 4 5 8 9 10 11 12
2 1 0 7 6 3 4 5 8 9 10 11 12
2 1 0 7 6 3 4 5 8 9 10 11 12
