0.000
0.005
0.007
0.010
0.015
0.052
0.881
1.115
1.706
2.062
2.755
3.440
4.122
4.747
5.336
6.009
6.610
7.194
7.824
8.453
9.074
9.708
10.309
10.562
0.000
0.010
0.019
0.028
0.047
0.504
0.771
1.018
1.611
1.879
2.460
3.044
3.607
4.175
4.701
5.257
5.799
6.347
6.852
7.372
7.878
8.396
8.913
9.445
9.990
10.533
11.075
11.627
12.156
12.701
13.242
13.571
0.000
0.010
0.018
0.026
0.044
0.172
0.442
0.585
0.939
1.217
1.821
2.452
3.073
3.735
0.000
0.010
0.018
0.026
0.043
0.190
0.441
0.584
0.891
1.045
1.585
2.152
2.740
3.298
3.516
0.000
0.010
0.018
0.026
0.044
0.180
0.428
0.574
0.937
1.197
1.780
2.375
2.633
0.000
0.010
0.018
0.026
0.044
0.196
0.450
0.593
0.955
1.120
1.695
2.306
2.860
3.465
4.031
4.613
5.176
5.306
0.000
0.010
0.018
0.026
0.043
0.181
0.449
0.594
0.944
1.206
1.824
2.448
3.054
3.721
4.346
4.943
5.217
0.000
0.010
0.018
0.026
0.044
0.173
0.442
0.585
0.945
1.209
1.788
2.364
2.868
3.450
4.003
4.552
5.101
5.433
0.000
0.010
0.018
0.026
0.043
0.178
0.440
0.584
0.899
1.173
1.717
2.264
2.886
3.497
4.048
4.611
5.158
5.700
6.313
6.923
7.474
0.000
0.010
0.018
0.026
0.044
0.194
0.462
0.605
0.958
1.216
1.845
2.449
3.050
3.701
4.314
4.929
5.204
