0.004
0.007
0.010
0.014
0.051
0.584
0.881
1.115
1.324
1.519
1.705
1.891
2.061
2.225
2.391
2.525
2.630
2.754
2.874
2.992
3.135
3.251
3.439
3.576
3.696
3.838
3.983
4.122
4.233
4.337
4.486
4.607
4.746
4.870
4.978
5.107
5.212
5.335
5.475
5.587
5.721
5.867
6.009
6.120
6.252
6.363
6.482
6.609
6.735
6.842
6.973
7.084
7.194
7.334
7.470
7.582
7.713
7.824
7.935
8.074
8.211
8.322
8.453
8.566
8.686
8.824
8.967
9.074
9.206
9.317
9.432
9.571
9.708
9.816
9.948
10.059
10.180
10.309
10.448
10.561
0.010
0.019
0.027
0.046
0.503
0.641
0.771
1.017
1.256
1.456
1.610
1.761
1.879
2.006
2.114
2.239
2.358
2.459
2.578
2.693
2.819
2.940
3.043
3.169
3.278
3.407
3.508
3.606
3.716
3.811
3.927
4.059
4.175
4.268
4.375
4.468
4.589
4.701
4.807
4.912
5.030
5.138
5.257
5.366
5.472
5.579
5.689
5.799
5.914
6.025
6.131
6.233
6.347
6.454
6.553
6.638
6.759
6.851
6.944
7.056
7.161
7.260
7.372
7.466
7.554
7.669
7.782
7.878
7.992
8.084
8.170
8.279
8.396
8.495
8.605
8.707
8.805
8.913
9.025
9.133
9.243
9.345
9.445
9.554
9.669
9.774
9.881
9.990
10.098
10.206
10.321
10.428
10.533
10.639
10.743
10.851
10.964
11.074
11.178
11.306
11.405
11.513
11.626
11.731
11.839
11.943
12.048
12.156
12.267
12.380
12.486
12.588
12.700
12.810
12.928
13.026
13.135
13.242
13.350
13.459
13.570
0.010
0.018
0.026
0.043
0.172
0.311
0.441
0.584
0.715
0.801
0.939
1.076
1.217
1.352
1.477
1.563
1.683
1.820
1.951
2.089
2.214
2.300
2.452
2.594
2.728
2.862
2.987
3.073
3.198
3.339
3.474
3.610
3.734
0.010
0.018
0.026
0.043
0.189
0.321
0.441
0.584
0.712
0.798
0.890
0.964
1.044
1.172
1.287
1.373
1.462
1.584
1.705
1.819
1.947
2.064
2.152
2.279
2.389
2.504
2.622
2.740
2.831
2.950
3.066
3.180
3.298
3.428
3.516
0.010
0.018
0.026
0.043
0.180
0.302
0.428
0.574
0.707
0.796
0.937
1.064
1.197
1.321
1.446
1.524
1.658
1.780
1.905
2.028
2.152
2.232
2.375
2.499
2.632
0.010
0.018
0.026
0.043
0.195
0.320
0.450
0.593
0.723
0.823
0.954
1.029
1.120
1.246
1.364
1.463
1.599
1.695
1.822
1.946
2.078
2.169
2.306
2.389
2.510
2.638
2.769
2.860
2.998
3.081
3.207
3.334
3.465
3.560
3.700
3.780
3.905
4.030
4.168
4.262
4.414
4.497
4.613
4.738
4.868
4.960
5.094
5.175
5.305
0.010
0.018
0.026
0.043
0.181
0.321
0.449
0.594
0.723
0.809
0.944
1.081
1.206
1.348
1.475
1.561
1.699
1.824
1.945
2.091
2.219
2.304
2.448
2.565
2.695
2.839
2.967
3.054
3.184
3.322
3.446
3.591
3.720
3.810
3.946
4.074
4.204
4.345
4.474
4.560
4.678
4.815
4.943
5.089
5.216
0.010
0.018
0.026
0.043
0.173
0.313
0.441
0.584
0.713
0.799
0.945
1.079
1.209
1.324
1.435
1.515
1.655
1.788
1.917
2.032
2.144
2.223
2.364
2.465
2.563
2.676
2.788
2.867
3.021
3.114
3.208
3.338
3.449
3.530
3.678
3.785
3.890
4.003
4.116
4.195
4.343
4.441
4.552
4.670
4.781
4.861
4.999
5.101
5.202
5.321
5.433
0.010
0.018
0.026
0.043
0.177
0.303
0.439
0.584
0.723
0.810
0.899
1.024
1.173
1.300
1.424
1.509
1.590
1.716
1.843
1.965
2.092
2.178
2.263
2.387
2.546
2.675
2.799
2.886
2.975
3.106
3.251
3.372
3.497
3.584
3.670
3.800
3.928
4.048
4.173
4.258
4.344
4.475
4.611
4.733
4.857
4.942
5.027
5.157
5.279
5.404
5.528
5.614
5.699
5.830
5.977
6.104
6.227
6.313
6.399
6.533
6.670
6.798
6.922
7.009
7.094
7.217
7.350
7.474
0.010
0.018
0.026
0.043
0.193
0.323
0.462
0.605
0.736
0.823
0.958
1.086
1.216
1.359
1.486
1.572
1.703
1.845
1.971
2.112
2.239
2.325
2.449
2.580
2.695
2.836
2.964
3.049
3.183
3.309
3.430
3.574
3.701
3.788
3.920
4.046
4.172
4.314
4.442
4.527
4.663
4.801
4.928
5.075
5.203
