2.853917453e+00
2.829029978e+00
2.817351884e+00
2.805875773e+00
2.259658589e+00
2.071785545e+00
1.999902786e+00
1.986342570e+00
1.979810262e+00
1.977546785e+00
1.976105329e+00
1.975265498e+00
1.974709176e+00
1.973812548e+00
1.971833843e+00
1.968518572e+00
1.967902944e+00
1.967714839e+00
1.967562903e+00
1.967223911e+00
1.966691979e+00
1.966437903e+00
1.966204206e+00
1.966008511e+00
1.965888800e+00
1.965740181e+00
1.965543832e+00
1.965376100e+00
1.965289652e+00
1.965212792e+00
1.965144638e+00
1.965089071e+00
1.965017122e+00
1.964924148e+00
1.964832165e+00
1.964756624e+00
1.964699518e+00
1.964665817e+00
1.964647398e+00
1.964636870e+00
1.964630951e+00
1.964626740e+00
1.964623974e+00
1.964621957e+00
1.964620411e+00
1.964619164e+00
1.964618155e+00
1.964617276e+00
1.964616582e+00
1.964615982e+00
1.964615493e+00
1.964615083e+00
1.964614719e+00
1.964614430e+00
1.964614169e+00
1.964613939e+00
1.964613754e+00
1.964613592e+00
1.964613449e+00
1.964613333e+00
1.964613232e+00
1.964613146e+00
1.964613074e+00
1.964613011e+00
1.964612959e+00
1.964612915e+00
1.964612878e+00
1.964612846e+00
1.964612818e+00
1.964612795e+00
1.964612775e+00
1.964612758e+00
1.964612745e+00
1.964612733e+00
1.964612723e+00
1.964612714e+00
1.964612707e+00
1.964612701e+00
1.964612696e+00
1.964612692e+00
1.984685023e+00
1.751151536e+00
1.651572820e+00
1.549438297e+00
1.262856241e+00
1.207983989e+00
1.192604091e+00
1.186022934e+00
1.181143364e+00
1.179479117e+00
1.178084520e+00
1.176483394e+00
1.175896136e+00
1.175793709e+00
1.175677964e+00
1.175606391e+00
1.175563805e+00
1.175528267e+00
1.175496308e+00
1.175471421e+00
1.175417754e+00
1.173509283e+00
1.172692921e+00
1.172277209e+00
1.172100586e+00
1.171955959e+00
1.171796526e+00
1.171649773e+00
1.171514169e+00
1.171368210e+00
1.171174565e+00
1.170930721e+00
1.170836088e+00
1.170787778e+00
1.170765072e+00
1.170753586e+00
1.170747165e+00
1.170743090e+00
1.170740091e+00
1.170736980e+00
1.170733052e+00
1.170727644e+00
1.170719172e+00
1.170701465e+00
1.170673594e+00
1.170655049e+00
1.170649071e+00
1.170646829e+00
1.170645196e+00
1.170643113e+00
1.170639227e+00
1.170630968e+00
1.170618079e+00
1.170607997e+00
1.170601590e+00
1.170597370e+00
1.170594576e+00
1.170592504e+00
1.170590993e+00
1.170589884e+00
1.170589037e+00
1.170588342e+00
1.170587749e+00
1.170587192e+00
1.170586595e+00
1.170585825e+00
1.170584606e+00
1.170582000e+00
1.170571616e+00
1.170507978e+00
1.170410702e+00
1.170343379e+00
1.170309024e+00
1.170252168e+00
1.170237308e+00
1.170232167e+00
1.170230510e+00
1.170229736e+00
1.170229246e+00
1.170228899e+00
1.170228657e+00
1.170228475e+00
1.170228339e+00
1.170228240e+00
1.170228161e+00
1.170228100e+00
1.170228048e+00
1.170228003e+00
1.170227966e+00
1.170227933e+00
1.170227902e+00
1.170227871e+00
1.170227837e+00
1.170227799e+00
1.170227750e+00
1.170227684e+00
1.170227577e+00
1.170227393e+00
1.170227020e+00
1.170226116e+00
1.170223331e+00
1.170213543e+00
1.170192911e+00
1.170184026e+00
1.170182589e+00
1.170182282e+00
1.170182154e+00
1.170182074e+00
1.170182020e+00
1.170181979e+00
1.170181950e+00
1.170181926e+00
1.170181907e+00
1.170181892e+00
1.170181879e+00
1.170181868e+00
1.170181858e+00
1.170181850e+00
1.170181843e+00
1.170181837e+00
1.170181832e+00
1.432559650e+00
1.282943649e+00
1.226223443e+00
1.171316498e+00
1.168945730e+00
1.168638527e+00
1.168568344e+00
1.168545270e+00
1.168535303e+00
1.168528961e+00
1.168521823e+00
1.168511110e+00
1.168500738e+00
1.168494673e+00
1.168491205e+00
1.168488783e+00
1.168486062e+00
1.168479542e+00
1.168463433e+00
1.168455568e+00
1.168453921e+00
1.168453159e+00
1.168452746e+00
1.168452500e+00
1.168452343e+00
1.168452244e+00
1.168452179e+00
1.168452138e+00
1.168452112e+00
1.168452096e+00
1.168452085e+00
1.168452078e+00
1.168452073e+00
1.382066721e+00
1.266002910e+00
1.214908822e+00
1.166803393e+00
1.163940582e+00
1.163520649e+00
1.163307742e+00
1.163185471e+00
1.163098985e+00
1.163024561e+00
1.162945351e+00
1.162901262e+00
1.162865035e+00
1.162831626e+00
1.162821029e+00
1.162818142e+00
1.162816803e+00
1.162815951e+00
1.162815330e+00
1.162814829e+00
1.162814351e+00
1.162813865e+00
1.162813380e+00
1.162812929e+00
1.162812532e+00
1.162812210e+00
1.162811974e+00
1.162811821e+00
1.162811733e+00
1.162811681e+00
1.162811652e+00
1.162811635e+00
1.162811626e+00
1.162811619e+00
1.162811615e+00
1.412960393e+00
1.263340758e+00
1.207803652e+00
1.170002404e+00
1.167035981e+00
1.166507521e+00
1.166147678e+00
1.165946764e+00
1.165858694e+00
1.165817517e+00
1.165796599e+00
1.165785956e+00
1.165777763e+00
1.165773128e+00
1.165771373e+00
1.165770604e+00
1.165770194e+00
1.165769957e+00
1.165769827e+00
1.165769758e+00
1.165769720e+00
1.165769698e+00
1.165769687e+00
1.165769681e+00
1.165769677e+00
1.437207172e+00
1.287871847e+00
1.229059764e+00
1.176965793e+00
1.174525915e+00
1.174254532e+00
1.174151218e+00
1.174103499e+00
1.174074889e+00
1.174051073e+00
1.174031039e+00
1.174020508e+00
1.174014709e+00
1.174010249e+00
1.174006472e+00
1.174003230e+00
1.174000319e+00
1.173997832e+00
1.173996131e+00
1.173995191e+00
1.173994637e+00
1.173994267e+00
1.173993994e+00
1.173993774e+00
1.173993585e+00
1.173993414e+00
1.173993247e+00
1.173993078e+00
1.173992896e+00
1.173992691e+00
1.173992456e+00
1.173992182e+00
1.173991865e+00
1.173991451e+00
1.173990826e+00
1.173989429e+00
1.173985207e+00
1.173966731e+00
1.173928756e+00
1.173911753e+00
1.173907166e+00
1.173906284e+00
1.173906113e+00
1.173906060e+00
1.173906038e+00
1.173906027e+00
1.173906021e+00
1.173906017e+00
1.173906015e+00
1.452865232e+00
1.292200609e+00
1.235717143e+00
1.181575769e+00
1.178821900e+00
1.178374076e+00
1.178221180e+00
1.178115575e+00
1.178038698e+00
1.177994589e+00
1.177962546e+00
1.177938655e+00
1.177930959e+00
1.177927233e+00
1.177924701e+00
1.177923013e+00
1.177921731e+00
1.177920625e+00
1.177919721e+00
1.177919074e+00
1.177918647e+00
1.177918367e+00
1.177918186e+00
1.177918062e+00
1.177917957e+00
1.177917848e+00
1.177917708e+00
1.177917502e+00
1.177917182e+00
1.177916694e+00
1.177916031e+00
1.177915331e+00
1.177914832e+00
1.177914590e+00
1.177914501e+00
1.177914464e+00
1.177914445e+00
1.177914432e+00
1.177914424e+00
1.177914418e+00
1.177914413e+00
1.177914410e+00
1.177914407e+00
1.177914406e+00
1.177914404e+00
1.426851385e+00
1.259086918e+00
1.197481681e+00
1.156109468e+00
1.153994703e+00
1.153485033e+00
1.153231361e+00
1.153123122e+00
1.153082165e+00
1.153065293e+00
1.153057128e+00
1.153053312e+00
1.153051110e+00
1.153049418e+00
1.153047615e+00
1.153045415e+00
1.153042749e+00
1.153039802e+00
1.153036947e+00
1.153034038e+00
1.153030401e+00
1.153026219e+00
1.153022988e+00
1.153021211e+00
1.153020284e+00
1.153019753e+00
1.153019403e+00
1.153019138e+00
1.153018914e+00
1.153018682e+00
1.153018403e+00
1.153018005e+00
1.153017372e+00
1.153016279e+00
1.153014644e+00
1.153012737e+00
1.153011315e+00
1.153010591e+00
1.153010286e+00
1.153010136e+00
1.153010053e+00
1.153010000e+00
1.153009965e+00
1.153009939e+00
1.153009921e+00
1.153009908e+00
1.153009899e+00
1.153009892e+00
1.153009887e+00
1.153009883e+00
1.153009880e+00
1.428431125e+00
1.281768463e+00
1.215173505e+00
1.174633557e+00
1.172083195e+00
1.171752342e+00
1.171593421e+00
1.171446339e+00
1.171370166e+00
1.171328237e+00
1.171310689e+00
1.171303215e+00
1.171299220e+00
1.171296187e+00
1.171292574e+00
1.171282125e+00
1.171198766e+00
1.171147391e+00
1.171121254e+00
1.171080262e+00
1.171062529e+00
1.171055234e+00
1.171044918e+00
1.171031605e+00
1.171026298e+00
1.171024742e+00
1.171023857e+00
1.171023282e+00
1.171022881e+00
1.171022556e+00
1.171022229e+00
1.171021819e+00
1.171021136e+00
1.171019729e+00
1.171016874e+00
1.171012955e+00
1.171010097e+00
1.171008690e+00
1.171007851e+00
1.171007106e+00
1.171006339e+00
1.171005380e+00
1.171004003e+00
1.171001671e+00
1.170997902e+00
1.170993192e+00
1.170989504e+00
1.170987318e+00
1.170985925e+00
1.170984689e+00
1.170983322e+00
1.170981613e+00
1.170979679e+00
1.170978061e+00
1.170976942e+00
1.170976297e+00
1.170975928e+00
1.170975681e+00
1.170975512e+00
1.170975395e+00
1.170975317e+00
1.170975264e+00
1.170975228e+00
1.170975204e+00
1.170975188e+00
1.170975176e+00
1.170975168e+00
1.170975161e+00
1.441954896e+00
1.284942235e+00
1.226006277e+00
1.167218834e+00
1.164551621e+00
1.164267941e+00
1.164154658e+00
1.164099462e+00
1.164069522e+00
1.164049194e+00
1.164025554e+00
1.163995462e+00
1.163949913e+00
1.163908779e+00
1.163893154e+00
1.163885933e+00
1.163881881e+00
1.163878787e+00
1.163875908e+00
1.163873141e+00
1.163870664e+00
1.163868880e+00
1.163867796e+00
1.163867172e+00
1.163866802e+00
1.163866575e+00
1.163866424e+00
1.163866322e+00
1.163866249e+00
1.163866197e+00
1.163866157e+00
1.163866125e+00
1.163866100e+00
1.163866080e+00
1.163866063e+00
1.163866049e+00
1.163866037e+00
1.163866026e+00
1.163866017e+00
1.163866009e+00
1.163866003e+00
1.163865997e+00
1.163865991e+00
1.163865986e+00
1.163865982e+00
